Eta  H  K  L  Epoch  Sec  ion1  Hubmon  scan_bar  Filters  Correct  Qmag  Energy  Graze  p_peak  p_total  p_del_s  p_nu_s  p_image  p_xcen  p_xsig  p_ycen  p_ysig  power  tempsp  gun_on  ion0  p_point
23.1 0.194824 -0.246573 5.99664 44874 1.0000007 282200 103745 6 2 499552.98 9.3867431 22.1003 23.1 89 1033514 225469 40776 0 0 0 0 0 0 0 553 310206 16757
23.106625 0.194824 -0.24588 5.99667 44876 1.0000007 282158 103712 6 2 499463.55 9.3867431 22.1003 23.106625 93 1032986 224537 40372 1 0 0 0 0 0 0 553 310151 16754
23.113375 0.194824 -0.245173 5.9967 44877 1.0000007 282191 103708 6 2 497138.24 9.3867431 22.1003 23.113375 91 1032267 225388 40270 2 0 0 0 0 0 0 553 310218 16676
23.12 0.194824 -0.24448 5.99673 44878 1.0000007 282122 103659 5 2 497645.04 9.3867431 22.1003 23.12 86 1032811 224364 40262 3 0 0 0 0 0 0 553 310123 16693
23.126625 0.194824 -0.243787 5.99676 44880 1.0000007 282170 103694 6 2 496899.75 9.3867431 22.1003 23.126625 87 1033313 225912 40688 4 0 0 0 0 0 0 553 310179 16668
23.133375 0.194824 -0.24308 5.99679 44881 1.0000007 282097 103652 5 2 498569.2 9.3867431 22.1003 23.133375 94 1033816 225626 40673 5 0 0 0 0 0 0 553 310095 16724
23.14 0.194824 -0.242387 5.99682 44883 1.0000007 282167 103656 5 2 497794.1 9.3867431 22.1003 23.14 88 1034996 225589 40640 6 0 0 0 0 0 0 553 310188 16698
23.146625 0.194824 -0.241693 5.99684 44884 1.0000007 282104 103685 5 2 499910.72 9.3867431 22.1003 23.146625 87 1034559 225436 40541 7 0 0 0 0 0 0 553 310108 16769
23.153375 0.194824 -0.240987 5.99687 44886 1.0000007 282036 103558 5 2 499910.72 9.3867431 22.1003 23.153375 89 1035146 224656 40318 8 0 0 0 0 0 0 553 310038 16769
23.16 0.194824 -0.240293 5.9969 44887 1.0000007 281966 103548 5 2 496810.31 9.3867431 22.1003 23.16 88 1033334 225166 40476 9 0 0 0 0 0 0 553 309980 16665
23.166625 0.194824 -0.2396 5.99693 44889 1.0000007 281833 103558 6 2 505097.94 9.3867431 22.1003 23.166625 86 1032832 224732 40638 10 0 0 0 0 0 0 553 309806 16943
23.173375 0.194824 -0.238894 5.99696 44890 1.0000007 281793 103500 6 2 498151.84 9.3867431 22.1003 23.173375 90 1034027 225225 40430 11 0 0 0 0 0 0 553 309782 16710
23.18 0.194824 -0.2382 5.99698 44892 1.0000007 281954 103488 5 2 498241.27 9.3867431 22.1003 23.18 96 1034376 225494 40359 12 0 0 0 0 0 0 553 309956 16713
23.186625 0.194824 -0.237507 5.99701 44893 1.0000007 281751 103419 5 2 504203.59 9.3867431 22.1003 23.186625 89 1032428 225113 40947 13 0 0 0 0 0 0 553 309734 16913
23.193375 0.194824 -0.2368 5.99704 44895 1.0000007 281770 103478 6 2 500268.46 9.3867431 22.1003 23.193375 90 1033967 224093 40441 14 0 0 0 0 0 0 553 309771 16781
23.2 0.194824 -0.236107 5.99707 44896 1.0000007 281758 103439 6 2 502921.69 9.3867431 22.1003 23.2 85 1033843 225196 40649 15 0 0 0 0 0 0 553 309752 16870
23.206625 0.194824 -0.235413 5.99709 44898 1.0000007 281852 103492 5 2 502474.52 9.3867431 22.1003 23.206625 86 1035358 225300 40736 16 0 0 0 0 0 0 553 309859 16855
23.213375 0.194824 -0.234707 5.99712 44899 1.0000007 281667 103392 5 2 498956.75 9.3867431 22.1003 23.213375 99 1036072 225416 40191 17 0 0 0 0 0 0 553 309651 16737
23.22 0.194824 -0.234013 5.99715 44901 1.0000007 281801 103426 6 2 499016.37 9.3867431 22.1003 23.22 88 1036194 225777 40417 18 0 0 0 0 0 0 553 309820 16739
23.226625 0.194824 -0.23332 5.99718 44902 1.0000007 281819 103477 6 2 503577.55 9.3867431 22.1003 23.226625 87 1037335 226582 40725 19 0 0 0 0 0 0 553 309841 16892
23.233375 0.194824 -0.232613 5.9972 44904 1.0000007 281683 103424 6 2 504680.58 9.3867431 22.1003 23.233375 88 1036706 226148 41007 20 0 0 0 0 0 0 553 309697 16929
23.24 0.194824 -0.23192 5.99723 44905 1.0000007 281748 103385 5 2 497764.29 9.3867431 22.1003 23.24 89 1036150 226256 40787 21 0 0 0 0 0 0 553 309759 16697
23.246625 0.194824 -0.231227 5.99726 44907 1.0000007 281734 103399 5 2 500119.4 9.3867431 22.1003 23.246625 91 1036493 226202 40740 22 0 0 0 0 0 0 553 309745 16776
23.253375 0.194824 -0.23052 5.99728 44908 1.0000007 281574 103367 6 2 499523.17 9.3867431 22.1003 23.253375 95 1037161 226873 40496 23 0 0 0 0 0 0 553 309595 16756
23.26 0.194824 -0.229827 5.99731 44910 1.0000007 281534 103331 5 2 503816.04 9.3867431 22.1003 23.26 90 1036968 226793 40910 24 0 0 0 0 0 0 553 309546 16900
23.266625 0.194824 -0.229133 5.99734 44911 1.0000007 281616 103374 6 2 495975.59 9.3867431 22.1003 23.266625 95 1037376 226694 40449 25 0 0 0 0 0 0 553 309646 16637
23.273375 0.194824 -0.228427 5.99736 44912 1.0000007 281742 103451 7 2 504770.01 9.3867431 22.1003 23.273375 87 1036530 226858 40937 26 0 0 0 0 0 0 553 309751 16932
23.28 0.194824 -0.227733 5.99739 44914 1.0000007 281620 103365 6 2 495438.98 9.3867431 22.1003 23.28 92 1039285 227006 40768 27 0 0 0 0 0 0 553 309625 16619
23.286625 0.194824 -0.22704 5.99742 44915 1.0000007 280188 102815 6 2 497227.68 9.3867431 22.1003 23.286625 97 1032168 225289 40441 28 0 0 0 0 0 0 553 308161 16679
23.293375 0.194824 -0.226333 5.99744 44917 1.0000007 282172 103677 6 2 506439.46 9.3867431 22.1003 23.293375 93 1041452 227275 41057 29 0 0 0 0 0 0 553 310191 16988
23.3 0.194824 -0.22564 5.99747 44918 1.0000007 282025 103621 6 2 501997.53 9.3867431 22.1003 23.3 89 1040785 227069 40837 30 0 0 0 0 0 0 553 310033 16839
23.306625 0.194824 -0.224946 5.9975 44920 1.0000007 282122 103694 6 2 503458.3 9.3867431 22.1003 23.306625 89 1042381 227420 41107 31 0 0 0 0 0 0 553 310155 16888
23.313375 0.194824 -0.22424 5.99752 44921 1.0000007 282180 103716 5 2 503517.92 9.3867431 22.1003 23.313375 88 1041571 227851 41067 32 0 0 0 0 0 0 553 310228 16890
23.32 0.194824 -0.223546 5.99755 44923 1.0000007 281831 103511 6 2 495200.49 9.3867431 22.1003 23.32 88 1040935 226914 40476 33 0 0 0 0 0 0 553 309831 16611
23.326625 0.194824 -0.222853 5.99757 44924 1.0000007 282141 103739 5 2 508973.45 9.3867431 22.1003 23.326625 91 1044215 228213 40979 34 0 0 0 0 0 0 553 310180 17073
23.333375 0.194824 -0.222146 5.9976 44926 1.0000007 282017 103578 6 2 504859.45 9.3867431 22.1003 23.333375 97 1043691 228047 41148 35 0 0 0 0 0 0 553 310012 16935
23.34 0.194824 -0.221452 5.99763 44927 1.0000007 282053 103584 5 2 502385.08 9.3867431 22.1003 23.34 91 1042535 227300 41052 36 0 0 0 0 0 0 553 310069 16852
23.346625 0.194824 -0.220759 5.99765 44929 1.0000007 282225 103802 6 2 502385.08 9.3867431 22.1003 23.346625 91 1042535 227300 41052 37 0 0 0 0 0 0 553 310244 16852
23.353375 0.194824 -0.220052 5.99768 44930 1.0000007 282107 103671 6 2 513981.8 9.3867431 22.1003 23.353375 89 1043960 227798 41423 38 0 0 0 0 0 0 553 310114 17241
23.36 0.194824 -0.219359 5.9977 44932 1.0000007 282019 103655 5 2 507244.37 9.3867431 22.1003 23.36 89 1047150 229132 41623 39 0 0 0 0 0 0 553 310027 17015
23.366625 0.194824 -0.218665 5.99773 44933 1.0000007 282030 103684 5 2 503279.43 9.3867431 22.1003 23.366625 94 1047218 228795 41009 40 0 0 0 0 0 0 553 310039 16882
23.373375 0.194824 -0.217959 5.99775 44935 1.0000007 282008 103698 5 2 505336.43 9.3867431 22.1003 23.373375 94 1047402 229000 41250 41 0 0 0 0 0 0 553 310004 16951
23.38 0.194824 -0.217265 5.99778 44936 1.0000007 282013 103724 5 2 511865.17 9.3867431 22.1003 23.38 89 1046429 229014 41311 42 0 0 0 0 0 0 553 309998 17170
23.386625 0.194824 -0.216572 5.9978 44937 1.0000007 282055 103670 5 2 512670.09 9.3867431 22.1003 23.386625 87 1047132 229061 41358 43 0 0 0 0 0 0 553 310044 17197
23.393375 0.194824 -0.215865 5.99783 44939 1.0000007 281909 103584 6 2 511268.94 9.3867431 22.1003 23.393375 91 1045879 228584 41096 44 0 0 0 0 0 0 553 309907 17150
23.4 0.194824 -0.215172 5.99785 44940 1.0000007 281961 103654 5 2 511268.94 9.3867431 22.1003 23.4 91 1045879 228584 41096 45 0 0 0 0 0 0 553 309959 17150
23.406625 0.194824 -0.214478 5.99788 44942 1.0000007 281842 103569 5 2 501699.42 9.3867431 22.1003 23.406625 89 1046936 228782 41066 46 0 0 0 0 0 0 553 309872 16829
23.413375 0.194824 -0.213772 5.9979 44943 1.0000007 281871 103616 5 2 512222.91 9.3867431 22.1003 23.413375 96 1050720 229897 41527 47 0 0 0 0 0 0 553 309885 17182
23.42 0.194824 -0.213078 5.99793 44945 1.0000007 281881 103561 6 2 509957.23 9.3867431 22.1003 23.42 89 1050489 229917 41457 48 0 0 0 0 0 0 553 309904 17106
23.426625 0.194824 -0.212384 5.99795 44946 1.0000007 281794 103592 5 2 506200.97 9.3867431 22.1003 23.426625 92 1049021 229545 41284 49 0 0 0 0 0 0 553 309831 16980
23.433375 0.194824 -0.211678 5.99798 44948 1.0000007 281912 103640 6 2 516933.14 9.3867431 22.1003 23.433375 90 1052485 231731 41981 50 0 0 0 0 0 0 553 309932 17340
23.44 0.194824 -0.210984 5.998 44949 1.0000007 281834 103563 6 2 511119.88 9.3867431 22.1003 23.44 90 1053303 231272 41548 51 0 0 0 0 0 0 553 309858 17145
23.446625 0.194824 -0.210291 5.99803 44951 1.0000007 281853 103580 5 2 514876.14 9.3867431 22.1003 23.446625 86 1052355 230883 41595 52 0 0 0 0 0 0 553 309845 17271
23.453375 0.194824 -0.209584 5.99805 44952 1.0000007 281757 103527 6 2 512401.78 9.3867431 22.1003 23.453375 85 1052372 230701 41694 53 0 0 0 0 0 0 553 309784 17188
23.46 0.194824 -0.208891 5.99808 44954 1.0000007 281759 103533 6 2 509033.07 9.3867431 22.1003 23.46 87 1053738 231014 41606 54 0 0 0 0 0 0 553 309769 17075
23.466625 0.194824 -0.208197 5.9981 44955 1.0000007 281814 103563 7 2 513653.87 9.3867431 22.1003 23.466625 99 1053142 231119 41570 55 0 0 0 0 0 0 553 309833 17230
23.473375 0.194824 -0.20749 5.99812 44957 1.0000007 281742 103567 5 2 510732.33 9.3867431 22.1003 23.473375 90 1054455 231510 41705 56 0 0 0 0 0 0 553 309745 17132
23.48 0.194824 -0.206797 5.99815 44958 1.0000007 281746 103523 5 2 504322.84 9.3867431 22.1003 23.48 91 1055554 231091 41586 57 0 0 0 0 0 0 553 309762 16917
23.486625 0.194824 -0.206103 5.99817 44959 1.0000007 281792 103554 6 2 512550.84 9.3867431 22.1003 23.486625 86 1056148 232013 41855 58 0 0 0 0 0 0 553 309792 17193
23.493375 0.194824 -0.205397 5.9982 44961 1.0000007 281714 103516 7 2 510076.48 9.3867431 22.1003 23.493375 92 1055819 231264 41502 59 0 0 0 0 0 0 553 309704 17110
23.5 0.194824 -0.204703 5.99822 44962 1.0000007 281824 103556 6 2 517767.87 9.3867431 22.1003 23.5 86 1057868 232083 41921 60 0 0 0 0 0 0 553 309828 17368
23.506625 0.194824 -0.20401 5.99824 44964 1.0000007 281765 103531 5 2 520987.52 9.3867431 22.1003 23.506625 87 1058409 233441 42332 61 0 0 0 0 0 0 553 309770 17476
23.513375 0.194824 -0.203303 5.99827 44965 1.0000007 281708 103535 5 2 521285.64 9.3867431 22.1003 23.513375 85 1057843 232507 41906 62 0 0 0 0 0 0 553 309715 17486
23.52 0.194824 -0.202609 5.99829 44967 1.0000007 281536 103386 5 2 521017.33 9.3867431 22.1003 23.52 87 1059250 233760 42287 63 0 0 0 0 0 0 553 309538 17477
23.526625 0.194824 -0.201916 5.99831 44968 1.0000007 281717 103501 5 2 524743.78 9.3867431 22.1003 23.526625 91 1060236 233513 42231 64 0 0 0 0 0 0 553 309727 17602
23.533375 0.194824 -0.201209 5.99834 44970 1.0000007 281766 103592 5 2 524236.99 9.3867431 22.1003 23.533375 84 1060842 233487 42220 65 0 0 0 0 0 0 553 309763 17585
23.54 0.194824 -0.200516 5.99836 44971 1.0000007 281605 103441 6 2 524982.28 9.3867431 22.1003 23.54 94 1061179 234416 42536 66 0 0 0 0 0 0 553 309614 17610
23.546625 0.194824 -0.199822 5.99838 44973 1.0000007 281699 103521 5 2 530706.1 9.3867431 22.1003 23.546625 88 1063656 235268 42812 67 0 0 0 0 0 0 553 309721 17802
23.553375 0.194824 -0.199115 5.99841 44974 1.0000007 281633 103496 6 2 527963.44 9.3867431 22.1003 23.553375 87 1064893 234482 42646 68 0 0 0 0 0 0 553 309644 17710
23.56 0.194824 -0.198422 5.99843 44976 1.0000007 281632 103455 5 2 524564.91 9.3867431 22.1003 23.56 87 1064717 235539 42684 69 0 0 0 0 0 0 553 309658 17596
23.566625 0.194824 -0.197728 5.99845 44977 1.0000007 281656 103474 4 2 530795.54 9.3867431 22.1003 23.566625 88 1066012 235763 42807 70 0 0 0 0 0 0 553 309670 17805
23.573375 0.194824 -0.197021 5.99848 44979 1.0000007 281405 103334 6 2 527605.7 9.3867431 22.1003 23.573375 89 1066193 236703 43001 71 0 0 0 0 0 0 553 309401 17698
23.58 0.194824 -0.196328 5.9985 44980 1.0000007 281330 103341 5 2 527218.15 9.3867431 22.1003 23.58 98 1067039 236081 42699 72 0 0 0 0 0 0 553 309332 17685
23.586625 0.194824 -0.195634 5.99852 44981 1.0000007 281003 103292 6 2 532166.87 9.3867431 22.1003 23.586625 92 1065173 236317 42776 73 0 0 0 0 0 0 553 309010 17851
23.593375 0.194824 -0.194928 5.99855 44983 1.0000007 280744 103076 6 2 525399.64 9.3867431 22.1003 23.593375 87 1067893 236180 42600 74 0 0 0 0 0 0 553 308770 17624
23.6 0.194824 -0.194234 5.99857 44984 1.0000007 280834 103130 6 2 533508.39 9.3867431 22.1003 23.6 91 1067527 237400 43272 75 0 0 0 0 0 0 553 308867 17896
23.606625 0.194824 -0.19354 5.99859 44986 1.0000007 280909 103164 6 2 540037.13 9.3867431 22.1003 23.606625 89 1072782 239165 43272 76 0 0 0 0 0 0 553 308947 18115
23.613375 0.194824 -0.192834 5.99861 44987 1.0000007 280770 103132 4 2 535714.45 9.3867431 22.1003 23.613375 86 1069990 238597 43294 77 0 0 0 0 0 0 553 308800 17970
23.62 0.194824 -0.19214 5.99864 44989 1.0000007 280811 103132 5 2 533240.09 9.3867431 22.1003 23.62 91 1072766 239052 43634 78 0 0 0 0 0 0 553 308816 17887
23.626625 0.194824 -0.191446 5.99866 44990 1.0000007 280784 103152 6 2 536877.1 9.3867431 22.1003 23.626625 87 1074864 239811 43658 79 0 0 0 0 0 0 553 308799 18009
23.633375 0.194824 -0.19074 5.99868 44992 1.0000007 280754 103104 5 2 541050.73 9.3867431 22.1003 23.633375 91 1074580 240217 44013 80 0 0 0 0 0 0 553 308764 18149
23.64 0.194824 -0.190046 5.9987 44993 1.0000007 280892 103177 5 2 536280.87 9.3867431 22.1003 23.64 90 1076893 240829 43683 81 0 0 0 0 0 0 553 308917 17989
23.646625 0.194824 -0.189352 5.99872 44995 1.0000007 280874 103195 5 2 543107.73 9.3867431 22.1003 23.646625 89 1078014 241408 44087 82 0 0 0 0 0 0 553 308899 18218
23.653375 0.194824 -0.188646 5.99875 44996 1.0000007 280705 103019 5 2 543495.28 9.3867431 22.1003 23.653375 88 1078302 241984 44180 83 0 0 0 0 0 0 553 308727 18231
23.66 0.194824 -0.187952 5.99877 44998 1.0000007 280840 103159 6 2 547996.83 9.3867431 22.1003 23.66 89 1081176 243620 44478 84 0 0 0 0 0 0 553 308870 18382
23.666625 0.194824 -0.187259 5.99879 44999 1.0000007 280798 103135 5 2 545611.9 9.3867431 22.1003 23.666625 95 1083208 244138 44281 85 0 0 0 0 0 0 553 308806 18302
23.673375 0.194824 -0.186552 5.99881 45001 1.0000007 280924 103208 5 2 545611.9 9.3867431 22.1003 23.673375 95 1083208 244138 44281 86 0 0 0 0 0 0 553 308955 18302
23.68 0.194824 -0.185858 5.99883 45002 1.0000007 280825 103113 5 2 556016.15 9.3867431 22.1003 23.68 87 1087676 245829 44867 87 0 0 0 0 0 0 553 308864 18651
23.686625 0.194824 -0.185165 5.99886 45004 1.0000007 280859 103241 5 2 560577.33 9.3867431 22.1003 23.686625 93 1088255 247345 45378 88 0 0 0 0 0 0 553 308867 18804
23.693375 0.194824 -0.184458 5.99888 45005 1.0000007 280890 103257 6 2 567672.49 9.3867431 22.1003 23.693375 96 1092230 249200 45903 89 0 0 0 0 0 0 553 308911 19042
23.7 0.194824 -0.183764 5.9989 45007 1.0000007 280762 103175 5 2 560935.07 9.3867431 22.1003 23.7 88 1092584 248944 45608 90 0 0 0 0 0 0 553 308763 18816
23.706625 0.194824 -0.183071 5.99892 45008 1.0000007 280797 103152 6 2 569967.98 9.3867431 22.1003 23.706625 94 1094735 250792 46209 91 0 0 0 0 0 0 553 308801 19119
23.713375 0.194824 -0.182364 5.99894 45010 1.0000007 280889 103234 6 2 567046.44 9.3867431 22.1003 23.713375 98 1101624 252987 46568 92 0 0 0 0 0 0 553 308913 19021
23.72 0.194824 -0.18167 5.99896 45011 1.0000007 280776 103172 5 2 573336.69 9.3867431 22.1003 23.72 109 1101795 254345 46762 93 0 0 0 0 0 0 553 308772 19232
23.726625 0.194824 -0.180976 5.99898 45013 1.0000007 280880 103247 4 2 582727.35 9.3867431 22.1003 23.726625 106 1103886 255910 47089 94 0 0 0 0 0 0 553 308897 19547
23.733375 0.194824 -0.18027 5.999 45014 1.0000007 280960 103286 5 2 581862.81 9.3867431 22.1003 23.733375 101 1107251 258291 47632 95 0 0 0 0 0 0 553 308979 19518
23.74 0.194824 -0.179576 5.99902 45016 1.0000007 280928 103294 6 2 592982.54 9.3867431 22.1003 23.74 106 1111176 260274 48291 96 0 0 0 0 0 0 553 308954 19891
23.746625 0.194824 -0.178882 5.99905 45017 1.0000007 280814 103232 5 2 584814.16 9.3867431 22.1003 23.746625 114 1114190 262199 48230 97 0 0 0 0 0 0 553 308817 19617
23.753375 0.194824 -0.178176 5.99907 45019 1.0000007 280950 103306 5 2 591521.77 9.3867431 22.1003 23.753375 115 1116863 264393 48805 98 0 0 0 0 0 0 553 308980 19842
23.76 0.194824 -0.177482 5.99909 45020 1.0000007 280889 103281 5 2 605890.96 9.3867431 22.1003 23.76 126 1120462 266882 49479 99 0 0 0 0 0 0 553 308897 20324
23.766625 0.194824 -0.176788 5.99911 45022 1.0000007 280905 103310 5 2 610571.38 9.3867431 22.1003 23.766625 137 1125452 269972 50025 100 0 0 0 0 0 0 553 308909 20481
23.773375 0.194824 -0.176082 5.99913 45023 1.0000007 280965 103373 5 2 617010.69 9.3867431 22.1003 23.773375 143 1131097 274165 51090 101 0 0 0 0 0 0 553 308983 20697
23.78 0.194824 -0.175388 5.99915 45025 1.0000007 280874 103345 5 2 624344.34 9.3867431 22.1003 23.78 142 1134494 277550 51482 102 0 0 0 0 0 0 553 308878 20943
23.786625 0.194824 -0.174694 5.99917 45026 1.0000007 280907 103235 5 2 629561.37 9.3867431 22.1003 23.786625 159 1141552 282669 52451 103 0 0 0 0 0 0 553 308911 21118
23.793375 0.194824 -0.173988 5.99919 45028 1.0000007 280944 103323 4 2 648014.75 9.3867431 22.1003 23.793375 176 1144529 287098 53883 104 0 0 0 0 0 0 553 308956 21737
23.8 0.194824 -0.173294 5.99921 45029 1.0000007 280779 103210 5 2 659194.1 9.3867431 22.1003 23.8 199 1151468 292948 54206 105 0 0 0 0 0 0 553 308782 22112
23.806625 0.194824 -0.1726 5.99923 45031 1.0000007 280664 103169 5 2 663576.4 9.3867431 22.1003 23.806625 232 1157815 299297 55507 106 0 0 0 0 0 0 553 308662 22259
23.813375 0.194824 -0.171893 5.99925 45033 1.0000007 280767 103257 6 2 676902.19 9.3867431 22.1003 23.813375 278 1170087 307561 57021 107 0 0 0 0 0 0 553 308775 22706
23.82 0.194824 -0.1712 5.99927 45034 1.0000007 280658 103234 5 2 685845.67 9.3867431 22.1003 23.82 342 1176429 315384 58286 108 0 0 0 0 0 0 553 308686 23006
23.826625 0.194824 -0.170506 5.99929 45035 1.0000007 278554 102343 5 2 708114.93 9.3867431 22.1003 23.826625 398 1180725 324915 60165 109 0 0 0 0 0 0 553 306452 23753
23.833375 0.194824 -0.169799 5.99931 45037 1.0000007 281779 103678 4 2 732679.69 9.3867431 22.1003 23.833375 507 1211825 343876 62653 110 0 0 0 0 0 0 553 309800 24577
23.84 0.194824 -0.169106 5.99933 45038 1.0000007 281919 103682 6 2 746720.96 9.3867431 22.1003 23.84 695 1227197 359537 65048 111 0 0 0 0 0 0 553 309942 25048
23.846625 0.194824 -0.168412 5.99935 45040 1.0000007 281837 103654 6 2 771166.47 9.3867431 22.1003 23.846625 927 1248061 379962 67452 112 0 0 0 0 0 0 553 309840 25868
23.853375 0.194824 -0.167705 5.99937 45041 1.0000007 281868 103670 5 2 785803.96 9.3867431 22.1003 23.853375 1378 1274533 408217 70422 113 0 0 0 0 0 0 553 309885 26359
23.86 0.194824 -0.167011 5.99939 45043 1.0000007 281891 103717 5 2 818268.8 9.3867431 22.1003 23.86 1964 1311650 443786 74631 114 0 0 0 0 0 0 553 309939 27448
23.866625 0.194824 -0.166318 5.99941 45044 1.0000007 281840 103668 6 2 848169.83 9.3867431 22.1003 23.866625 3100 1363219 494132 78906 115 0 0 0 0 0 0 553 309865 28451
23.873375 0.194824 -0.165611 5.99943 45046 1.0000007 281797 103653 5 2 883675.45 9.3867431 22.1003 23.873375 4641 1431078 563193 85322 116 0 0 0 0 0 0 553 309826 29642
23.88 0.194824 -0.164917 5.99945 45047 1.0000007 281673 103643 6 2 932834.78 9.3867431 22.1003 23.88 7372 1524854 658980 93080 117 0 0 0 0 0 0 553 309695 31291
23.886625 0.194824 -0.164223 5.99946 45049 1.0000007 281774 103617 5 2 961066.36 9.3867431 22.1003 23.886625 11986 1657720 790469 102847 118 0 0 0 0 0 0 553 309794 32238
23.893375 0.194824 -0.163517 5.99948 45050 1.0000007 281678 103595 6 2 1015532.2 9.3867431 22.1003 23.893375 18905 1849075 982980 115945 119 0 0 0 0 0 0 553 309709 34065
23.9 0.194824 -0.162823 5.9995 45052 1.0000007 281543 103514 5 2 1060339 9.3867431 22.1003 23.9 30685 2121840 1255870 132645 120 0 0 0 0 0 0 553 309564 35568
23.906625 0.194824 -0.162129 5.99952 45053 1.0000007 281571 103584 6 2 1113701.8 9.3867431 22.1003 23.906625 58828 2539642 1674525 153946 121 0 0 0 0 0 0 553 309585 37358
23.913375 0.194824 -0.161422 5.99954 45055 1.0000007 281626 103591 5 2 1198605.2 9.3867431 22.1003 23.913375 138164 3261545 2396589 185251 122 0 0 0 0 0 0 553 309655 40206
23.92 0.194824 -0.160729 5.99956 45056 1.0000007 281629 103574 4 2 1293674.4 9.3867431 22.1003 23.92 307643 4425812 3557040 223827 123 0 0 0 0 0 0 553 309642 43395
23.926625 0.194824 -0.160035 5.99958 45058 1.0000007 281432 103445 6 2 1408508.7 9.3867431 22.1003 23.926625 466535 5729139 4864709 273821 124 0 0 0 0 0 0 553 309440 47247
23.933375 0.194824 -0.159328 5.9996 45059 1.0000007 281660 103528 5 2 1526950.2 9.3867431 22.1003 23.933375 486904 6740685 5873492 340249 125 0 0 0 0 0 0 553 309676 51220
23.94 0.194824 -0.158635 5.99962 45061 1.0000007 281513 103504 6 2 1657465.3 9.3867431 22.1003 23.94 445617 7827403 6959100 426735 126 0 0 0 0 0 0 553 309529 55598
23.946625 0.194824 -0.157941 5.99963 45062 1.0000007 281464 103407 6 2 1801306.3 9.3867431 22.1003 23.946625 549131 9420284 8552457 550816 127 0 0 0 0 0 0 553 309474 60423
23.953375 0.194824 -0.157234 5.99965 45064 1.0000007 281425 103400 6 2 1941748.8 9.3867431 22.1003 23.953375 602965 10547098 9678920 723302 128 0 0 0 0 0 0 553 309444 65134
23.96 0.194824 -0.15654 5.99967 45065 1.0000007 281432 103368 4 2 2037444 9.3867431 22.1003 23.96 560254 10377306 9509397 891671 129 0 0 0 0 0 0 553 309448 68344
23.966625 0.194824 -0.155846 5.99969 45067 1.0000007 281362 103326 6 2 2099124.2 9.3867431 22.1003 23.966625 444273 9419202 8552873 1002648 130 0 0 0 0 0 0 553 309394 70413
23.973375 0.194824 -0.15514 5.99971 45068 1.0000007 281384 103317 6 2 2153739 9.3867431 22.1003 23.973375 420787 8367247 7500532 1096823 131 0 0 0 0 0 0 553 309426 72245
23.98 0.194824 -0.154446 5.99972 45069 1.0000007 281377 103331 6 2 2182089.9 9.3867431 22.1003 23.98 385078 7299587 6432652 1183739 132 0 0 0 0 0 0 553 309381 73196
23.986625 0.194824 -0.153752 5.99974 45071 1.0000007 281265 103271 6 2 2209337.7 9.3867431 22.1003 23.986625 306949 6152488 5286601 1229369 133 0 0 0 0 0 0 553 309297 74110
23.993375 0.194824 -0.153045 5.99976 45072 1.0000007 281247 103208 5 2 2198068.9 9.3867431 22.1003 23.993375 224342 5070065 4206716 1186533 134 0 0 0 0 0 0 553 309266 73732
24 0.194824 -0.152352 5.99978 45074 1.0000007 281251 103260 6 2 2179257.8 9.3867431 22.1003 24 148446 4208644 3344590 1082808 135 0 0 0 0 0 0 553 309275 73101
24.006625 0.194824 -0.151658 5.9998 45075 1.0000007 281158 103187 6 2 2151771.5 9.3867431 22.1003 24.006625 91273 3514207 2649864 935268 136 0 0 0 0 0 0 553 309156 72179
24.013375 0.194824 -0.150951 5.99981 45077 1.0000007 281041 103139 4 2 2106994.5 9.3867431 22.1003 24.013375 66008 2946138 2083877 767831 137 0 0 0 0 0 0 553 309064 70677
24.02 0.194824 -0.150257 5.99983 45078 1.0000007 281073 103158 5 2 2078941.7 9.3867431 22.1003 24.02 47472 2500176 1636724 618222 138 0 0 0 0 0 0 553 309085 69736
24.026625 0.194824 -0.149564 5.99985 45080 1.0000007 280961 103012 6 2 2062873.3 9.3867431 22.1003 24.026625 31816 2163427 1298323 493678 139 0 0 0 0 0 0 553 308980 69197
24.033375 0.194824 -0.148857 5.99987 45081 1.0000007 281037 103130 5 2 2051962.2 9.3867431 22.1003 24.033375 18947 1914175 1051560 393732 140 0 0 0 0 0 0 553 309064 68831
24.04 0.194824 -0.148163 5.99988 45083 1.0000007 281025 103086 6 2 2048772.4 9.3867431 22.1003 24.04 10701 1740327 876939 317256 141 0 0 0 0 0 0 553 309036 68724
24.046625 0.194824 -0.147469 5.9999 45084 1.0000007 280918 103053 5 2 2053810.6 9.3867431 22.1003 24.046625 6542 1626264 764452 270324 142 0 0 0 0 0 0 553 308933 68893
24.053375 0.194824 -0.146762 5.99992 45086 1.0000007 280839 102971 5 2 2071727.3 9.3867431 22.1003 24.053375 4065 1546554 684205 235978 143 0 0 0 0 0 0 553 308854 69494
24.06 0.194824 -0.146069 5.99993 45087 1.0000007 280825 102940 5 2 2119396.1 9.3867431 22.1003 24.06 2666 1492781 631302 213469 144 0 0 0 0 0 0 553 308837 71093
24.066625 0.194824 -0.145375 5.99995 45089 1.0000007 280907 103043 6 2 2164620.3 9.3867431 22.1003 24.066625 1885 1451920 590847 196037 145 0 0 0 0 0 0 553 308918 72610
24.073375 0.194824 -0.144668 5.99997 45090 1.0000007 280870 103011 5 2 2213302.6 9.3867431 22.1003 24.073375 1377 1422158 561599 184478 146 0 0 0 0 0 0 553 308911 74243
24.08 0.194824 -0.143974 5.99998 45092 1.0000007 280740 102903 6 2 2300143.8 9.3867431 22.1003 24.08 1049 1400379 540738 176804 147 0 0 0 0 0 0 553 308773 77156
24.086625 0.194824 -0.14328 6 45093 1.0000007 280731 102923 5 2 2342625.3 9.3867431 22.1003 24.086625 778 1381191 522136 169805 148 0 0 0 0 0 0 553 308756 78581
24.093375 0.194824 -0.142574 6.00002 45095 1.0000007 280597 102800 4 2 2433729.6 9.3867431 22.1003 24.093375 602 1370221 512540 167893 149 0 0 0 0 0 0 553 308616 81637
24.1 0.194824 -0.14188 6.00003 45096 1.0000007 280765 102889 6 2 2520660.2 9.3867431 22.1003 24.1 532 1364804 505820 167315 150 0 0 0 0 0 0 553 308772 84553
24.106625 0.194824 -0.141186 6.00005 45098 1.0000007 280664 102908 5 2 2562724.4 9.3867431 22.1003 24.106625 527 1356546 497370 165330 151 0 0 0 0 0 0 553 308692 85964
24.113375 0.194824 -0.140479 6.00007 45099 1.0000007 280773 102931 5 2 2645600.6 9.3867431 22.1003 24.113375 563 1354091 495804 167128 152 0 0 0 0 0 0 553 308800 88744
24.12 0.194824 -0.139785 6.00008 45100 1.0000007 280720 102926 5 2 2699529.8 9.3867431 22.1003 24.12 586 1349877 491921 167458 153 0 0 0 0 0 0 553 308745 90553
24.126625 0.194824 -0.139092 6.0001 45102 1.0000007 280585 102881 6 2 2775519.6 9.3867431 22.1003 24.126625 629 1349060 491315 169339 154 0 0 0 0 0 0 553 308625 93102
24.133375 0.194824 -0.138385 6.00012 45103 1.0000007 280774 103020 6 2 2843132.3 9.3867431 22.1003 24.133375 668 1347322 489698 171224 155 0 0 0 0 0 0 553 308794 95370
24.14 0.194824 -0.137691 6.00013 45105 1.0000007 280721 102911 5 2 2906094.4 9.3867431 22.1003 24.14 713 1346556 490228 174673 156 0 0 0 0 0 0 553 308730 97482
24.146625 0.194824 -0.136997 6.00015 45106 1.0000007 280604 102889 5 2 2947979.7 9.3867431 22.1003 24.146625 805 1345714 489489 176509 157 0 0 0 0 0 0 553 308626 98887
24.153375 0.194824 -0.13629 6.00016 45108 1.0000007 280658 102885 6 2 2989894.8 9.3867431 22.1003 24.153375 773 1347597 492632 179801 158 0 0 0 0 0 0 553 308670 100293
24.16 0.194824 -0.135597 6.00018 45109 1.0000007 280741 102948 6 2 3052856.9 9.3867431 22.1003 24.16 893 1352479 497639 182850 159 0 0 0 0 0 0 553 308753 102405
24.166625 0.194824 -0.134903 6.0002 45111 1.0000007 280715 102933 6 2 3052886.7 9.3867431 22.1003 24.166625 897 1354396 498778 183732 160 0 0 0 0 0 0 553 308735 102406
24.173375 0.194824 -0.134196 6.00021 45112 1.0000007 280765 102984 5 2 3043227.8 9.3867431 22.1003 24.173375 884 1359109 503005 185079 161 0 0 0 0 0 0 553 308827 102082
24.18 0.194824 -0.133502 6.00023 45114 1.0000007 280711 102910 5 2 3048236.1 9.3867431 22.1003 24.18 878 1363788 509009 187507 162 0 0 0 0 0 0 553 308725 102250
24.186625 0.194824 -0.132808 6.00024 45115 1.0000007 280749 102991 6 2 3005337.2 9.3867431 22.1003 24.186625 839 1369811 515754 188124 163 0 0 0 0 0 0 553 308801 100811
24.193375 0.194824 -0.132101 6.00026 45117 1.0000007 280781 103005 5 2 2994634.8 9.3867431 22.1003 24.193375 1064 1383050 528969 189950 164 0 0 0 0 0 0 553 308802 100452
24.2 0.194824 -0.131408 6.00027 45118 1.0000007 280570 102893 6 2 2964167.4 9.3867431 22.1003 24.2 1687 1395545 543823 191162 165 0 0 0 0 0 0 553 308601 99430
24.206625 0.194824 -0.130714 6.00029 45120 1.0000007 280678 102979 6 2 2891576.1 9.3867431 22.1003 24.206625 2339 1414547 561803 191430 166 0 0 0 0 0 0 553 308712 96995
24.213375 0.194824 -0.130007 6.0003 45121 1.0000007 280659 102956 5 2 2800680.6 9.3867431 22.1003 24.213375 3030 1434580 582981 189463 167 0 0 0 0 0 0 553 308682 93946
24.22 0.194824 -0.129313 6.00032 45123 1.0000007 280610 102888 5 2 2781899.3 9.3867431 22.1003 24.22 4237 1471279 620475 191971 168 0 0 0 0 0 0 553 308616 93316
24.226625 0.194824 -0.128619 6.00033 45124 1.0000007 280658 102999 5 2 2704687.2 9.3867431 22.1003 24.226625 5582 1513142 662972 192384 169 0 0 0 0 0 0 553 308701 90726
24.233375 0.194824 -0.127912 6.00035 45125 1.0000007 280631 102947 5 2 2658479.2 9.3867431 22.1003 24.233375 8247 1567550 715843 193684 170 0 0 0 0 0 0 553 308655 89176
24.24 0.194824 -0.127219 6.00036 45127 1.0000007 280633 102964 6 2 2578107.2 9.3867431 22.1003 24.24 12446 1622787 772758 194573 171 0 0 0 0 0 0 553 308639 86480
24.246625 0.194824 -0.126525 6.00038 45128 1.0000007 280644 102998 5 2 2492726.7 9.3867431 22.1003 24.246625 15703 1675563 823727 194517 172 0 0 0 0 0 0 553 308687 83616
24.253375 0.194824 -0.125818 6.00039 45130 1.0000007 280718 103017 5 2 2419449.8 9.3867431 22.1003 24.253375 18178 1714691 866942 195144 173 0 0 0 0 0 0 553 308742 81158
24.26 0.194824 -0.125124 6.00041 45131 1.0000007 280598 102929 5 2 2346769.2 9.3867431 22.1003 24.26 19448 1762880 913834 196302 174 0 0 0 0 0 0 553 308623 78720
24.266625 0.194824 -0.12443 6.00042 45133 1.0000007 280553 102912 5 2 2279126.6 9.3867431 22.1003 24.266625 21071 1804437 957359 198653 175 0 0 0 0 0 0 553 308550 76451
24.273375 0.194824 -0.123723 6.00044 45134 1.0000007 280641 102937 5 2 2199619.1 9.3867431 22.1003 24.273375 21287 1827386 979421 199396 176 0 0 0 0 0 0 553 308672 73784
24.28 0.194824 -0.123029 6.00045 45136 1.0000007 280455 102896 5 2 2159015.7 9.3867431 22.1003 24.28 20265 1837054 989102 201767 177 0 0 0 0 0 0 553 308481 72422
24.286625 0.194824 -0.122336 6.00047 45137 1.0000007 280606 102940 6 2 2110094.9 9.3867431 22.1003 24.286625 18102 1843699 995962 205442 178 0 0 0 0 0 0 553 308596 70781
24.293375 0.194824 -0.121629 6.00048 45139 1.0000007 280602 102979 5 2 2058848.7 9.3867431 22.1003 24.293375 14330 1847469 1000535 207240 179 0 0 0 0 0 0 553 308628 69062
24.3 0.194824 -0.120935 6.00049 45140 1.0000007 280602 102975 5 2 2029066.9 9.3867431 22.1003 24.3 12448 1863935 1016507 209038 180 0 0 0 0 0 0 553 308625 68063
24.306625 0.194824 -0.120241 6.00051 45142 1.0000007 280593 102987 6 2 1992607.3 9.3867431 22.1003 24.306625 10338 1885158 1038911 212162 181 0 0 0 0 0 0 553 308588 66840
24.313375 0.194824 -0.119534 6.00052 45143 1.0000007 280632 102968 5 2 1945564.6 9.3867431 22.1003 24.313375 9200 1907658 1062408 212768 182 0 0 0 0 0 0 553 308629 65262
24.32 0.194824 -0.11884 6.00054 45145 1.0000007 280626 103007 5 2 1904424.6 9.3867431 22.1003 24.32 8590 1925899 1079372 210454 183 0 0 0 0 0 0 553 308663 63882
24.326625 0.194824 -0.118147 6.00055 45146 1.0000007 280515 102976 5 2 1897180.4 9.3867431 22.1003 24.326625 10516 1971303 1125832 212251 184 0 0 0 0 0 0 553 308514 63639
24.333375 0.194824 -0.11744 6.00056 45148 1.0000007 280604 103030 4 2 1851479.2 9.3867431 22.1003 24.333375 12410 2014532 1169008 212122 185 0 0 0 0 0 0 553 308592 62106
24.34 0.194824 -0.116746 6.00058 45149 1.0000007 280676 103081 5 2 1822383.1 9.3867431 22.1003 24.34 14649 2075104 1230184 209929 186 0 0 0 0 0 0 553 308694 61130
24.346625 0.194824 -0.116052 6.00059 45151 1.0000007 280636 102986 5 2 1813797.4 9.3867431 22.1003 24.346625 17826 2152164 1306877 210707 187 0 0 0 0 0 0 553 308654 60842
24.353375 0.194824 -0.115345 6.0006 45152 1.0000007 280613 103035 5 2 1787920.9 9.3867431 22.1003 24.353375 23898 2226451 1382897 207331 188 0 0 0 0 0 0 553 308618 59974
24.36 0.194824 -0.114651 6.00062 45154 1.0000007 280616 103019 5 2 1767798.1 9.3867431 22.1003 24.36 30882 2303140 1460129 203918 189 0 0 0 0 0 0 553 308627 59299
24.366625 0.194824 -0.113957 6.00063 45155 1.0000007 279655 102696 6 2 1750298.7 9.3867431 22.1003 24.366625 40222 2381917 1542411 199697 190 0 0 0 0 0 0 553 307146 58712
24.373375 0.194824 -0.11325 6.00064 45156 1.0000007 280839 103194 5 2 1736317 9.3867431 22.1003 24.373375 53188 2482804 1638674 196629 191 0 0 0 0 0 0 553 308822 58243
24.38 0.194824 -0.112557 6.00066 45158 1.0000007 280948 103236 5 2 1713660.2 9.3867431 22.1003 24.38 64552 2522651 1681156 189694 192 0 0 0 0 0 0 553 308967 57483
24.386625 0.194824 -0.111863 6.00067 45159 1.0000007 281018 103290 6 2 1689602.2 9.3867431 22.1003 24.386625 65778 2531192 1689025 183454 193 0 0 0 0 0 0 553 309040 56676
24.393375 0.194824 -0.111156 6.00068 45161 1.0000007 280897 103203 6 2 1675173.4 9.3867431 22.1003 24.393375 72037 2481588 1640247 176870 194 0 0 0 0 0 0 553 308906 56192
24.4 0.194824 -0.110462 6.0007 45162 1.0000007 280886 103210 5 2 1655825.7 9.3867431 22.1003 24.4 65180 2368727 1530039 171426 195 0 0 0 0 0 0 553 308917 55543
24.406625 0.194824 -0.109768 6.00071 45164 1.0000007 280895 103219 6 2 1604519.9 9.3867431 22.1003 24.406625 51783 2223468 1384327 163930 196 0 0 0 0 0 0 553 308913 53822
24.413375 0.194824 -0.109061 6.00072 45165 1.0000007 281006 103344 6 2 1562694.3 9.3867431 22.1003 24.413375 36934 2030788 1192381 154958 197 0 0 0 0 0 0 553 309035 52419
24.42 0.194824 -0.108367 6.00073 45167 1.0000007 280787 103179 5 2 1540842.4 9.3867431 22.1003 24.42 27666 1897685 1060450 150846 198 0 0 0 0 0 0 553 308813 51686
24.426625 0.194824 -0.107673 6.00075 45168 1.0000007 280912 103246 5 2 1508198.7 9.3867431 22.1003 24.426625 21387 1766352 929383 143692 199 0 0 0 0 0 0 553 308942 50591
24.433375 0.194824 -0.106966 6.00076 45170 1.0000007 280893 103185 6 2 1491832.1 9.3867431 22.1003 24.433375 16395 1661027 825418 139802 200 0 0 0 0 0 0 553 308895 50042
24.44 0.194824 -0.106273 6.00077 45171 1.0000007 280759 103117 5 2 1464017.9 9.3867431 22.1003 24.44 13465 1562214 728945 135312 201 0 0 0 0 0 0 553 308774 49109
24.446625 0.194824 -0.105579 6.00078 45173 1.0000007 280838 103194 4 2 1438469.3 9.3867431 22.1003 24.446625 9358 1482543 647999 132403 202 0 0 0 0 0 0 553 308852 48252
24.453375 0.194824 -0.104872 6.0008 45174 1.0000007 280826 103223 5 2 1413844.9 9.3867431 22.1003 24.453375 6113 1410325 575847 129736 203 0 0 0 0 0 0 553 308855 47426
24.46 0.194824 -0.104178 6.00081 45176 1.0000007 280803 103187 4 2 1396762.9 9.3867431 22.1003 24.46 4292 1355788 523072 127138 204 0 0 0 0 0 0 553 308811 46853
24.466625 0.194824 -0.103484 6.00082 45177 1.0000007 280811 103181 6 2 1321846.3 9.3867431 22.1003 24.466625 2522 1306328 474382 118961 205 0 0 0 0 0 0 553 308843 44340
24.473375 0.194824 -0.102777 6.00083 45179 1.0000007 280802 103200 6 2 1256052.1 9.3867431 22.1003 24.473375 1377 1267039 434978 109348 206 0 0 0 0 0 0 553 308820 42133
24.48 0.194824 -0.102083 6.00084 45180 1.0000007 280834 103213 5 2 1173772.1 9.3867431 22.1003 24.48 985 1231322 401000 98036 207 0 0 0 0 0 0 553 308842 39373
24.486625 0.194824 -0.101389 6.00086 45182 1.0000007 280704 103183 5 2 1074141.8 9.3867431 22.1003 24.486625 706 1206665 376558 88363 208 0 0 0 0 0 0 553 308722 36031
24.493375 0.194824 -0.100682 6.00087 45183 1.0000007 280728 103182 4 2 997675.01 9.3867431 22.1003 24.493375 546 1184436 354326 80311 209 0 0 0 0 0 0 553 308773 33466
24.5 0.194824 -0.0999886 6.00088 45185 1.0000007 280818 103201 5 2 938498.98 9.3867431 22.1003 24.5 427 1168673 337565 74528 210 0 0 0 0 0 0 553 308835 31481
24.506625 0.194824 -0.0992947 6.00089 45186 1.0000007 280753 103201 6 2 867666.62 9.3867431 22.1003 24.506625 359 1152607 324000 74528 211 0 0 0 0 0 0 553 308784 29105
24.513375 0.194824 -0.0985877 6.0009 45188 1.0000007 280753 103220 6 2 830431.93 9.3867431 22.1003 24.513375 321 1142215 312728 65941 212 0 0 0 0 0 0 553 308788 27856
24.52 0.194824 -0.0978938 6.00091 45189 1.0000007 280648 103128 5 2 777814.46 9.3867431 22.1003 24.52 256 1131108 302184 62419 213 0 0 0 0 0 0 553 308675 26091
24.526625 0.194824 -0.0972 6.00092 45191 1.0000007 280716 103163 4 2 740043.16 9.3867431 22.1003 24.526625 222 1121045 293319 59303 214 0 0 0 0 0 0 553 308721 24824
24.533375 0.194824 -0.096493 6.00094 45192 1.0000007 280708 103184 5 2 711483.65 9.3867431 22.1003 24.533375 195 1115791 288606 57218 215 0 0 0 0 0 0 553 308728 23866
24.54 0.194824 -0.0957991 6.00095 45193 1.0000007 280641 103151 4 2 698187.67 9.3867431 22.1003 24.54 186 1109335 282034 55548 216 0 0 0 0 0 0 553 308664 23420
24.546625 0.194824 -0.0951052 6.00096 45195 1.0000007 280648 103112 5 2 664917.93 9.3867431 22.1003 24.546625 162 1101761 276258 53514 217 0 0 0 0 0 0 553 308674 22304
24.553375 0.194824 -0.0943983 6.00097 45196 1.0000007 280642 103128 6 2 641635.07 9.3867431 22.1003 24.553375 152 1096972 272410 52142 218 0 0 0 0 0 0 553 308668 21523
24.56 0.194824 -0.0937044 6.00098 45198 1.0000007 280625 103095 4 2 624374.15 9.3867431 22.1003 24.56 157 1096011 268690 50560 219 0 0 0 0 0 0 553 308654 20944
24.566625 0.194824 -0.0930105 6.00099 45199 1.0000007 280562 103112 5 2 617934.84 9.3867431 22.1003 24.566625 139 1091644 265565 49707 220 0 0 0 0 0 0 553 308571 20728
24.573375 0.194824 -0.0923035 6.001 45201 1.0000007 280558 103094 5 2 609617.41 9.3867431 22.1003 24.573375 126 1086988 262595 49302 221 0 0 0 0 0 0 553 308586 20449
24.58 0.194824 -0.0916097 6.00101 45202 1.0000007 280567 103055 5 2 593787.45 9.3867431 22.1003 24.58 118 1084460 259938 48098 222 0 0 0 0 0 0 553 308586 19918
24.586625 0.194824 -0.0909158 6.00102 45204 1.0000007 280589 103135 4 2 581862.81 9.3867431 22.1003 24.586625 117 1080743 258020 47787 223 0 0 0 0 0 0 553 308609 19518
24.593375 0.194824 -0.0902088 6.00103 45205 1.0000007 280521 103109 5 2 575393.69 9.3867431 22.1003 24.593375 121 1079342 256431 47787 224 0 0 0 0 0 0 553 308516 19301
24.6 0.194824 -0.0895149 6.00104 45207 1.0000007 280555 103079 6 2 574886.89 9.3867431 22.1003 24.6 113 1079397 254132 46481 225 0 0 0 0 0 0 553 308575 19284
24.606625 0.194824 -0.088821 6.00105 45208 1.0000007 280528 103092 4 2 563528.67 9.3867431 22.1003 24.606625 104 1074684 251645 45927 226 0 0 0 0 0 0 553 308535 18903
24.613375 0.194824 -0.088114 6.00107 45210 1.0000007 280575 103115 4 2 562485.27 9.3867431 22.1003 24.613375 101 1073591 250794 45927 227 0 0 0 0 0 0 553 308580 18868
24.62 0.194824 -0.0874201 6.00108 45211 1.0000007 280489 103065 4 2 551484.79 9.3867431 22.1003 24.62 95 1071354 248532 45062 228 0 0 0 0 0 0 553 308513 18499
24.626625 0.194824 -0.0867262 6.00109 45213 1.0000007 280553 103099 5 2 551753.09 9.3867431 22.1003 24.626625 93 1069563 248559 45321 229 0 0 0 0 0 0 553 308583 18508
24.633375 0.194824 -0.0860193 6.0011 45214 1.0000007 280390 103028 5 2 546804.37 9.3867431 22.1003 24.633375 95 1068429 246365 44707 230 0 0 0 0 0 0 553 308411 18342
24.64 0.194824 -0.0853254 6.00111 45215 1.0000007 278447 102290 4 2 542839.42 9.3867431 22.1003 24.64 95 1057287 242871 43688 231 0 0 0 0 0 0 553 306342 18209
24.646625 0.194824 -0.0846315 6.00112 45217 1.0000007 281609 103531 6 2 541885.45 9.3867431 22.1003 24.646625 85 1068885 245542 44386 232 0 0 0 0 0 0 553 309622 18177
24.653375 0.194824 -0.0839245 6.00113 45218 1.0000007 281633 103616 6 2 539351.47 9.3867431 22.1003 24.653375 88 1067194 244013 43997 233 0 0 0 0 0 0 553 309668 18092
24.66 0.194824 -0.0832306 6.00113 45220 1.0000007 281636 103575 6 2 541825.83 9.3867431 22.1003 24.66 90 1066355 243296 44080 234 0 0 0 0 0 0 553 309657 18175
24.666625 0.194824 -0.0825367 6.00114 45221 1.0000007 281689 103548 5 2 531242.71 9.3867431 22.1003 24.666625 86 1066281 241835 43597 235 0 0 0 0 0 0 553 309708 17820
24.673375 0.194824 -0.0818297 6.00115 45223 1.0000007 281475 103448 4 2 537771.45 9.3867431 22.1003 24.673375 88 1062876 241800 43650 236 0 0 0 0 0 0 553 309497 18039
24.68 0.194824 -0.0811358 6.00116 45224 1.0000007 281454 103477 6 2 522984.9 9.3867431 22.1003 24.68 88 1060947 239867 43350 237 0 0 0 0 0 0 553 309497 17543
24.686625 0.194824 -0.0804419 6.00117 45226 1.0000007 281429 103405 4 2 537711.83 9.3867431 22.1003 24.686625 95 1062709 240124 43218 238 0 0 0 0 0 0 553 309433 18037
24.693375 0.194824 -0.0797349 6.00118 45227 1.0000007 281444 103439 5 2 534700.86 9.3867431 22.1003 24.693375 89 1061568 239890 43108 239 0 0 0 0 0 0 553 309463 17936
24.7 0.194824 -0.079041 6.00119 45229 1.0000007 281498 103431 5 2 527218.15 9.3867431 22.1003 24.7 89 1058214 238450 42798 240 0 0 0 0 0 0 553 309509 17685
24.706625 0.194824 -0.0783471 6.0012 45230 1.0000007 281367 103390 4 2 525161.15 9.3867431 22.1003 24.706625 99 1057100 236672 42868 241 0 0 0 0 0 0 553 309381 17616
24.713375 0.194824 -0.0776401 6.00121 45232 1.0000007 281268 103359 6 2 526085.31 9.3867431 22.1003 24.713375 90 1054992 236757 42583 242 0 0 0 0 0 0 553 309278 17647
24.72 0.194824 -0.0769462 6.00122 45234 1.0000007 281272 103377 6 2 523610.94 9.3867431 22.1003 24.72 88 1055111 236538 42656 243 0 0 0 0 0 0 553 309279 17564
24.726625 0.194824 -0.0762522 6.00123 45235 1.0000007 281320 103342 4 2 522567.54 9.3867431 22.1003 24.726625 92 1054119 236126 42466 244 0 0 0 0 0 0 553 309347 17529
24.733375 0.194824 -0.0755452 6.00124 45237 1.0000007 281241 103301 4 2 524564.91 9.3867431 22.1003 24.733375 87 1053054 235645 42694 245 0 0 0 0 0 0 553 309256 17596
24.74 0.194824 -0.0748513 6.00125 45238 1.0000007 281217 103284 5 2 518215.04 9.3867431 22.1003 24.74 88 1051815 234252 42219 246 0 0 0 0 0 0 553 309240 17383
24.746625 0.194824 -0.0741574 6.00125 45240 1.0000007 281179 103228 5 2 517887.12 9.3867431 22.1003 24.746625 86 1051669 234898 42393 247 0 0 0 0 0 0 553 309205 17372
24.753375 0.194824 -0.0734504 6.00126 45241 1.0000007 281193 103224 6 2 518065.98 9.3867431 22.1003 24.753375 84 1051744 234579 42344 248 0 0 0 0 0 0 553 309208 17378
24.76 0.194824 -0.0727565 6.00127 45243 1.0000007 281169 103222 6 2 519735.43 9.3867431 22.1003 24.76 97 1049989 233559 41905 249 0 0 0 0 0 0 553 309203 17434
24.766625 0.194824 -0.0720626 6.00128 45244 1.0000007 281178 103275 4 2 517708.25 9.3867431 22.1003 24.766625 92 1048216 233395 42018 250 0 0 0 0 0 0 553 309194 17366
24.773375 0.194824 -0.0713556 6.00129 45246 1.0000007 281194 103298 6 2 515353.13 9.3867431 22.1003 24.773375 93 1049128 233873 42187 251 0 0 0 0 0 0 553 309195 17287
24.78 0.194824 -0.0706617 6.0013 45247 1.0000007 281188 103249 5 2 515681.06 9.3867431 22.1003 24.78 96 1047656 232590 41730 252 0 0 0 0 0 0 553 309212 17298
24.786625 0.194824 -0.0699677 6.0013 45248 1.0000007 281117 103205 5 2 503965.1 9.3867431 22.1003 24.786625 95 1046532 231667 41533 253 0 0 0 0 0 0 553 309142 16905
24.793375 0.194824 -0.0692607 6.00131 45250 1.0000007 281117 103270 4 2 517738.06 9.3867431 22.1003 24.793375 87 1048178 231885 41816 254 0 0 0 0 0 0 553 309134 17367
24.8 0.194824 -0.0685668 6.00132 45251 1.0000007 281001 103130 5 2 519347.88 9.3867431 22.1003 24.8 87 1044198 230926 41905 255 0 0 0 0 0 0 553 309019 17421
24.806625 0.194824 -0.0678729 6.00133 45253 1.0000007 280994 103179 6 2 512312.35 9.3867431 22.1003 24.806625 91 1043871 230367 41391 256 0 0 0 0 0 0 553 309019 17185
24.813375 0.194824 -0.0671659 6.00134 45254 1.0000007 281111 103239 6 2 505962.48 9.3867431 22.1003 24.813375 95 1043878 230629 41420 257 0 0 0 0 0 0 553 309115 16972
24.82 0.194824 -0.0664719 6.00134 45256 1.0000007 281031 103125 4 2 516247.48 9.3867431 22.1003 24.82 95 1042460 230089 41687 258 0 0 0 0 0 0 553 309063 17317
24.826625 0.194824 -0.065778 6.00135 45257 1.0000007 280957 103088 5 2 506260.59 9.3867431 22.1003 24.826625 87 1040647 229507 41220 259 0 0 0 0 0 0 553 308982 16982
24.833375 0.194824 -0.065071 6.00136 45259 1.0000007 280993 103119 5 2 505902.85 9.3867431 22.1003 24.833375 92 1040925 229390 41184 260 0 0 0 0 0 0 553 309010 16970
24.84 0.194824 -0.0643771 6.00137 45260 1.0000007 281019 103145 5 2 510344.78 9.3867431 22.1003 24.84 89 1041879 229218 41160 261 0 0 0 0 0 0 553 309049 17119
24.846625 0.194824 -0.0636831 6.00137 45262 1.0000007 280911 103025 5 2 502623.58 9.3867431 22.1003 24.846625 94 1040513 228760 40920 262 0 0 0 0 0 0 553 308908 16860
24.853375 0.194824 -0.0629761 6.00138 45263 1.0000007 280865 102999 5 2 504829.63 9.3867431 22.1003 24.853375 93 1038882 228042 41167 263 0 0 0 0 0 0 553 308882 16934
24.86 0.194824 -0.0622822 6.00139 45265 1.0000007 280766 102941 6 2 507453.06 9.3867431 22.1003 24.86 93 1038882 228042 41167 264 0 0 0 0 0 0 553 308769 17022
24.866625 0.194824 -0.0615883 6.0014 45266 1.0000007 280857 103062 6 2 510106.29 9.3867431 22.1003 24.866625 90 1038200 227832 41116 265 0 0 0 0 0 0 553 308891 17111
24.873375 0.194824 -0.0608812 6.0014 45268 1.0000007 280802 102933 6 2 507542.49 9.3867431 22.1003 24.873375 92 1039270 228529 40957 266 0 0 0 0 0 0 553 308809 17025
24.88 0.194824 -0.0601873 6.00141 45269 1.0000007 280709 102961 5 2 507423.24 9.3867431 22.1003 24.88 87 1037498 228060 40843 267 0 0 0 0 0 0 553 308724 17021
24.886625 0.194824 -0.0594934 6.00142 45271 1.0000007 280757 102905 6 2 496780.5 9.3867431 22.1003 24.886625 90 1036929 227928 40613 268 0 0 0 0 0 0 553 308765 16664
24.893375 0.194824 -0.0587864 6.00142 45272 1.0000007 280651 102928 5 2 512014.23 9.3867431 22.1003 24.893375 103 1034363 227448 41042 269 0 0 0 0 0 0 553 308651 17175
24.9 0.194824 -0.0580924 6.00143 45274 1.0000007 280707 102882 6 2 493680.1 9.3867431 22.1003 24.9 89 1034251 226248 40576 270 0 0 0 0 0 0 553 308739 16560
24.906625 0.194824 -0.0573985 6.00144 45275 1.0000007 280545 102842 6 2 498360.52 9.3867431 22.1003 24.906625 88 1034763 226657 40747 271 0 0 0 0 0 0 553 308580 16717
24.913375 0.194824 -0.0566915 6.00144 45277 1.0000007 280705 102880 6 2 498271.08 9.3867431 22.1003 24.913375 92 1033623 226166 40632 272 0 0 0 0 0 0 553 308724 16714
24.92 0.194824 -0.0559975 6.00145 45278 1.0000007 280542 102772 5 2 498271.08 9.3867431 22.1003 24.92 92 1033623 226166 40632 273 0 0 0 0 0 0 553 308547 16714
24.926625 0.194824 -0.0553036 6.00146 45279 1.0000007 280504 102803 5 2 490460.44 9.3867431 22.1003 24.926625 90 1033321 225791 40391 274 0 0 0 0 0 0 553 308518 16452
24.933375 0.194824 -0.0545966 6.00146 45281 1.0000007 280332 102706 6 2 500685.82 9.3867431 22.1003 24.933375 94 1032060 225917 40684 275 0 0 0 0 0 0 553 308315 16795
24.94 0.194824 -0.0539026 6.00147 45282 1.0000007 280361 102680 5 2 500596.39 9.3867431 22.1003 24.94 91 1031247 225390 40699 276 0 0 0 0 0 0 553 308383 16792
24.946625 0.194824 -0.0532087 6.00148 45284 1.0000007 280353 102692 5 2 507840.61 9.3867431 22.1003 24.946625 89 1030802 225982 40931 277 0 0 0 0 0 0 553 308365 17035
24.953375 0.194824 -0.0525016 6.00148 45285 1.0000007 280283 102668 5 2 498926.94 9.3867431 22.1003 24.953375 89 1031917 225772 40444 278 0 0 0 0 0 0 553 308286 16736
24.96 0.194824 -0.0518077 6.00149 45287 1.0000007 280350 102634 6 2 502534.14 9.3867431 22.1003 24.96 93 1029495 225269 40833 279 0 0 0 0 0 0 553 308379 16857
24.966625 0.194824 -0.0511138 6.00149 45288 1.0000007 280348 102620 6 2 500179.02 9.3867431 22.1003 24.966625 85 1030283 224724 40316 280 0 0 0 0 0 0 553 308369 16778
24.973375 0.194824 -0.0504067 6.0015 45290 1.0000007 280256 102604 5 2 494514.82 9.3867431 22.1003 24.973375 98 1029023 224835 40355 281 0 0 0 0 0 0 553 308272 16588
24.98 0.194824 -0.0497128 6.00151 45291 1.0000007 280132 102539 6 2 492845.37 9.3867431 22.1003 24.98 90 1028920 225271 40348 282 0 0 0 0 0 0 553 308157 16532
24.986625 0.194824 -0.0490188 6.00151 45293 1.0000007 280166 102537 6 2 502444.71 9.3867431 22.1003 24.986625 91 1027426 224957 40712 283 0 0 0 0 0 0 553 308205 16854
24.993375 0.194824 -0.0483118 6.00152 45294 1.0000007 280025 102424 6 2 497734.47 9.3867431 22.1003 24.993375 87 1027574 225259 40676 284 0 0 0 0 0 0 553 308048 16696
25 0.194824 -0.0476179 6.00152 45296 1.0000007 279923 102282 5 2 498867.31 9.3867431 22.1003 25 84 1025325 223755 40435 285 0 0 0 0 0 0 553 307962 16734
25.006625 0.194824 -0.0469239 6.00153 45297 1.0000007 279893 102345 5 2 493888.78 9.3867431 22.1003 25.006625 87 1025058 224266 40172 286 0 0 0 0 0 0 553 307892 16567
25.013375 0.194824 -0.0462169 6.00153 45299 1.0000007 279974 102366 5 2 494216.7 9.3867431 22.1003 25.013375 89 1023597 223192 40291 287 0 0 0 0 0 0 553 308015 16578
25.02 0.194824 -0.0455229 6.00154 45300 1.0000007 279918 102249 6 2 492845.37 9.3867431 22.1003 25.02 86 1023146 223297 40180 288 0 0 0 0 0 0 553 307933 16532
25.026625 0.194824 -0.044829 6.00154 45302 1.0000007 279815 102160 5 2 492934.81 9.3867431 22.1003 25.026625 91 1022803 223389 40044 289 0 0 0 0 0 0 553 307841 16535
25.033375 0.194824 -0.0441219 6.00155 45303 1.0000007 279782 102225 6 2 494663.88 9.3867431 22.1003 25.033375 87 1023197 223335 40470 290 0 0 0 0 0 0 553 307837 16593
25.04 0.194824 -0.043428 6.00155 45305 1.0000007 279741 102154 5 2 497794.1 9.3867431 22.1003 25.04 95 1022180 222750 40027 291 0 0 0 0 0 0 553 307775 16698
25.046625 0.194824 -0.042734 6.00156 45306 1.0000007 279686 102165 6 2 491831.78 9.3867431 22.1003 25.046625 89 1022583 222955 40109 292 0 0 0 0 0 0 553 307705 16498
25.053375 0.194824 -0.042027 6.00156 45308 1.0000007 279457 102019 5 2 502891.88 9.3867431 22.1003 25.053375 89 1020032 222994 40496 293 0 0 0 0 0 0 553 307500 16869
25.06 0.194824 -0.0413331 6.00157 45309 1.0000007 279432 101966 6 2 494246.52 9.3867431 22.1003 25.06 89 1021046 222044 39767 294 0 0 0 0 0 0 553 307462 16579
25.066625 0.194824 -0.0406391 6.00157 45311 1.0000007 279336 101849 5 2 497913.34 9.3867431 22.1003 25.066625 87 1020765 222089 40136 295 0 0 0 0 0 0 553 307376 16702
25.073375 0.194824 -0.0399321 6.00158 45312 1.0000007 279368 101906 5 2 497913.34 9.3867431 22.1003 25.073375 87 1020765 222089 40136 296 0 0 0 0 0 0 553 307393 16702
25.08 0.194824 -0.0392381 6.00158 45314 1.0000007 279312 101903 5 2 492368.39 9.3867431 22.1003 25.08 88 1018076 221986 40088 297 0 0 0 0 0 0 553 307370 16516
25.086625 0.194824 -0.0385442 6.00159 45315 1.0000007 279316 101834 5 2 481308.28 9.3867431 22.1003 25.086625 94 1018970 221255 39773 298 0 0 0 0 0 0 553 307361 16145
25.093375 0.194824 -0.0378371 6.00159 45317 1.0000007 279283 101769 6 2 489297.79 9.3867431 22.1003 25.093375 86 1017685 222050 39847 299 0 0 0 0 0 0 553 307324 16413
25.1 0.194824 -0.0371432 6.0016 45318 1.0000007 279251 101801 5 2 482530.56 9.3867431 22.1003 25.1 90 1017158 221241 39887 300 0 0 0 0 0 0 553 307282 16186