Eta  H  K  L  Epoch  Sec  ion1  Hubmon  scan_bar  Filters  Correct  Qmag  Energy  Graze  p_peak  p_total  p_del_s  p_nu_s  p_image  p_xcen  p_xsig  p_ycen  p_ysig  power  tempsp  gun_on  ion0  p_point
22.4 0.194824 -0.319816 5.99318 23788 0.5000007 141631 51829 5 2 247615.15 9.3867431 22.1003 22.4 50 518546 113165 20226 0 0 0 0 0 0 0 553 155351 8306
22.406625 0.194824 -0.319123 5.99322 23789 0.5000007 141534 51724 4 2 248658.56 9.3867431 22.1003 22.406625 50 520720 113378 20256 1 0 0 0 0 0 0 553 155257 8341
22.413375 0.194824 -0.318417 5.99326 23790 0.5000007 141581 51775 5 2 244902.29 9.3867431 22.1003 22.413375 51 519966 112915 20330 2 0 0 0 0 0 0 553 155310 8215
22.42 0.194824 -0.317724 5.9933 23791 0.5000007 141584 51786 4 2 251788.77 9.3867431 22.1003 22.42 58 519732 112913 20545 3 0 0 0 0 0 0 553 155321 8446
22.426625 0.194824 -0.317031 5.99333 23792 0.5000007 141671 51805 4 2 251252.16 9.3867431 22.1003 22.426625 51 520062 113330 20373 4 0 0 0 0 0 0 553 155401 8428
22.433375 0.194824 -0.316325 5.99337 23793 0.5000007 141554 51750 4 2 246929.48 9.3867431 22.1003 22.433375 48 520466 113232 20449 5 0 0 0 0 0 0 553 155272 8283
22.44 0.194824 -0.315632 5.99341 23794 0.5000007 141432 51672 4 2 255753.72 9.3867431 22.1003 22.44 51 519718 113435 20483 6 0 0 0 0 0 0 553 155158 8579
22.446625 0.194824 -0.314939 5.99344 23795 0.5000007 140145 51154 3 2 250387.63 9.3867431 22.1003 22.446625 49 514497 112298 20147 7 0 0 0 0 0 0 553 153830 8399
22.453375 0.194824 -0.314233 5.99348 23796 0.5000007 141695 51822 4 2 254352.57 9.3867431 22.1003 22.453375 50 520537 113834 20539 8 0 0 0 0 0 0 553 155455 8532
22.46 0.194824 -0.31354 5.99352 23797 0.5000007 141743 51803 4 2 251669.53 9.3867431 22.1003 22.46 48 521237 113563 20285 9 0 0 0 0 0 0 553 155479 8442
22.466625 0.194824 -0.312847 5.99355 23798 0.5000007 141750 51873 4 2 250655.93 9.3867431 22.1003 22.466625 49 522490 114076 20413 10 0 0 0 0 0 0 553 155495 8408
22.473375 0.194824 -0.312141 5.99359 23799 0.5000007 141637 51753 4 2 250655.93 9.3867431 22.1003 22.473375 51 521469 113194 19960 11 0 0 0 0 0 0 553 155373 8408
22.48 0.194824 -0.311447 5.99363 23800 0.5000007 141650 51779 5 2 250000.08 9.3867431 22.1003 22.48 52 521360 113595 20319 12 0 0 0 0 0 0 553 155369 8386
22.486625 0.194824 -0.310754 5.99366 23801 0.5000007 141638 51735 4 2 250119.32 9.3867431 22.1003 22.486625 50 521277 113999 20254 13 0 0 0 0 0 0 553 155383 8390
22.493375 0.194824 -0.310048 5.9937 23802 0.5000007 141634 51755 5 2 256349.95 9.3867431 22.1003 22.493375 53 521789 113830 20595 14 0 0 0 0 0 0 553 155366 8599
22.5 0.194824 -0.309355 5.99373 23803 0.5000007 141675 51751 2 2 252355.19 9.3867431 22.1003 22.5 53 521789 114023 20692 15 0 0 0 0 0 0 553 155406 8465
22.506625 0.194824 -0.308662 5.99377 23804 0.5000007 141625 51771 5 2 250864.61 9.3867431 22.1003 22.506625 51 522988 114364 20481 16 0 0 0 0 0 0 553 155368 8415
22.513375 0.194824 -0.307956 5.99381 23805 0.5000007 141604 51758 4 2 254203.51 9.3867431 22.1003 22.513375 53 522049 113812 20546 17 0 0 0 0 0 0 553 155340 8527
22.52 0.194824 -0.307263 5.99384 23806 0.5000007 141508 51680 6 2 247018.92 9.3867431 22.1003 22.52 51 520749 113302 20349 18 0 0 0 0 0 0 553 155234 8286
22.526625 0.194824 -0.30657 5.99388 23807 0.5000007 141626 51772 5 2 254442.01 9.3867431 22.1003 22.526625 52 523035 114290 20480 19 0 0 0 0 0 0 553 155362 8535
22.533375 0.194824 -0.305864 5.99391 23808 0.5000007 141622 51721 4 2 255068.05 9.3867431 22.1003 22.533375 51 522874 114235 20739 20 0 0 0 0 0 0 553 155350 8556
22.54 0.194824 -0.305171 5.99395 23809 0.5000007 141625 51760 4 2 248807.61 9.3867431 22.1003 22.54 53 522930 114147 20511 21 0 0 0 0 0 0 553 155361 8346
22.546625 0.194824 -0.304478 5.99398 23810 0.5000007 141509 51710 5 2 255395.98 9.3867431 22.1003 22.546625 55 522161 114298 20624 22 0 0 0 0 0 0 553 155235 8567
22.553375 0.194824 -0.303772 5.99402 23811 0.5000007 141556 51699 5 2 252444.63 9.3867431 22.1003 22.553375 53 522303 114047 20397 23 0 0 0 0 0 0 553 155286 8468
22.56 0.194824 -0.303079 5.99405 23811 0.5000007 141584 51694 4 2 248121.95 9.3867431 22.1003 22.56 49 524458 114181 20202 24 0 0 0 0 0 0 553 155313 8323
22.566625 0.194824 -0.302385 5.99409 23813 0.5000007 141428 51618 4 2 257125.05 9.3867431 22.1003 22.566625 52 522113 114024 20706 25 0 0 0 0 0 0 553 155169 8625
22.573375 0.194824 -0.301679 5.99413 23814 0.5000007 141491 51672 3 2 252057.08 9.3867431 22.1003 22.573375 50 522785 114343 20369 26 0 0 0 0 0 0 553 155231 8455
22.58 0.194824 -0.300986 5.99416 23814 0.5000007 141561 51713 5 2 253219.73 9.3867431 22.1003 22.58 63 522145 114433 20626 27 0 0 0 0 0 0 553 155305 8494
22.586625 0.194824 -0.300293 5.99419 23815 0.5000007 141534 51709 5 2 250506.87 9.3867431 22.1003 22.586625 47 522422 114376 20638 28 0 0 0 0 0 0 553 155278 8403
22.593375 0.194824 -0.299587 5.99423 23816 0.5000007 141519 51703 5 2 253815.96 9.3867431 22.1003 22.593375 50 522932 114155 20589 29 0 0 0 0 0 0 553 155249 8514
22.6 0.194824 -0.298894 5.99426 23817 0.5000007 141551 51738 4 2 252712.93 9.3867431 22.1003 22.6 54 524480 114397 20568 30 0 0 0 0 0 0 553 155281 8477
22.606625 0.194824 -0.298201 5.9943 23818 0.5000007 141505 51668 4 2 251252.16 9.3867431 22.1003 22.606625 52 524089 114423 20645 31 0 0 0 0 0 0 553 155257 8428
22.613375 0.194824 -0.297495 5.99433 23819 0.5000007 141488 51658 5 2 255425.79 9.3867431 22.1003 22.613375 50 524280 114679 20807 32 0 0 0 0 0 0 553 155234 8568
22.62 0.194824 -0.296801 5.99437 23820 0.5000007 141484 51710 4 2 252057.08 9.3867431 22.1003 22.62 53 524749 114600 20594 33 0 0 0 0 0 0 553 155215 8455
22.626625 0.194824 -0.296108 5.9944 23821 0.5000007 141548 51685 4 2 252772.56 9.3867431 22.1003 22.626625 52 524279 115015 20839 34 0 0 0 0 0 0 553 155302 8479
22.633375 0.194824 -0.295402 5.99444 23822 0.5000007 141461 51661 4 2 254292.95 9.3867431 22.1003 22.633375 53 524771 114806 20600 35 0 0 0 0 0 0 553 155203 8530
22.64 0.194824 -0.294709 5.99447 23823 0.5000007 141485 51681 4 2 253249.54 9.3867431 22.1003 22.64 50 525251 114900 20650 36 0 0 0 0 0 0 553 155211 8495
22.646625 0.194824 -0.294016 5.99451 23824 0.5000007 141504 51724 5 2 250894.43 9.3867431 22.1003 22.646625 54 524546 114965 20670 37 0 0 0 0 0 0 553 155248 8416
22.653375 0.194824 -0.29331 5.99454 23825 0.5000007 141463 51703 4 2 258734.88 9.3867431 22.1003 22.653375 49 524503 115302 20820 38 0 0 0 0 0 0 553 155190 8679
22.66 0.194824 -0.292616 5.99457 23826 0.5000007 141422 51649 5 2 256051.83 9.3867431 22.1003 22.66 53 524798 115177 20785 39 0 0 0 0 0 0 553 155145 8589
22.666625 0.194824 -0.291923 5.99461 23827 0.5000007 141483 51671 4 2 255604.66 9.3867431 22.1003 22.666625 54 526320 115380 20686 40 0 0 0 0 0 0 553 155219 8574
22.673375 0.194824 -0.291217 5.99464 23828 0.5000007 141528 51697 5 2 256469.19 9.3867431 22.1003 22.673375 51 526994 115054 20641 41 0 0 0 0 0 0 553 155251 8603
22.68 0.194824 -0.290524 5.99468 23829 0.5000007 141445 51672 5 2 254680.5 9.3867431 22.1003 22.68 53 526270 115241 20709 42 0 0 0 0 0 0 553 155172 8543
22.686625 0.194824 -0.289831 5.99471 23830 0.5000007 141496 51725 5 2 252504.25 9.3867431 22.1003 22.686625 52 525762 114936 20557 43 0 0 0 0 0 0 553 155230 8470
22.693375 0.194824 -0.289125 5.99474 23831 0.5000007 141662 51794 4 2 261060.18 9.3867431 22.1003 22.693375 50 529339 116675 21168 44 0 0 0 0 0 0 553 155403 8757
22.7 0.194824 -0.288431 5.99478 23832 0.5000007 141601 51764 4 2 257929.96 9.3867431 22.1003 22.7 51 527750 115819 20894 45 0 0 0 0 0 0 553 155322 8652
22.706625 0.194824 -0.287738 5.99481 23833 0.5000007 141553 51755 5 2 258526.2 9.3867431 22.1003 22.706625 48 528216 115536 20884 46 0 0 0 0 0 0 553 155283 8672
22.713375 0.194824 -0.287032 5.99484 23834 0.5000007 141566 51717 5 2 258854.12 9.3867431 22.1003 22.713375 51 529472 116342 20929 47 0 0 0 0 0 0 553 155326 8683
22.72 0.194824 -0.286339 5.99488 23835 0.5000007 141656 51856 5 2 259539.79 9.3867431 22.1003 22.72 52 528420 115913 21029 48 0 0 0 0 0 0 553 155385 8706
22.726625 0.194824 -0.285646 5.99491 23836 0.5000007 141504 51706 5 2 261656.41 9.3867431 22.1003 22.726625 52 526398 115842 21072 49 0 0 0 0 0 0 553 155231 8777
22.733375 0.194824 -0.284939 5.99494 23837 0.5000007 141596 51775 4 2 256528.82 9.3867431 22.1003 22.733375 52 527998 116117 20960 50 0 0 0 0 0 0 553 155344 8605
22.74 0.194824 -0.284246 5.99498 23838 0.5000007 141478 51745 5 2 262371.89 9.3867431 22.1003 22.74 52 529034 116578 21184 51 0 0 0 0 0 0 553 155212 8801
22.746625 0.194824 -0.283553 5.99501 23839 0.5000007 141530 51765 4 2 257631.85 9.3867431 22.1003 22.746625 50 529493 115986 21048 52 0 0 0 0 0 0 553 155282 8642
22.753375 0.194824 -0.282847 5.99504 23840 0.5000007 141494 51702 5 2 257542.41 9.3867431 22.1003 22.753375 50 529543 116230 20991 53 0 0 0 0 0 0 553 155239 8639
22.76 0.194824 -0.282154 5.99508 23841 0.5000007 141642 51828 5 2 257631.85 9.3867431 22.1003 22.76 51 529589 116798 21218 54 0 0 0 0 0 0 553 155372 8642
22.766625 0.194824 -0.28146 5.99511 23842 0.5000007 141535 51792 4 2 264428.89 9.3867431 22.1003 22.766625 57 531310 117170 21347 55 0 0 0 0 0 0 553 155259 8870
22.773375 0.194824 -0.280754 5.99514 23843 0.5000007 141703 51839 6 2 258764.69 9.3867431 22.1003 22.773375 49 531662 116460 20924 56 0 0 0 0 0 0 553 155438 8680
22.78 0.194824 -0.280061 5.99517 23844 0.5000007 141635 51845 4 2 260940.93 9.3867431 22.1003 22.78 52 531737 117411 21243 57 0 0 0 0 0 0 553 155372 8753
22.786625 0.194824 -0.279368 5.99521 23845 0.5000007 141565 51773 4 2 253607.28 9.3867431 22.1003 22.786625 51 530673 116361 20890 58 0 0 0 0 0 0 553 155290 8507
22.793375 0.194824 -0.278661 5.99524 23846 0.5000007 141664 51845 4 2 258257.89 9.3867431 22.1003 22.793375 49 532641 117381 21211 59 0 0 0 0 0 0 553 155395 8663
22.8 0.194824 -0.277968 5.99527 23847 0.5000007 141583 51802 4 2 263385.49 9.3867431 22.1003 22.8 49 530353 116989 21303 60 0 0 0 0 0 0 553 155325 8835
22.806625 0.194824 -0.277275 5.9953 23848 0.5000007 141611 51805 5 2 264220.21 9.3867431 22.1003 22.806625 56 531833 117181 21323 61 0 0 0 0 0 0 553 155348 8863
22.813375 0.194824 -0.276569 5.99534 23849 0.5000007 141673 51858 4 2 259301.3 9.3867431 22.1003 22.813375 50 533225 117735 21159 62 0 0 0 0 0 0 553 155408 8698
22.82 0.194824 -0.275875 5.99537 23850 0.5000007 141615 51848 4 2 258645.44 9.3867431 22.1003 22.82 50 533962 118039 21286 63 0 0 0 0 0 0 553 155321 8676
22.826625 0.194824 -0.275182 5.9954 23851 0.5000007 141552 51805 4 2 263653.79 9.3867431 22.1003 22.826625 52 532893 117367 21115 64 0 0 0 0 0 0 553 155285 8844
22.833375 0.194824 -0.274476 5.99543 23852 0.5000007 141656 51858 4 2 266157.96 9.3867431 22.1003 22.833375 53 535485 118866 21417 65 0 0 0 0 0 0 553 155380 8928
22.84 0.194824 -0.273783 5.99546 23853 0.5000007 141748 51906 5 2 265949.28 9.3867431 22.1003 22.84 50 535873 118380 21473 66 0 0 0 0 0 0 553 155477 8921
22.846625 0.194824 -0.273089 5.9955 23854 0.5000007 141697 51895 4 2 265293.43 9.3867431 22.1003 22.846625 52 535337 118175 21498 67 0 0 0 0 0 0 553 155410 8899
22.853375 0.194824 -0.272383 5.99553 23855 0.5000007 141613 51842 5 2 263206.62 9.3867431 22.1003 22.853375 52 535099 118377 21457 68 0 0 0 0 0 0 553 155340 8829
22.86 0.194824 -0.27169 5.99556 23856 0.5000007 141666 51903 4 2 263773.04 9.3867431 22.1003 22.86 56 535948 118266 21241 69 0 0 0 0 0 0 553 155387 8848
22.866625 0.194824 -0.270996 5.99559 23857 0.5000007 141742 51919 4 2 263296.05 9.3867431 22.1003 22.866625 50 536381 118909 21501 70 0 0 0 0 0 0 553 155469 8832
22.873375 0.194824 -0.27029 5.99562 23858 0.5000007 141634 51863 5 2 266843.63 9.3867431 22.1003 22.873375 52 536041 118900 21773 71 0 0 0 0 0 0 553 155370 8951
22.88 0.194824 -0.269597 5.99565 23859 0.5000007 141572 51811 4 2 270271.97 9.3867431 22.1003 22.88 52 536287 119105 21844 72 0 0 0 0 0 0 553 155308 9066
22.886625 0.194824 -0.268904 5.99569 23860 0.5000007 141661 51893 4 2 267380.24 9.3867431 22.1003 22.886625 52 538218 119360 21649 73 0 0 0 0 0 0 553 155405 8969
22.893375 0.194824 -0.268197 5.99572 23861 0.5000007 141628 51870 4 2 263504.73 9.3867431 22.1003 22.893375 51 538251 119822 21693 74 0 0 0 0 0 0 553 155356 8839
22.9 0.194824 -0.267504 5.99575 23862 0.5000007 141683 51878 4 2 267350.43 9.3867431 22.1003 22.9 53 539238 120000 21842 75 0 0 0 0 0 0 553 155395 8968
22.906625 0.194824 -0.266811 5.99578 23863 0.5000007 141716 51902 4 2 267320.62 9.3867431 22.1003 22.906625 50 540243 119888 21741 76 0 0 0 0 0 0 553 155441 8967
22.913375 0.194824 -0.266104 5.99581 23864 0.5000007 141645 51903 4 2 264458.7 9.3867431 22.1003 22.913375 51 539532 119897 21714 77 0 0 0 0 0 0 553 155376 8871
22.92 0.194824 -0.265411 5.99584 23865 0.5000007 141636 51889 5 2 272090.47 9.3867431 22.1003 22.92 52 540578 120970 22009 78 0 0 0 0 0 0 553 155361 9127
22.926625 0.194824 -0.264718 5.99587 23866 0.5000007 141614 51818 4 2 274922.58 9.3867431 22.1003 22.926625 50 540540 120614 22125 79 0 0 0 0 0 0 553 155347 9222
22.933375 0.194824 -0.264011 5.9959 23867 0.5000007 141668 51876 4 2 271076.88 9.3867431 22.1003 22.933375 49 541778 120818 22121 80 0 0 0 0 0 0 553 155420 9093
22.94 0.194824 -0.263318 5.99593 23868 0.5000007 141701 51874 5 2 271076.88 9.3867431 22.1003 22.94 53 542482 121269 22270 81 0 0 0 0 0 0 553 155436 9093
22.946625 0.194824 -0.262625 5.99596 23869 0.5000007 141614 51915 4 2 276383.34 9.3867431 22.1003 22.946625 50 543164 121725 22317 82 0 0 0 0 0 0 553 155330 9271
22.953375 0.194824 -0.261918 5.99599 23870 0.5000007 141624 51888 5 2 271047.07 9.3867431 22.1003 22.953375 50 541900 121423 22138 83 0 0 0 0 0 0 553 155356 9092
22.96 0.194824 -0.261225 5.99602 23871 0.5000007 141672 51907 4 2 274684.08 9.3867431 22.1003 22.96 54 545025 122337 22416 84 0 0 0 0 0 0 553 155410 9214
22.966625 0.194824 -0.260532 5.99605 23872 0.5000007 141624 51907 5 2 270271.97 9.3867431 22.1003 22.966625 50 543533 121851 22114 85 0 0 0 0 0 0 553 155329 9066
22.973375 0.194824 -0.259825 5.99609 23873 0.5000007 141667 51880 5 2 276770.89 9.3867431 22.1003 22.973375 48 544734 122713 22525 86 0 0 0 0 0 0 553 155380 9284
22.98 0.194824 -0.259132 5.99612 23874 0.5000007 141715 51899 4 2 277396.94 9.3867431 22.1003 22.98 50 546125 122143 22378 87 0 0 0 0 0 0 553 155432 9305
22.986625 0.194824 -0.258439 5.99615 23875 0.5000007 141471 51814 5 2 276800.71 9.3867431 22.1003 22.986625 51 547513 123513 22467 88 0 0 0 0 0 0 553 155204 9285
22.993375 0.194824 -0.257732 5.99618 23876 0.5000007 141727 51957 4 2 281481.13 9.3867431 22.1003 22.993375 57 547400 123907 22610 89 0 0 0 0 0 0 553 155457 9442
23 0.194824 -0.257039 5.99621 23877 0.5000007 141701 51893 5 2 274773.52 9.3867431 22.1003 23 50 547561 124160 22463 90 0 0 0 0 0 0 553 155431 9217
23.006625 0.194824 -0.256346 5.99624 23878 0.5000007 141712 51954 4 2 281719.62 9.3867431 22.1003 23.006625 50 549897 124421 22863 91 0 0 0 0 0 0 553 155438 9450
23.013375 0.194824 -0.255639 5.99627 23879 0.5000007 141572 51836 4 2 284253.61 9.3867431 22.1003 23.013375 50 548555 125076 22973 92 0 0 0 0 0 0 553 155300 9535
23.02 0.194824 -0.254946 5.99629 23880 0.5000007 141689 51877 4 2 280378.1 9.3867431 22.1003 23.02 57 550794 125538 22968 93 0 0 0 0 0 0 553 155430 9405
23.026625 0.194824 -0.254253 5.99632 23881 0.5000007 141565 51810 4 2 282494.72 9.3867431 22.1003 23.026625 54 549779 125661 23042 94 0 0 0 0 0 0 553 155273 9476
23.033375 0.194824 -0.253546 5.99635 23882 0.5000007 141689 51968 4 2 288457.04 9.3867431 22.1003 23.033375 51 553065 126752 23292 95 0 0 0 0 0 0 553 155403 9676
23.04 0.194824 -0.252853 5.99638 23883 0.5000007 141668 51896 6 2 289977.43 9.3867431 22.1003 23.04 55 555267 126694 23532 96 0 0 0 0 0 0 553 155385 9727
23.046625 0.194824 -0.252159 5.99641 23884 0.5000007 141594 51854 4 2 289023.46 9.3867431 22.1003 23.046625 57 554440 127408 23608 97 0 0 0 0 0 0 553 155322 9695
23.053375 0.194824 -0.251453 5.99644 23885 0.5000007 141615 51878 4 2 287055.9 9.3867431 22.1003 23.053375 55 555822 127539 23694 98 0 0 0 0 0 0 553 155328 9629
23.06 0.194824 -0.25076 5.99647 23886 0.5000007 141613 51897 4 2 295283.9 9.3867431 22.1003 23.06 57 557980 129176 23950 99 0 0 0 0 0 0 553 155360 9905
23.066625 0.194824 -0.250066 5.9965 23887 0.5000007 141571 51846 4 2 295403.14 9.3867431 22.1003 23.066625 57 558075 130063 23933 100 0 0 0 0 0 0 553 155283 9909
23.073375 0.194824 -0.24936 5.99653 23888 0.5000007 141587 51798 4 2 294538.61 9.3867431 22.1003 23.073375 64 559863 130775 24118 101 0 0 0 0 0 0 553 155312 9880
23.08 0.194824 -0.248666 5.99656 23889 0.5000007 141700 51915 5 2 295880.13 9.3867431 22.1003 23.08 67 562703 131715 24406 102 0 0 0 0 0 0 553 155424 9925
23.086625 0.194824 -0.247973 5.99659 23890 0.5000007 141680 51898 4 2 299755.64 9.3867431 22.1003 23.086625 68 563187 132621 24556 103 0 0 0 0 0 0 553 155410 10055
23.093375 0.194824 -0.247267 5.99662 23891 0.5000007 141578 51832 4 2 306522.87 9.3867431 22.1003 23.093375 67 564695 134169 24801 104 0 0 0 0 0 0 553 155303 10282
23.1 0.194824 -0.246573 5.99664 23892 0.5000007 141733 51932 4 2 311501.41 9.3867431 22.1003 23.1 77 567415 135121 25371 105 0 0 0 0 0 0 553 155455 10449
23.106625 0.194824 -0.24588 5.99667 23893 0.5000007 141685 51895 5 2 313290.1 9.3867431 22.1003 23.106625 85 569630 137182 25385 106 0 0 0 0 0 0 553 155402 10509
23.113375 0.194824 -0.245173 5.9967 23894 0.5000007 141581 51881 5 2 317255.05 9.3867431 22.1003 23.113375 91 573133 139090 25838 107 0 0 0 0 0 0 553 155308 10642
23.12 0.194824 -0.24448 5.99673 23895 0.5000007 141515 51806 5 2 312574.63 9.3867431 22.1003 23.12 91 574734 140765 25803 108 0 0 0 0 0 0 553 155232 10485
23.126625 0.194824 -0.243787 5.99676 23896 0.5000007 141652 51827 5 2 324201.15 9.3867431 22.1003 23.126625 113 577673 143319 26253 109 0 0 0 0 0 0 553 155371 10875
23.133375 0.194824 -0.24308 5.99679 23897 0.5000007 141581 51882 5 2 331803.11 9.3867431 22.1003 23.133375 135 580745 146907 27068 110 0 0 0 0 0 0 553 155314 11130
23.14 0.194824 -0.242387 5.99682 23898 0.5000007 141607 51883 5 2 332190.66 9.3867431 22.1003 23.14 166 585796 150821 26953 111 0 0 0 0 0 0 553 155320 11143
23.146625 0.194824 -0.241693 5.99684 23899 0.5000007 141537 51833 4 2 335857.49 9.3867431 22.1003 23.146625 223 588915 154463 27298 112 0 0 0 0 0 0 553 155256 11266
23.153375 0.194824 -0.240987 5.99687 23900 0.5000007 141680 51870 5 2 346530.04 9.3867431 22.1003 23.153375 320 595930 161737 28146 113 0 0 0 0 0 0 553 155390 11624
23.16 0.194824 -0.240293 5.9969 23901 0.5000007 141516 51815 4 2 354579.17 9.3867431 22.1003 23.16 434 605129 169574 28674 114 0 0 0 0 0 0 553 155252 11894
23.166625 0.194824 -0.2396 5.99693 23902 0.5000007 141502 51797 5 2 357232.4 9.3867431 22.1003 23.166625 609 614623 179313 29276 115 0 0 0 0 0 0 553 155235 11983
23.173375 0.194824 -0.238894 5.99696 23903 0.5000007 141539 51842 4 2 370528.38 9.3867431 22.1003 23.173375 928 629456 193360 30250 116 0 0 0 0 0 0 553 155255 12429
23.18 0.194824 -0.2382 5.99698 23903 0.5000007 141557 51889 4 2 375178.99 9.3867431 22.1003 23.18 1394 646157 212255 30678 117 0 0 0 0 0 0 553 155282 12585
23.186625 0.194824 -0.237507 5.99701 23904 0.5000007 141528 51814 5 2 382393.39 9.3867431 22.1003 23.186625 2242 671912 238049 31684 118 0 0 0 0 0 0 553 155233 12827
23.193375 0.194824 -0.2368 5.99704 23905 0.5000007 141586 51869 4 2 398551.28 9.3867431 22.1003 23.193375 3632 710845 275604 32700 119 0 0 0 0 0 0 553 155309 13369
23.2 0.194824 -0.236107 5.99707 23906 0.5000007 141549 51845 4 2 412950.28 9.3867431 22.1003 23.2 5868 762203 327923 34082 120 0 0 0 0 0 0 553 155267 13852
23.206625 0.194824 -0.235413 5.99709 23907 0.5000007 141572 51873 5 2 413158.96 9.3867431 22.1003 23.206625 9860 836592 402874 34910 121 0 0 0 0 0 0 553 155292 13859
23.213375 0.194824 -0.234707 5.99712 23908 0.5000007 141497 51843 4 2 426574.18 9.3867431 22.1003 23.213375 17220 951752 517503 37029 122 0 0 0 0 0 0 553 155212 14309
23.22 0.194824 -0.234013 5.99715 23909 0.5000007 141491 51835 4 2 425739.46 9.3867431 22.1003 23.22 29277 1113480 680624 38261 123 0 0 0 0 0 0 553 155218 14281
23.226625 0.194824 -0.23332 5.99718 23910 0.5000007 141502 51823 4 2 447710.61 9.3867431 22.1003 23.226625 47723 1333365 899293 41232 124 0 0 0 0 0 0 553 155196 15018
23.233375 0.194824 -0.232613 5.9972 23911 0.5000007 141691 51954 5 2 449946.48 9.3867431 22.1003 23.233375 72977 1623517 1189180 44160 125 0 0 0 0 0 0 553 155426 15093
23.24 0.194824 -0.23192 5.99723 23912 0.5000007 141529 51840 4 2 466044.74 9.3867431 22.1003 23.24 111095 1951582 1517795 47826 126 0 0 0 0 0 0 553 155232 15633
23.246625 0.194824 -0.231227 5.99726 23913 0.5000007 141634 51914 5 2 482560.37 9.3867431 22.1003 23.246625 154893 2368228 1934360 52754 127 0 0 0 0 0 0 553 155347 16187
23.253375 0.194824 -0.23052 5.99728 23914 0.5000007 141575 51857 4 2 500387.71 9.3867431 22.1003 23.253375 208078 2900007 2466521 58906 128 0 0 0 0 0 0 553 155312 16785
23.26 0.194824 -0.229827 5.99731 23915 0.5000007 139469 51046 4 2 521226.01 9.3867431 22.1003 23.26 259304 3493504 3065891 65052 129 0 0 0 0 0 0 553 153112 17484
23.266625 0.194824 -0.229133 5.99734 23916 0.5000007 142198 52175 4 2 562634.33 9.3867431 22.1003 23.266625 324907 4191084 3754123 75577 130 0 0 0 0 0 0 553 155924 18873
23.273375 0.194824 -0.228427 5.99736 23917 0.5000007 142162 52169 4 2 589941.75 9.3867431 22.1003 23.273375 350135 4481557 4043923 84972 131 0 0 0 0 0 0 553 155878 19789
23.28 0.194824 -0.227733 5.99739 23918 0.5000007 142072 52035 5 2 603148.29 9.3867431 22.1003 23.28 386442 4398254 3961285 92298 132 0 0 0 0 0 0 553 155782 20232
23.286625 0.194824 -0.22704 5.99742 23919 0.5000007 142199 52167 4 2 598944.86 9.3867431 22.1003 23.286625 389702 4059494 3622394 99295 133 0 0 0 0 0 0 553 155905 20091
23.293375 0.194824 -0.226333 5.99744 23920 0.5000007 142255 52211 5 2 584039.06 9.3867431 22.1003 23.293375 322001 3315505 2878567 102464 134 0 0 0 0 0 0 553 155967 19591
23.3 0.194824 -0.22564 5.99747 23921 0.5000007 142226 52186 5 2 547460.22 9.3867431 22.1003 23.3 191387 2326467 1891076 96693 135 0 0 0 0 0 0 553 155957 18364
23.306625 0.194824 -0.224946 5.9975 23922 0.5000007 142143 52151 4 2 523133.96 9.3867431 22.1003 23.306625 94210 1488218 1055662 85422 136 0 0 0 0 0 0 553 155863 17548
23.313375 0.194824 -0.22424 5.99752 23923 0.5000007 142243 52195 5 2 507870.42 9.3867431 22.1003 23.313375 32857 1034443 600477 75575 137 0 0 0 0 0 0 553 155971 17036
23.32 0.194824 -0.223546 5.99755 23924 0.5000007 142315 52214 5 2 504710.39 9.3867431 22.1003 23.32 11811 837871 403246 69338 138 0 0 0 0 0 0 553 156011 16930
23.326625 0.194824 -0.222853 5.99757 23925 0.5000007 142371 52276 4 2 491324.98 9.3867431 22.1003 23.326625 5062 743199 309438 64387 139 0 0 0 0 0 0 553 156071 16481
23.333375 0.194824 -0.222146 5.9976 23926 0.5000007 142287 52218 5 2 486674.37 9.3867431 22.1003 23.333375 2489 693445 260184 59809 140 0 0 0 0 0 0 553 155991 16325
23.34 0.194824 -0.221452 5.99763 23927 0.5000007 142286 52197 4 2 475524.83 9.3867431 22.1003 23.34 1481 667529 233292 56195 141 0 0 0 0 0 0 553 156005 15951
23.346625 0.194824 -0.220759 5.99765 23928 0.5000007 142289 52222 5 2 485243.41 9.3867431 22.1003 23.346625 948 650603 215790 52851 142 0 0 0 0 0 0 553 155998 16277
23.353375 0.194824 -0.220052 5.99768 23929 0.5000007 142322 52258 4 2 479102.22 9.3867431 22.1003 23.353375 689 639997 204570 50488 143 0 0 0 0 0 0 553 156038 16071
23.36 0.194824 -0.219359 5.9977 23930 0.5000007 142227 52224 4 2 467117.96 9.3867431 22.1003 23.36 473 629802 195395 47468 144 0 0 0 0 0 0 553 155941 15669
23.366625 0.194824 -0.218665 5.99773 23931 0.5000007 142230 52170 5 2 466104.37 9.3867431 22.1003 23.366625 383 623550 189591 45410 145 0 0 0 0 0 0 553 155946 15635
23.373375 0.194824 -0.217959 5.99775 23932 0.5000007 142292 52240 5 2 468936.47 9.3867431 22.1003 23.373375 285 619360 184788 44009 146 0 0 0 0 0 0 553 155997 15730
23.38 0.194824 -0.217265 5.99778 23933 0.5000007 142387 52292 5 2 469711.57 9.3867431 22.1003 23.38 249 615916 181390 42548 147 0 0 0 0 0 0 553 156100 15756
23.386625 0.194824 -0.216572 5.9978 23934 0.5000007 142316 52246 4 2 472007.06 9.3867431 22.1003 23.386625 217 613680 178374 41314 148 0 0 0 0 0 0 553 156034 15833
23.393375 0.194824 -0.215865 5.99783 23935 0.5000007 142338 52311 5 2 471082.9 9.3867431 22.1003 23.393375 159 611127 175692 40459 149 0 0 0 0 0 0 553 156061 15802
23.4 0.194824 -0.215172 5.99785 23936 0.5000007 142343 52319 5 2 481099.6 9.3867431 22.1003 23.4 152 609875 174046 39716 150 0 0 0 0 0 0 553 156042 16138
23.406625 0.194824 -0.214478 5.99788 23937 0.5000007 142319 52305 5 2 477820.32 9.3867431 22.1003 23.406625 123 607532 172605 39105 151 0 0 0 0 0 0 553 156045 16028
23.413375 0.194824 -0.213772 5.9979 23938 0.5000007 142373 52291 5 2 482500.75 9.3867431 22.1003 23.413375 119 607878 171268 39069 152 0 0 0 0 0 0 553 156090 16185
23.42 0.194824 -0.213078 5.99793 23939 0.5000007 142419 52361 4 2 477522.21 9.3867431 22.1003 23.42 105 605806 169650 38138 153 0 0 0 0 0 0 553 156129 16018
23.426625 0.194824 -0.212384 5.99795 23940 0.5000007 142386 52342 5 2 502355.27 9.3867431 22.1003 23.426625 100 606740 170139 39131 154 0 0 0 0 0 0 553 156092 16851
23.433375 0.194824 -0.211678 5.99798 23941 0.5000007 142402 52323 4 2 514488.59 9.3867431 22.1003 23.433375 100 602881 169062 39308 155 0 0 0 0 0 0 553 156116 17258
23.44 0.194824 -0.210984 5.998 23942 0.5000007 142442 52371 5 2 519735.43 9.3867431 22.1003 23.44 93 605530 169811 39400 156 0 0 0 0 0 0 553 156144 17434
23.446625 0.194824 -0.210291 5.99803 23943 0.5000007 142418 52378 5 2 539381.28 9.3867431 22.1003 23.446625 93 607634 170445 39757 157 0 0 0 0 0 0 553 156119 18093
23.453375 0.194824 -0.209584 5.99805 23944 0.5000007 142449 52386 4 2 553690.85 9.3867431 22.1003 23.453375 99 607624 171602 40520 158 0 0 0 0 0 0 553 156148 18573
23.46 0.194824 -0.208891 5.99808 23945 0.5000007 142428 52344 5 2 570117.04 9.3867431 22.1003 23.46 125 610020 172593 41097 159 0 0 0 0 0 0 553 156120 19124
23.466625 0.194824 -0.208197 5.9981 23946 0.5000007 142378 52357 4 2 586513.42 9.3867431 22.1003 23.466625 147 609996 174280 42357 160 0 0 0 0 0 0 553 156081 19674
23.473375 0.194824 -0.20749 5.99812 23947 0.5000007 142486 52447 5 2 605801.52 9.3867431 22.1003 23.473375 157 610012 175481 42828 161 0 0 0 0 0 0 553 156184 20321
23.48 0.194824 -0.206797 5.99815 23948 0.5000007 142478 52397 5 2 635941.05 9.3867431 22.1003 23.48 183 614799 178302 44434 162 0 0 0 0 0 0 553 156185 21332
23.486625 0.194824 -0.206103 5.99817 23949 0.5000007 142368 52376 4 2 661668.46 9.3867431 22.1003 23.486625 188 615404 179703 45746 163 0 0 0 0 0 0 553 156091 22195
23.493375 0.194824 -0.205397 5.9982 23950 0.5000007 142421 52377 6 2 674666.32 9.3867431 22.1003 23.493375 216 616187 180230 46317 164 0 0 0 0 0 0 553 156123 22631
23.5 0.194824 -0.204703 5.99822 23951 0.5000007 142398 52383 4 2 700870.72 9.3867431 22.1003 23.5 227 619839 183319 48016 165 0 0 0 0 0 0 553 156084 23510
23.506625 0.194824 -0.20401 5.99824 23952 0.5000007 142416 52373 4 2 715001.41 9.3867431 22.1003 23.506625 207 621056 184737 49122 166 0 0 0 0 0 0 553 156109 23984
23.513375 0.194824 -0.203303 5.99827 23953 0.5000007 142392 52358 5 2 740699.01 9.3867431 22.1003 23.513375 182 623516 187355 50888 167 0 0 0 0 0 0 553 156098 24846
23.52 0.194824 -0.202609 5.99829 23954 0.5000007 142456 52463 5 2 754531.6 9.3867431 22.1003 23.52 199 624125 188007 52167 168 0 0 0 0 0 0 553 156147 25310
23.526625 0.194824 -0.201916 5.99831 23955 0.5000007 142466 52431 4 2 781332.22 9.3867431 22.1003 23.526625 193 627241 191121 53841 169 0 0 0 0 0 0 553 156154 26209
23.533375 0.194824 -0.201209 5.99834 23956 0.5000007 142498 52452 4 2 811143.82 9.3867431 22.1003 23.533375 205 629132 193061 55601 170 0 0 0 0 0 0 553 156187 27209
23.54 0.194824 -0.200516 5.99836 23957 0.5000007 142417 52404 4 2 840508.25 9.3867431 22.1003 23.54 198 631445 195493 57875 171 0 0 0 0 0 0 553 156118 28194
23.546625 0.194824 -0.199822 5.99838 23958 0.5000007 142515 52439 4 2 876580.29 9.3867431 22.1003 23.546625 213 635255 198939 59932 172 0 0 0 0 0 0 553 156225 29404
23.553375 0.194824 -0.199115 5.99841 23959 0.5000007 142510 52448 5 2 898640.87 9.3867431 22.1003 23.553375 211 636727 201153 61809 173 0 0 0 0 0 0 553 156209 30144
23.56 0.194824 -0.198422 5.99843 23960 0.5000007 142524 52451 4 2 931970.24 9.3867431 22.1003 23.56 219 641582 204447 63835 174 0 0 0 0 0 0 553 156245 31262
23.566625 0.194824 -0.197728 5.99845 23961 0.5000007 142468 52413 4 2 973944.97 9.3867431 22.1003 23.566625 235 644191 208015 66427 175 0 0 0 0 0 0 553 156174 32670
23.573375 0.194824 -0.197021 5.99848 23962 0.5000007 142378 52366 5 2 1020570.3 9.3867431 22.1003 23.573375 234 648042 212049 69419 176 0 0 0 0 0 0 553 156069 34234
23.58 0.194824 -0.196328 5.9985 23963 0.5000007 142504 52477 5 2 1051037.8 9.3867431 22.1003 23.58 244 651154 214868 71659 177 0 0 0 0 0 0 553 156197 35256
23.586625 0.194824 -0.195634 5.99852 23964 0.5000007 142514 52492 4 2 1095874.4 9.3867431 22.1003 23.586625 258 655542 219778 74688 178 0 0 0 0 0 0 553 156219 36760
23.593375 0.194824 -0.194928 5.99855 23965 0.5000007 142510 52473 5 2 1129203.8 9.3867431 22.1003 23.593375 271 660476 224416 77768 179 0 0 0 0 0 0 553 156213 37878
23.6 0.194824 -0.194234 5.99857 23966 0.5000007 142364 52411 6 2 1176544.6 9.3867431 22.1003 23.6 280 665832 230031 81318 180 0 0 0 0 0 0 553 156058 39466
23.606625 0.194824 -0.19354 5.99859 23967 0.5000007 142455 52467 5 2 1214494.8 9.3867431 22.1003 23.606625 285 671900 237115 85189 181 0 0 0 0 0 0 553 156137 40739
23.613375 0.194824 -0.192834 5.99861 23968 0.5000007 142553 52510 5 2 1258824.6 9.3867431 22.1003 23.613375 311 678853 242443 88772 182 0 0 0 0 0 0 553 156248 42226
23.62 0.194824 -0.19214 5.99864 23969 0.5000007 142377 52411 4 2 1271375.3 9.3867431 22.1003 23.62 352 685639 249046 92177 183 0 0 0 0 0 0 553 156059 42647
23.626625 0.194824 -0.191446 5.99866 23970 0.5000007 142543 52516 5 2 1306851.1 9.3867431 22.1003 23.626625 385 694272 258058 96671 184 0 0 0 0 0 0 553 156221 43837
23.633375 0.194824 -0.19074 5.99868 23971 0.5000007 142562 52512 5 2 1315764.8 9.3867431 22.1003 23.633375 451 701718 265969 100307 185 0 0 0 0 0 0 553 156254 44136
23.64 0.194824 -0.190046 5.9987 23972 0.5000007 142499 52486 4 2 1356248.9 9.3867431 22.1003 23.64 505 713923 277027 105312 186 0 0 0 0 0 0 553 156192 45494
23.646625 0.194824 -0.189352 5.99872 23973 0.5000007 142588 52558 4 2 1361257.3 9.3867431 22.1003 23.646625 617 722739 286713 109353 187 0 0 0 0 0 0 553 156269 45662
23.653375 0.194824 -0.188646 5.99875 23974 0.5000007 142548 52541 5 2 1395033.8 9.3867431 22.1003 23.653375 707 736199 300201 114337 188 0 0 0 0 0 0 553 156233 46795
23.66 0.194824 -0.187952 5.99877 23975 0.5000007 142516 52470 5 2 1383973.7 9.3867431 22.1003 23.66 853 749128 313984 119169 189 0 0 0 0 0 0 553 156216 46424
23.666625 0.194824 -0.187259 5.99879 23976 0.5000007 142560 52562 5 2 1357530.8 9.3867431 22.1003 23.666625 1101 764635 327946 122190 190 0 0 0 0 0 0 553 156247 45537
23.673375 0.194824 -0.186552 5.99881 23977 0.5000007 142554 52505 5 2 1337497.4 9.3867431 22.1003 23.673375 1348 783113 347970 125548 191 0 0 0 0 0 0 553 156243 44865
23.68 0.194824 -0.185858 5.99883 23978 0.5000007 142574 52570 5 2 1281153.5 9.3867431 22.1003 23.68 1671 803816 367506 127226 192 0 0 0 0 0 0 553 156299 42975
23.686625 0.194824 -0.185165 5.99886 23979 0.5000007 142484 52528 5 2 1244097.7 9.3867431 22.1003 23.686625 2118 827695 392347 128563 193 0 0 0 0 0 0 553 156173 41732
23.693375 0.194824 -0.184458 5.99888 23980 0.5000007 142580 52596 5 2 1196071.2 9.3867431 22.1003 23.693375 2741 858784 423640 130529 194 0 0 0 0 0 0 553 156271 40121
23.7 0.194824 -0.183764 5.9989 23981 0.5000007 142714 52620 5 2 1145331.9 9.3867431 22.1003 23.7 3820 899623 464313 130960 195 0 0 0 0 0 0 553 156421 38419
23.706625 0.194824 -0.183071 5.99892 23982 0.5000007 142538 52531 5 2 1090299.6 9.3867431 22.1003 23.706625 5064 950310 514397 131242 196 0 0 0 0 0 0 553 156213 36573
23.713375 0.194824 -0.182364 5.99894 23983 0.5000007 142719 52719 5 2 1056016.3 9.3867431 22.1003 23.713375 7243 1025894 589937 132591 197 0 0 0 0 0 0 553 156424 35423
23.72 0.194824 -0.18167 5.99896 23984 0.5000007 142529 52539 4 2 1026294.1 9.3867431 22.1003 23.72 10445 1131279 696089 133105 198 0 0 0 0 0 0 553 156219 34426
23.726625 0.194824 -0.180976 5.99898 23985 0.5000007 142539 52547 6 2 1010166.1 9.3867431 22.1003 23.726625 16418 1294634 859071 133178 199 0 0 0 0 0 0 553 156232 33885
23.733375 0.194824 -0.18027 5.999 23986 0.5000007 142657 52670 4 2 998688.6 9.3867431 22.1003 23.733375 30339 1563350 1127668 132848 200 0 0 0 0 0 0 553 156348 33500
23.74 0.194824 -0.179576 5.99902 23987 0.5000007 142701 52657 4 2 1001967.9 9.3867431 22.1003 23.74 58973 2002047 1566067 132881 201 0 0 0 0 0 0 553 156393 33610
23.746625 0.194824 -0.178882 5.99905 23988 0.5000007 142593 52638 5 2 1014995.5 9.3867431 22.1003 23.746625 107681 2714724 2277587 132808 202 0 0 0 0 0 0 553 156285 34047
23.753375 0.194824 -0.178176 5.99907 23989 0.5000007 142616 52610 4 2 1042690.5 9.3867431 22.1003 23.753375 195533 3692262 3253792 132994 203 0 0 0 0 0 0 553 156303 34976
23.76 0.194824 -0.177482 5.99909 23990 0.5000007 142760 52696 5 2 1059146.5 9.3867431 22.1003 23.76 272685 4560122 4121582 132842 204 0 0 0 0 0 0 553 156463 35528
23.766625 0.194824 -0.176788 5.99911 23991 0.5000007 142582 52586 5 2 1098229.5 9.3867431 22.1003 23.766625 296314 5259459 4820567 133194 205 0 0 0 0 0 0 553 156266 36839
23.773375 0.194824 -0.176082 5.99913 23992 0.5000007 142653 52639 6 2 1100733.7 9.3867431 22.1003 23.773375 335664 5409448 4970509 130050 206 0 0 0 0 0 0 553 156352 36923
23.78 0.194824 -0.175388 5.99915 23993 0.5000007 142682 52685 4 2 1097961.2 9.3867431 22.1003 23.78 343737 4689791 4250326 124718 207 0 0 0 0 0 0 553 156364 36830
23.786625 0.194824 -0.174694 5.99917 23994 0.5000007 142613 52619 4 2 1110720.6 9.3867431 22.1003 23.786625 282421 3788737 3351157 119921 208 0 0 0 0 0 0 553 156305 37258
23.793375 0.194824 -0.173988 5.99919 23995 0.5000007 142640 52659 4 2 1130843.4 9.3867431 22.1003 23.793375 221732 2996618 2559470 116671 209 0 0 0 0 0 0 553 156322 37933
23.8 0.194824 -0.173294 5.99921 23996 0.5000007 142675 52688 5 2 1174487.6 9.3867431 22.1003 23.8 201995 2456233 2020272 115695 210 0 0 0 0 0 0 553 156362 39397
23.806625 0.194824 -0.1726 5.99923 23997 0.5000007 142643 52680 5 2 1238522.9 9.3867431 22.1003 23.806625 189227 2058217 1621414 116586 211 0 0 0 0 0 0 553 156334 41545
23.813375 0.194824 -0.171893 5.99925 23998 0.5000007 142604 52613 6 2 1317136.1 9.3867431 22.1003 23.813375 182652 1761384 1325436 121139 212 0 0 0 0 0 0 553 156290 44182
23.82 0.194824 -0.1712 5.99927 23999 0.5000007 142566 52611 5 2 1389339.8 9.3867431 22.1003 23.82 106092 1423168 988215 128565 213 0 0 0 0 0 0 553 156271 46604
23.826625 0.194824 -0.170506 5.99929 24000 0.5000007 142631 52648 5 2 1427051.5 9.3867431 22.1003 23.826625 34044 1126413 691834 131062 214 0 0 0 0 0 0 553 156313 47869
23.833375 0.194824 -0.169799 5.99931 24001 0.5000007 142698 52701 5 2 1471441 9.3867431 22.1003 23.833375 12720 978888 543520 133169 215 0 0 0 0 0 0 553 156408 49358
23.84 0.194824 -0.169106 5.99933 24002 0.5000007 142635 52641 5 2 1509927.7 9.3867431 22.1003 23.84 4809 900296 467160 134353 216 0 0 0 0 0 0 553 156330 50649
23.846625 0.194824 -0.168412 5.99935 24003 0.5000007 142706 52678 4 2 1470636 9.3867431 22.1003 23.846625 2665 854839 419551 128893 217 0 0 0 0 0 0 553 156406 49331
23.853375 0.194824 -0.167705 5.99937 24004 0.5000007 142675 52685 4 2 1322919.6 9.3867431 22.1003 23.853375 1862 811226 375884 114145 218 0 0 0 0 0 0 553 156368 44376
23.86 0.194824 -0.167011 5.99939 24005 0.5000007 142657 52666 5 2 1131767.6 9.3867431 22.1003 23.86 1426 769672 335306 95110 219 0 0 0 0 0 0 553 156372 37964
23.866625 0.194824 -0.166318 5.99941 24006 0.5000007 142611 52649 4 2 978357.09 9.3867431 22.1003 23.866625 1110 734500 302155 79707 220 0 0 0 0 0 0 553 156304 32818
23.873375 0.194824 -0.165611 5.99943 24007 0.5000007 142552 52596 5 2 840329.38 9.3867431 22.1003 23.873375 949 709722 276208 68397 221 0 0 0 0 0 0 553 156246 28188
23.88 0.194824 -0.164917 5.99945 24008 0.5000007 142592 52684 4 2 748718.33 9.3867431 22.1003 23.88 783 692448 258592 61106 222 0 0 0 0 0 0 553 156267 25115
23.886625 0.194824 -0.164223 5.99946 24009 0.5000007 142622 52654 5 2 690973.26 9.3867431 22.1003 23.886625 696 675215 242838 55370 223 0 0 0 0 0 0 553 156327 23178
23.893375 0.194824 -0.163517 5.99948 24010 0.5000007 142475 52556 5 2 632870.46 9.3867431 22.1003 23.893375 580 662431 229879 50484 224 0 0 0 0 0 0 553 156147 21229
23.9 0.194824 -0.162823 5.9995 24011 0.5000007 142630 52660 5 2 589822.51 9.3867431 22.1003 23.9 543 652702 219795 46333 225 0 0 0 0 0 0 553 156320 19785
23.906625 0.194824 -0.162129 5.99952 24012 0.5000007 142605 52676 4 2 544240.57 9.3867431 22.1003 23.906625 451 644222 210907 43390 226 0 0 0 0 0 0 553 156300 18256
23.913375 0.194824 -0.161422 5.99954 24013 0.5000007 142475 52593 4 2 515263.69 9.3867431 22.1003 23.913375 377 635487 203031 40934 227 0 0 0 0 0 0 553 156155 17284
23.92 0.194824 -0.160729 5.99956 24014 0.5000007 142637 52661 4 2 494127.27 9.3867431 22.1003 23.92 322 630365 196994 39336 228 0 0 0 0 0 0 553 156318 16575
23.926625 0.194824 -0.160035 5.99958 24015 0.5000007 142586 52633 4 2 465836.06 9.3867431 22.1003 23.926625 293 622162 190935 37389 229 0 0 0 0 0 0 553 156264 15626
23.933375 0.194824 -0.159328 5.9996 24016 0.5000007 142531 52574 3 2 444371.71 9.3867431 22.1003 23.933375 259 618101 185818 36159 230 0 0 0 0 0 0 553 156202 14906
23.94 0.194824 -0.158635 5.99962 24017 0.5000007 142696 52752 5 2 433341.42 9.3867431 22.1003 23.94 222 613289 181332 34563 231 0 0 0 0 0 0 553 156402 14536
23.946625 0.194824 -0.157941 5.99963 24018 0.5000007 142522 52617 4 2 415692.95 9.3867431 22.1003 23.946625 193 608520 176478 33667 232 0 0 0 0 0 0 553 156196 13944
23.953375 0.194824 -0.157234 5.99965 24019 0.5000007 142566 52648 4 2 394616.15 9.3867431 22.1003 23.953375 177 605780 173114 32497 233 0 0 0 0 0 0 553 156261 13237
23.96 0.194824 -0.15654 5.99967 24020 0.5000007 142600 52650 4 2 383824.35 9.3867431 22.1003 23.96 162 601173 169268 31463 234 0 0 0 0 0 0 553 156271 12875
23.966625 0.194824 -0.155846 5.99969 24021 0.5000007 142546 52600 4 2 374105.77 9.3867431 22.1003 23.966625 162 597364 165924 30688 235 0 0 0 0 0 0 553 156217 12549
23.973375 0.194824 -0.15514 5.99971 24022 0.5000007 142535 52629 4 2 370886.12 9.3867431 22.1003 23.973375 145 594783 164361 30340 236 0 0 0 0 0 0 553 156215 12441
23.98 0.194824 -0.154446 5.99972 24023 0.5000007 142642 52632 4 2 361406.03 9.3867431 22.1003 23.98 129 594193 161634 29474 237 0 0 0 0 0 0 553 156334 12123
23.986625 0.194824 -0.153752 5.99974 24024 0.5000007 142568 52678 4 2 346738.72 9.3867431 22.1003 23.986625 112 588938 157281 28693 238 0 0 0 0 0 0 553 156254 11631
23.993375 0.194824 -0.153045 5.99976 24025 0.5000007 142570 52577 4 2 345009.65 9.3867431 22.1003 23.993375 109 588076 157401 28526 239 0 0 0 0 0 0 553 156246 11573
24 0.194824 -0.152352 5.99978 24026 0.5000007 142455 52567 5 2 338421.28 9.3867431 22.1003 24 111 586141 154845 28122 240 0 0 0 0 0 0 553 156149 11352
24.006625 0.194824 -0.151658 5.9998 24027 0.5000007 142611 52664 4 2 332786.89 9.3867431 22.1003 24.006625 107 584863 152999 27576 241 0 0 0 0 0 0 553 156302 11163
24.013375 0.194824 -0.150951 5.99981 24028 0.5000007 142568 52646 4 2 325721.54 9.3867431 22.1003 24.013375 96 581478 151325 27200 242 0 0 0 0 0 0 553 156263 10926
24.02 0.194824 -0.150257 5.99983 24029 0.5000007 142515 52618 5 2 327689.11 9.3867431 22.1003 24.02 95 578887 149418 26920 243 0 0 0 0 0 0 553 156190 10992
24.026625 0.194824 -0.149564 5.99985 24030 0.5000007 142585 52656 5 2 323485.67 9.3867431 22.1003 24.026625 90 578998 148335 26875 244 0 0 0 0 0 0 553 156278 10851
24.033375 0.194824 -0.148857 5.99987 24031 0.5000007 142445 52516 4 2 321249.8 9.3867431 22.1003 24.033375 82 576149 146889 26570 245 0 0 0 0 0 0 553 156120 10776
24.04 0.194824 -0.148163 5.99988 24032 0.5000007 142544 52621 4 2 320892.06 9.3867431 22.1003 24.04 83 574830 145362 26346 246 0 0 0 0 0 0 553 156231 10764
24.046625 0.194824 -0.147469 5.9999 24033 0.5000007 142536 52629 5 2 320146.77 9.3867431 22.1003 24.046625 74 572969 144506 26305 247 0 0 0 0 0 0 553 156209 10739
24.053375 0.194824 -0.146762 5.99992 24034 0.5000007 142450 52535 4 2 317046.37 9.3867431 22.1003 24.053375 73 572024 142976 25874 248 0 0 0 0 0 0 553 156132 10635
24.06 0.194824 -0.146069 5.99993 24035 0.5000007 140930 51925 5 2 307924.02 9.3867431 22.1003 24.06 68 564412 140408 25166 249 0 0 0 0 0 0 553 154581 10329
24.066625 0.194824 -0.145375 5.99995 24036 0.5000007 142667 52714 5 2 311352.35 9.3867431 22.1003 24.066625 79 570667 140649 25569 250 0 0 0 0 0 0 553 156358 10444
24.073375 0.194824 -0.144668 5.99997 24037 0.5000007 142731 52731 5 2 313081.42 9.3867431 22.1003 24.073375 66 570388 139986 25423 251 0 0 0 0 0 0 553 156437 10502
24.08 0.194824 -0.143974 5.99998 24038 0.5000007 142694 52718 4 2 309027.05 9.3867431 22.1003 24.08 67 569593 139326 25057 252 0 0 0 0 0 0 553 156367 10366
24.086625 0.194824 -0.14328 6 24039 0.5000007 142661 52687 5 2 307894.2 9.3867431 22.1003 24.086625 62 567130 138068 25069 253 0 0 0 0 0 0 553 156352 10328
24.093375 0.194824 -0.142574 6.00002 24040 0.5000007 142531 52593 5 2 303720.58 9.3867431 22.1003 24.093375 60 565703 137349 24833 254 0 0 0 0 0 0 553 156204 10188
24.1 0.194824 -0.14188 6.00003 24041 0.5000007 142610 52644 4 2 303064.73 9.3867431 22.1003 24.1 59 564621 136853 24962 255 0 0 0 0 0 0 553 156305 10166
24.106625 0.194824 -0.141186 6.00005 24042 0.5000007 142709 52711 5 2 304495.68 9.3867431 22.1003 24.106625 56 563559 136228 24713 256 0 0 0 0 0 0 553 156404 10214
24.113375 0.194824 -0.140479 6.00007 24043 0.5000007 142670 52645 5 2 300411.49 9.3867431 22.1003 24.113375 59 562604 134650 24524 257 0 0 0 0 0 0 553 156381 10077
24.12 0.194824 -0.139785 6.00008 24044 0.5000007 142642 52708 4 2 294985.78 9.3867431 22.1003 24.12 66 561753 134355 24316 258 0 0 0 0 0 0 553 156337 9895
24.126625 0.194824 -0.139092 6.0001 24045 0.5000007 142557 52643 5 2 296595.61 9.3867431 22.1003 24.126625 56 560410 133031 24109 259 0 0 0 0 0 0 553 156273 9949
24.133375 0.194824 -0.138385 6.00012 24046 0.5000007 142591 52579 5 2 299010.35 9.3867431 22.1003 24.133375 57 560829 133129 24394 260 0 0 0 0 0 0 553 156306 10030
24.14 0.194824 -0.137691 6.00013 24047 0.5000007 142562 52621 4 2 297758.26 9.3867431 22.1003 24.14 55 557841 131877 23998 261 0 0 0 0 0 0 553 156235 9988
24.146625 0.194824 -0.136997 6.00015 24048 0.5000007 142540 52582 4 2 286191.36 9.3867431 22.1003 24.146625 53 556633 130703 23677 262 0 0 0 0 0 0 553 156241 9600
24.153375 0.194824 -0.13629 6.00016 24049 0.5000007 142537 52600 4 2 297460.14 9.3867431 22.1003 24.153375 56 557698 130902 23987 263 0 0 0 0 0 0 553 156222 9978
24.16 0.194824 -0.135597 6.00018 24050 0.5000007 142625 52658 5 2 289917.81 9.3867431 22.1003 24.16 53 557354 130737 23804 264 0 0 0 0 0 0 553 156319 9725
24.166625 0.194824 -0.134903 6.0002 24051 0.5000007 142632 52643 5 2 285982.68 9.3867431 22.1003 24.166625 54 557415 129884 23317 265 0 0 0 0 0 0 553 156321 9593
24.173375 0.194824 -0.134196 6.00021 24052 0.5000007 142619 52624 4 2 284849.84 9.3867431 22.1003 24.173375 50 555473 129171 23239 266 0 0 0 0 0 0 553 156313 9555
24.18 0.194824 -0.133502 6.00023 24053 0.5000007 142457 52596 5 2 288039.68 9.3867431 22.1003 24.18 54 553353 128329 23479 267 0 0 0 0 0 0 553 156150 9662
24.186625 0.194824 -0.132808 6.00024 24054 0.5000007 142647 52660 4 2 286221.17 9.3867431 22.1003 24.186625 49 553108 128343 23291 268 0 0 0 0 0 0 553 156332 9601
24.193375 0.194824 -0.132101 6.00026 24055 0.5000007 142466 52521 4 2 293823.13 9.3867431 22.1003 24.193375 51 552867 128171 23396 269 0 0 0 0 0 0 553 156181 9856
24.2 0.194824 -0.131408 6.00027 24056 0.5000007 142507 52563 5 2 280765.65 9.3867431 22.1003 24.2 57 552957 127431 23113 270 0 0 0 0 0 0 553 156194 9418
24.206625 0.194824 -0.130714 6.00029 24057 0.5000007 142560 52607 4 2 286519.29 9.3867431 22.1003 24.206625 52 552665 127305 23421 271 0 0 0 0 0 0 553 156252 9611
24.213375 0.194824 -0.130007 6.0003 24058 0.5000007 142508 52574 5 2 285982.68 9.3867431 22.1003 24.213375 49 552263 127219 23253 272 0 0 0 0 0 0 553 156194 9593
24.22 0.194824 -0.129313 6.00032 24059 0.5000007 142510 52617 5 2 280050.17 9.3867431 22.1003 24.22 51 549500 125710 22718 273 0 0 0 0 0 0 553 156201 9394
24.226625 0.194824 -0.128619 6.00033 24060 0.5000007 142556 52556 4 2 273730.11 9.3867431 22.1003 24.226625 54 549057 125495 22718 274 0 0 0 0 0 0 553 156252 9182
24.233375 0.194824 -0.127912 6.00035 24061 0.5000007 142588 52651 4 2 274087.85 9.3867431 22.1003 24.233375 48 548561 125129 22468 275 0 0 0 0 0 0 553 156289 9194
24.24 0.194824 -0.127219 6.00036 24062 0.5000007 142479 52526 5 2 276800.71 9.3867431 22.1003 24.24 51 547382 124468 22539 276 0 0 0 0 0 0 553 156169 9285
24.246625 0.194824 -0.126525 6.00038 24063 0.5000007 142488 52587 4 2 274356.15 9.3867431 22.1003 24.246625 49 546779 124404 22545 277 0 0 0 0 0 0 553 156177 9203
24.253375 0.194824 -0.125818 6.00039 24064 0.5000007 142523 52588 4 2 276472.78 9.3867431 22.1003 24.253375 51 546672 123943 22417 278 0 0 0 0 0 0 553 156213 9274
24.26 0.194824 -0.125124 6.00041 24065 0.5000007 142460 52563 4 2 273253.13 9.3867431 22.1003 24.26 50 546615 124009 22229 279 0 0 0 0 0 0 553 156159 9166
24.266625 0.194824 -0.12443 6.00042 24066 0.5000007 142430 52518 4 2 275906.36 9.3867431 22.1003 24.266625 51 546236 123932 22375 280 0 0 0 0 0 0 553 156138 9255
24.273375 0.194824 -0.123723 6.00044 24066 0.5000007 142455 52495 4 2 274505.21 9.3867431 22.1003 24.273375 51 546512 123681 22370 281 0 0 0 0 0 0 553 156152 9208
24.28 0.194824 -0.123029 6.00045 24067 0.5000007 142471 52563 4 2 277724.87 9.3867431 22.1003 24.28 51 544326 123214 22681 282 0 0 0 0 0 0 553 156177 9316
24.286625 0.194824 -0.122336 6.00047 24068 0.5000007 142466 52538 5 2 269496.86 9.3867431 22.1003 24.286625 50 543425 122475 22103 283 0 0 0 0 0 0 553 156165 9040
24.293375 0.194824 -0.121629 6.00048 24069 0.5000007 142356 52459 5 2 270629.7 9.3867431 22.1003 24.293375 54 545051 123299 22161 284 0 0 0 0 0 0 553 156051 9078
24.3 0.194824 -0.120935 6.00049 24070 0.5000007 142447 52519 4 2 270331.59 9.3867431 22.1003 24.3 51 543223 122331 21830 285 0 0 0 0 0 0 553 156138 9068
24.306625 0.194824 -0.120241 6.00051 24071 0.5000007 142458 52553 4 2 277486.37 9.3867431 22.1003 24.306625 54 543055 122376 22341 286 0 0 0 0 0 0 553 156154 9308
24.313375 0.194824 -0.119534 6.00052 24072 0.5000007 142254 52389 4 2 267797.6 9.3867431 22.1003 24.313375 50 541030 121306 21842 287 0 0 0 0 0 0 553 155950 8983
24.32 0.194824 -0.11884 6.00054 24073 0.5000007 142338 52444 4 2 266962.88 9.3867431 22.1003 24.32 50 541043 121392 21908 288 0 0 0 0 0 0 553 156033 8955
24.326625 0.194824 -0.118147 6.00055 24074 0.5000007 142312 52377 4 2 272179.91 9.3867431 22.1003 24.326625 53 540323 120342 21913 289 0 0 0 0 0 0 553 155998 9130
24.333375 0.194824 -0.11744 6.00056 24075 0.5000007 142418 52485 5 2 268960.26 9.3867431 22.1003 24.333375 51 541059 121251 21900 290 0 0 0 0 0 0 553 156094 9022
24.34 0.194824 -0.116746 6.00058 24076 0.5000007 142286 52403 4 2 270778.76 9.3867431 22.1003 24.34 52 540070 121240 21922 291 0 0 0 0 0 0 553 155984 9083
24.346625 0.194824 -0.116052 6.00059 24077 0.5000007 142404 52511 5 2 269109.31 9.3867431 22.1003 24.346625 52 538845 119948 21753 292 0 0 0 0 0 0 553 156097 9027
24.353375 0.194824 -0.115345 6.0006 24078 0.5000007 142308 52431 5 2 267946.66 9.3867431 22.1003 24.353375 51 538729 119897 21634 293 0 0 0 0 0 0 553 155995 8988
24.36 0.194824 -0.114651 6.00062 24079 0.5000007 142322 52433 5 2 262878.69 9.3867431 22.1003 24.36 52 538614 120081 21634 294 0 0 0 0 0 0 553 156037 8818
24.366625 0.194824 -0.113957 6.00063 24080 0.5000007 142245 52336 4 2 269049.69 9.3867431 22.1003 24.366625 54 537847 119747 21704 295 0 0 0 0 0 0 553 155929 9025
24.373375 0.194824 -0.11325 6.00064 24081 0.5000007 142220 52346 3 2 268304.4 9.3867431 22.1003 24.373375 52 537723 119905 21818 296 0 0 0 0 0 0 553 155915 9000
24.38 0.194824 -0.112557 6.00066 24082 0.5000007 142317 52444 4 2 265830.04 9.3867431 22.1003 24.38 51 537168 118852 21330 297 0 0 0 0 0 0 553 156031 8917
24.386625 0.194824 -0.111863 6.00067 24083 0.5000007 142229 52397 5 2 261596.79 9.3867431 22.1003 24.386625 53 535889 119451 21519 298 0 0 0 0 0 0 553 155918 8775
24.393375 0.194824 -0.111156 6.00068 24084 0.5000007 142290 52411 5 2 264309.65 9.3867431 22.1003 24.393375 48 535599 119069 21603 299 0 0 0 0 0 0 553 155989 8866
24.4 0.194824 -0.110462 6.0007 24085 0.5000007 142248 52373 4 2 266545.52 9.3867431 22.1003 24.4 49 536166 119268 21614 300 0 0 0 0 0 0 553 155955 8941
