Eta  H  K  L  Epoch  Sec  ion1  Hubmon  scan_bar  Filters  Correct  Qmag  Energy  Graze  p_peak  p_total  p_del_s  p_nu_s  p_image  p_xcen  p_xsig  p_ycen  p_ysig  power  tempsp  gun_on  ion0  p_point
23 -0.194824 -0.257039 5.99621 31729 0.5000007 142612 52529 5 2 255902.77 9.3867431 22.1003 23 79 519200 114014 20866 0 0 0 0 0 0 0 553 156079 8584
23.006625 -0.194824 -0.256346 5.99624 31729 0.5000007 142580 52488 4 2 251997.45 9.3867431 22.1003 23.006625 75 518986 114097 20466 1 0 0 0 0 0 0 553 156058 8453
23.013375 -0.194824 -0.255639 5.99627 31730 0.5000007 142481 52422 4 2 255068.05 9.3867431 22.1003 23.013375 75 518420 114108 20755 2 0 0 0 0 0 0 553 155964 8556
23.02 -0.194824 -0.254946 5.99629 31731 0.5000007 142505 52454 4 2 253607.28 9.3867431 22.1003 23.02 86 520720 115098 20734 3 0 0 0 0 0 0 553 155992 8507
23.026625 -0.194824 -0.254253 5.99632 31732 0.5000007 142361 52331 4 2 255574.85 9.3867431 22.1003 23.026625 101 520028 114432 20895 4 0 0 0 0 0 0 553 155851 8573
23.033375 -0.194824 -0.253546 5.99635 31733 0.5000007 142362 52320 4 2 253368.79 9.3867431 22.1003 23.033375 81 519084 114993 20845 5 0 0 0 0 0 0 553 155863 8499
23.04 -0.194824 -0.252853 5.99638 31734 0.5000007 142345 52333 4 2 255008.43 9.3867431 22.1003 23.04 76 519999 114476 20798 6 0 0 0 0 0 0 553 155807 8554
23.046625 -0.194824 -0.252159 5.99641 31735 0.5000007 142400 52317 5 2 252534.06 9.3867431 22.1003 23.046625 86 519528 114941 20708 7 0 0 0 0 0 0 553 155895 8471
23.053375 -0.194824 -0.251453 5.99644 31736 0.5000007 142301 52286 4 2 255932.59 9.3867431 22.1003 23.053375 78 520471 115646 20858 8 0 0 0 0 0 0 553 155781 8585
23.06 -0.194824 -0.25076 5.99647 31737 0.5000007 142271 52267 4 2 255604.66 9.3867431 22.1003 23.06 78 521196 115133 20808 9 0 0 0 0 0 0 553 155770 8574
23.066625 -0.194824 -0.250066 5.9965 31738 0.5000007 142337 52311 4 2 256975.99 9.3867431 22.1003 23.066625 84 521011 115348 20850 10 0 0 0 0 0 0 553 155815 8620
23.073375 -0.194824 -0.24936 5.99653 31739 0.5000007 142267 52259 5 2 258436.76 9.3867431 22.1003 23.073375 76 522481 115647 20965 11 0 0 0 0 0 0 553 155769 8669
23.08 -0.194824 -0.248666 5.99656 31740 0.5000007 142157 52208 5 2 256081.64 9.3867431 22.1003 23.08 68 520929 115218 20783 12 0 0 0 0 0 0 553 155656 8590
23.086625 -0.194824 -0.247973 5.99659 31741 0.5000007 142084 52095 5 2 251937.83 9.3867431 22.1003 23.086625 77 521065 115392 20789 13 0 0 0 0 0 0 553 155590 8451
23.093375 -0.194824 -0.247267 5.99662 31742 0.5000007 142123 52164 4 2 251043.48 9.3867431 22.1003 23.093375 92 520790 114969 20722 14 0 0 0 0 0 0 553 155633 8421
23.1 -0.194824 -0.246573 5.99664 31743 0.5000007 142135 52144 5 2 259986.96 9.3867431 22.1003 23.1 89 522790 116102 21008 15 0 0 0 0 0 0 553 155632 8721
23.106625 -0.194824 -0.24588 5.99667 31744 0.5000007 141955 52014 5 2 256081.64 9.3867431 22.1003 23.106625 75 519161 114965 20744 16 0 0 0 0 0 0 553 155462 8590
23.113375 -0.194824 -0.245173 5.9967 31745 0.5000007 142067 52105 5 2 259241.67 9.3867431 22.1003 23.113375 81 521091 115576 20925 17 0 0 0 0 0 0 553 155560 8696
23.12 -0.194824 -0.24448 5.99673 31746 0.5000007 141972 52038 4 2 255872.96 9.3867431 22.1003 23.12 92 522286 115329 20921 18 0 0 0 0 0 0 553 155478 8583
23.126625 -0.194824 -0.243787 5.99676 31747 0.5000007 142041 52075 4 2 259837.91 9.3867431 22.1003 23.126625 69 521295 115498 20810 19 0 0 0 0 0 0 553 155538 8716
23.133375 -0.194824 -0.24308 5.99679 31748 0.5000007 142020 52058 4 2 259301.3 9.3867431 22.1003 23.133375 92 521895 115924 21182 20 0 0 0 0 0 0 553 155524 8698
23.14 -0.194824 -0.242387 5.99682 31749 0.5000007 141871 51964 4 2 261894.91 9.3867431 22.1003 23.14 72 522907 116360 21257 21 0 0 0 0 0 0 553 155370 8785
23.146625 -0.194824 -0.241693 5.99684 31750 0.5000007 141956 52008 3 2 256439.38 9.3867431 22.1003 23.146625 87 522549 116284 21130 22 0 0 0 0 0 0 553 155465 8602
23.153375 -0.194824 -0.240987 5.99687 31751 0.5000007 141880 51954 4 2 254918.99 9.3867431 22.1003 23.153375 79 520634 115601 20801 23 0 0 0 0 0 0 553 155380 8551
23.16 -0.194824 -0.240293 5.9969 31752 0.5000007 141896 51949 4 2 260821.69 9.3867431 22.1003 23.16 83 524304 116290 21230 24 0 0 0 0 0 0 553 155393 8749
23.166625 -0.194824 -0.2396 5.99693 31753 0.5000007 141863 51966 4 2 260851.5 9.3867431 22.1003 23.166625 82 522959 116653 21303 25 0 0 0 0 0 0 553 155367 8750
23.173375 -0.194824 -0.238894 5.99696 31754 0.5000007 141835 51940 4 2 259062.8 9.3867431 22.1003 23.173375 72 524239 116933 21148 26 0 0 0 0 0 0 553 155342 8690
23.18 -0.194824 -0.2382 5.99698 31755 0.5000007 141764 51883 4 2 257244.3 9.3867431 22.1003 23.18 73 523493 116578 20882 27 0 0 0 0 0 0 553 155264 8629
23.186625 -0.194824 -0.237507 5.99701 31756 0.5000007 141869 51955 4 2 259569.6 9.3867431 22.1003 23.186625 75 524004 116648 20855 28 0 0 0 0 0 0 553 155377 8707
23.193375 -0.194824 -0.2368 5.99704 31757 0.5000007 141794 51902 5 2 259957.15 9.3867431 22.1003 23.193375 75 524171 116759 21327 29 0 0 0 0 0 0 553 155297 8720
23.2 -0.194824 -0.236107 5.99707 31758 0.5000007 141776 51842 5 2 262312.27 9.3867431 22.1003 23.2 91 525364 117574 21321 30 0 0 0 0 0 0 553 155269 8799
23.206625 -0.194824 -0.235413 5.99709 31759 0.5000007 141815 51899 5 2 263534.54 9.3867431 22.1003 23.206625 87 525778 117031 21243 31 0 0 0 0 0 0 553 155332 8840
23.213375 -0.194824 -0.234707 5.99712 31760 0.5000007 141670 51826 6 2 267827.41 9.3867431 22.1003 23.213375 81 523490 116554 21399 32 0 0 0 0 0 0 553 155170 8984
23.22 -0.194824 -0.234013 5.99715 31761 0.5000007 141651 51803 5 2 263713.41 9.3867431 22.1003 23.22 90 525854 117491 21415 33 0 0 0 0 0 0 553 155151 8846
23.226625 -0.194824 -0.23332 5.99718 31762 0.5000007 141722 51840 4 2 267171.56 9.3867431 22.1003 23.226625 94 525953 118438 21446 34 0 0 0 0 0 0 553 155234 8962
23.233375 -0.194824 -0.232613 5.9972 31763 0.5000007 141758 51858 5 2 260225.46 9.3867431 22.1003 23.233375 71 524632 117221 21362 35 0 0 0 0 0 0 553 155251 8729
23.24 -0.194824 -0.23192 5.99723 31764 0.5000007 141842 51906 4 2 263176.8 9.3867431 22.1003 23.24 92 527820 118485 21513 36 0 0 0 0 0 0 553 155355 8828
23.246625 -0.194824 -0.231227 5.99726 31765 0.5000007 141672 51812 5 2 264995.31 9.3867431 22.1003 23.246625 75 528308 118422 21507 37 0 0 0 0 0 0 553 155171 8889
23.253375 -0.194824 -0.23052 5.99728 31766 0.5000007 141786 51882 4 2 261984.34 9.3867431 22.1003 23.253375 71 528077 118412 21334 38 0 0 0 0 0 0 553 155294 8788
23.26 -0.194824 -0.229827 5.99731 31767 0.5000007 141708 51877 4 2 264577.95 9.3867431 22.1003 23.26 77 528305 118607 21605 39 0 0 0 0 0 0 553 155213 8875
23.266625 -0.194824 -0.229133 5.99734 31768 0.5000007 141832 51913 4 2 264369.27 9.3867431 22.1003 23.266625 82 529795 119056 21654 40 0 0 0 0 0 0 553 155350 8868
23.273375 -0.194824 -0.228427 5.99736 31769 0.5000007 141788 51875 6 2 263236.43 9.3867431 22.1003 23.273375 77 530002 119548 21531 41 0 0 0 0 0 0 553 155289 8830
23.28 -0.194824 -0.227733 5.99739 31770 0.5000007 141706 51872 4 2 269377.62 9.3867431 22.1003 23.28 74 530712 120140 21982 42 0 0 0 0 0 0 553 155221 9036
23.286625 -0.194824 -0.22704 5.99742 31771 0.5000007 141840 51939 4 2 272090.47 9.3867431 22.1003 23.286625 82 530691 119819 21890 43 0 0 0 0 0 0 553 155346 9127
23.293375 -0.194824 -0.226333 5.99744 31772 0.5000007 141792 51940 4 2 263892.28 9.3867431 22.1003 23.293375 76 531378 119912 21446 44 0 0 0 0 0 0 553 155297 8852
23.3 -0.194824 -0.22564 5.99747 31772 0.5000007 141802 51937 4 2 267588.92 9.3867431 22.1003 23.3 93 531409 119918 21686 45 0 0 0 0 0 0 553 155305 8976
23.306625 -0.194824 -0.224946 5.9975 31773 0.5000007 141786 51893 4 2 266187.78 9.3867431 22.1003 23.306625 90 533111 120667 21815 46 0 0 0 0 0 0 553 155276 8929
23.313375 -0.194824 -0.22424 5.99752 31774 0.5000007 141783 51922 4 2 268990.07 9.3867431 22.1003 23.313375 128 533135 120717 21707 47 0 0 0 0 0 0 553 155292 9023
23.32 -0.194824 -0.223546 5.99755 31776 0.5000007 141893 51976 5 2 270927.82 9.3867431 22.1003 23.32 128 535143 121098 21835 48 0 0 0 0 0 0 553 155387 9088
23.326625 -0.194824 -0.222853 5.99757 31777 0.5000007 141801 51953 5 2 267290.81 9.3867431 22.1003 23.326625 112 536975 122042 22031 49 0 0 0 0 0 0 553 155294 8966
23.333375 -0.194824 -0.222146 5.9976 31778 0.5000007 141890 52024 5 2 274535.02 9.3867431 22.1003 23.333375 141 536674 121826 22132 50 0 0 0 0 0 0 553 155386 9209
23.34 -0.194824 -0.221452 5.99763 31778 0.5000007 141905 51999 4 2 274117.66 9.3867431 22.1003 23.34 143 536677 122178 22276 51 0 0 0 0 0 0 553 155400 9195
23.346625 -0.194824 -0.220759 5.99765 31779 0.5000007 141965 52064 4 2 272001.04 9.3867431 22.1003 23.346625 171 538866 122981 22233 52 0 0 0 0 0 0 553 155462 9124
23.353375 -0.194824 -0.220052 5.99768 31780 0.5000007 141995 52094 4 2 274892.76 9.3867431 22.1003 23.353375 179 539109 122801 22273 53 0 0 0 0 0 0 553 155492 9221
23.36 -0.194824 -0.219359 5.9977 31782 0.5000007 141913 52030 6 2 268602.52 9.3867431 22.1003 23.36 169 539983 122346 22125 54 0 0 0 0 0 0 553 155412 9010
23.366625 -0.194824 -0.218665 5.99773 31783 0.5000007 141989 52098 5 2 272716.52 9.3867431 22.1003 23.366625 164 541289 123247 22253 55 0 0 0 0 0 0 553 155480 9148
23.373375 -0.194824 -0.217959 5.99775 31784 0.5000007 142047 52160 5 2 270778.76 9.3867431 22.1003 23.373375 194 544329 124464 22271 56 0 0 0 0 0 0 553 155510 9083
23.38 -0.194824 -0.217265 5.99778 31785 0.5000007 141954 52062 5 2 272299.15 9.3867431 22.1003 23.38 232 544750 124548 22256 57 0 0 0 0 0 0 553 155457 9134
23.386625 -0.194824 -0.216572 5.9978 31786 0.5000007 142092 52164 3 2 273551.24 9.3867431 22.1003 23.386625 246 545302 124618 22256 58 0 0 0 0 0 0 553 155583 9176
23.393375 -0.194824 -0.215865 5.99783 31787 0.5000007 142065 52139 4 2 273193.5 9.3867431 22.1003 23.393375 267 548960 125629 22608 59 0 0 0 0 0 0 553 155548 9164
23.4 -0.194824 -0.215172 5.99785 31787 0.5000007 142147 52213 5 2 282405.29 9.3867431 22.1003 23.4 303 550238 126612 22857 60 0 0 0 0 0 0 553 155663 9473
23.406625 -0.194824 -0.214478 5.99788 31789 0.5000007 142097 52221 4 2 277575.81 9.3867431 22.1003 23.406625 311 551105 126736 22764 61 0 0 0 0 0 0 553 155589 9311
23.413375 -0.194824 -0.213772 5.9979 31789 0.5000007 142090 52221 4 2 283031.33 9.3867431 22.1003 23.413375 333 553620 127651 23117 62 0 0 0 0 0 0 553 155580 9494
23.42 -0.194824 -0.213078 5.99793 31790 0.5000007 142129 52227 5 2 281481.13 9.3867431 22.1003 23.42 420 556760 127686 22703 63 0 0 0 0 0 0 553 155630 9442
23.426625 -0.194824 -0.212384 5.99795 31791 0.5000007 142074 52212 5 2 274207.1 9.3867431 22.1003 23.426625 477 558589 128454 22701 64 0 0 0 0 0 0 553 155560 9198
23.433375 -0.194824 -0.211678 5.99798 31792 0.5000007 142176 52229 4 2 283746.81 9.3867431 22.1003 23.433375 476 563319 129226 23061 65 0 0 0 0 0 0 553 155655 9518
23.44 -0.194824 -0.210984 5.998 31793 0.5000007 142202 52284 5 2 282524.53 9.3867431 22.1003 23.44 651 567663 129794 22968 66 0 0 0 0 0 0 553 155674 9477
23.446625 -0.194824 -0.210291 5.99803 31794 0.5000007 142242 52321 4 2 284670.97 9.3867431 22.1003 23.446625 787 572606 130482 22999 67 0 0 0 0 0 0 553 155743 9549
23.453375 -0.194824 -0.209584 5.99805 31795 0.5000007 142109 52251 5 2 281540.75 9.3867431 22.1003 23.453375 980 579514 130870 22957 68 0 0 0 0 0 0 553 155582 9444
23.46 -0.194824 -0.208891 5.99808 31796 0.5000007 142184 52304 4 2 284521.91 9.3867431 22.1003 23.46 1194 588980 131572 22982 69 0 0 0 0 0 0 553 155664 9544
23.466625 -0.194824 -0.208197 5.9981 31797 0.5000007 142259 52335 5 2 291080.46 9.3867431 22.1003 23.466625 1449 604183 133577 23470 70 0 0 0 0 0 0 553 155746 9764
23.473375 -0.194824 -0.20749 5.99812 31798 0.5000007 142248 52363 5 2 289947.62 9.3867431 22.1003 23.473375 2203 624426 134633 23413 71 0 0 0 0 0 0 553 155732 9726
23.48 -0.194824 -0.206797 5.99815 31799 0.5000007 142221 52305 5 2 287354.01 9.3867431 22.1003 23.48 2729 654228 135728 23531 72 0 0 0 0 0 0 553 155706 9639
23.486625 -0.194824 -0.206103 5.99817 31800 0.5000007 142292 52357 5 2 294329.93 9.3867431 22.1003 23.486625 4940 700485 136950 23593 73 0 0 0 0 0 0 553 155781 9873
23.493375 -0.194824 -0.205397 5.9982 31801 0.5000007 142289 52350 4 2 287204.95 9.3867431 22.1003 23.493375 6346 770648 138076 23447 74 0 0 0 0 0 0 553 155767 9634
23.5 -0.194824 -0.204703 5.99822 31802 0.5000007 142170 52371 4 2 290812.16 9.3867431 22.1003 23.5 13233 888463 140048 23644 75 0 0 0 0 0 0 553 155656 9755
23.506625 -0.194824 -0.20401 5.99824 31803 0.5000007 142258 52369 4 2 294657.85 9.3867431 22.1003 23.506625 28120 1085807 143585 24222 76 0 0 0 0 0 0 553 155739 9884
23.513375 -0.194824 -0.203303 5.99827 31804 0.5000007 142391 52461 4 2 293912.56 9.3867431 22.1003 23.513375 63094 1391659 146477 23957 77 0 0 0 0 0 0 553 155874 9859
23.52 -0.194824 -0.202609 5.99829 31805 0.5000007 142312 52436 5 2 301305.84 9.3867431 22.1003 23.52 133318 1755838 150276 24211 78 0 0 0 0 0 0 553 155803 10107
23.526625 -0.194824 -0.201916 5.99831 31806 0.5000007 142316 52443 4 2 302289.62 9.3867431 22.1003 23.526625 167569 2054056 154665 24782 79 0 0 0 0 0 0 553 155787 10140
23.533375 -0.194824 -0.201209 5.99834 31807 0.5000007 142425 52452 5 2 302915.67 9.3867431 22.1003 23.533375 191883 2085774 159763 24754 80 0 0 0 0 0 0 553 155905 10161
23.54 -0.194824 -0.200516 5.99836 31808 0.5000007 142335 52468 5 2 302945.48 9.3867431 22.1003 23.54 167955 1824860 163380 24758 81 0 0 0 0 0 0 553 155818 10162
23.546625 -0.194824 -0.199822 5.99838 31809 0.5000007 142396 52443 4 2 302706.99 9.3867431 22.1003 23.546625 91749 1472710 169705 24970 82 0 0 0 0 0 0 553 155879 10154
23.553375 -0.194824 -0.199115 5.99841 31810 0.5000007 142367 52503 5 2 299159.41 9.3867431 22.1003 23.553375 53405 1176492 180586 24728 83 0 0 0 0 0 0 553 155842 10035
23.56 -0.194824 -0.198422 5.99843 31811 0.5000007 142337 52490 4 2 307268.16 9.3867431 22.1003 23.56 28014 999479 202334 25251 84 0 0 0 0 0 0 553 155826 10307
23.566625 -0.194824 -0.197728 5.99845 31812 0.5000007 142317 52428 4 2 308609.68 9.3867431 22.1003 23.566625 14278 932253 251057 25630 85 0 0 0 0 0 0 553 155791 10352
23.573375 -0.194824 -0.197021 5.99848 31813 0.5000007 142426 52537 4 2 317910.9 9.3867431 22.1003 23.573375 21048 974666 363038 25949 86 0 0 0 0 0 0 553 155901 10664
23.58 -0.194824 -0.196328 5.9985 31814 0.5000007 142532 52615 5 2 316748.25 9.3867431 22.1003 23.58 49375 1103452 538322 26252 87 0 0 0 0 0 0 553 156015 10625
23.586625 -0.194824 -0.195634 5.99852 31815 0.5000007 142347 52518 5 2 318566.76 9.3867431 22.1003 23.586625 62414 1243197 710960 26923 88 0 0 0 0 0 0 553 155839 10686
23.593375 -0.194824 -0.194928 5.99855 31816 0.5000007 142426 52524 5 2 330014.41 9.3867431 22.1003 23.593375 64302 1363637 852997 27506 89 0 0 0 0 0 0 553 155903 11070
23.6 -0.194824 -0.194234 5.99857 31817 0.5000007 142471 52556 4 2 335797.86 9.3867431 22.1003 23.6 79253 1450129 954577 28178 90 0 0 0 0 0 0 553 155956 11264
23.606625 -0.194824 -0.19354 5.99859 31818 0.5000007 142547 52616 5 2 339464.69 9.3867431 22.1003 23.606625 76059 1396465 914065 28557 91 0 0 0 0 0 0 553 156018 11387
23.613375 -0.194824 -0.192834 5.99861 31819 0.5000007 142410 52541 5 2 336095.98 9.3867431 22.1003 23.613375 60540 1193300 723825 29016 92 0 0 0 0 0 0 553 155888 11274
23.62 -0.194824 -0.19214 5.99864 31820 0.5000007 142485 52581 4 2 343280.57 9.3867431 22.1003 23.62 38311 1013681 550619 30414 93 0 0 0 0 0 0 553 155963 11515
23.626625 -0.194824 -0.191446 5.99866 31821 0.5000007 142537 52603 3 2 341611.12 9.3867431 22.1003 23.626625 19950 897162 436982 31986 94 0 0 0 0 0 0 553 156024 11459
23.633375 -0.194824 -0.19074 5.99868 31822 0.5000007 142544 52648 5 2 341521.69 9.3867431 22.1003 23.633375 10184 826936 367208 32993 95 0 0 0 0 0 0 553 156013 11456
23.64 -0.194824 -0.190046 5.9987 31823 0.5000007 142519 52603 3 2 350256.49 9.3867431 22.1003 23.64 5098 788157 327500 34705 96 0 0 0 0 0 0 553 155979 11749
23.646625 -0.194824 -0.189352 5.99872 31824 0.5000007 142492 52626 4 2 372018.96 9.3867431 22.1003 23.646625 6531 765116 300312 36498 97 0 0 0 0 0 0 553 155957 12479
23.653375 -0.194824 -0.188646 5.99875 31825 0.5000007 142511 52607 4 2 389101 9.3867431 22.1003 23.653375 6768 747405 279358 37875 98 0 0 0 0 0 0 553 155977 13052
23.66 -0.194824 -0.187952 5.99877 31826 0.5000007 142613 52636 4 2 406272.48 9.3867431 22.1003 23.66 5026 728789 258162 38236 99 0 0 0 0 0 0 553 156087 13628
23.666625 -0.194824 -0.187259 5.99879 31827 0.5000007 142571 52627 4 2 440853.94 9.3867431 22.1003 23.666625 3410 709788 238475 38990 100 0 0 0 0 0 0 553 156046 14788
23.673375 -0.194824 -0.186552 5.99881 31828 0.5000007 142533 52613 5 2 453792.18 9.3867431 22.1003 23.673375 2033 690564 221458 37982 101 0 0 0 0 0 0 553 156008 15222
23.68 -0.194824 -0.185858 5.99883 31829 0.5000007 142588 52686 4 2 483752.83 9.3867431 22.1003 23.68 1806 675485 210537 38344 102 0 0 0 0 0 0 553 156068 16227
23.686625 -0.194824 -0.185165 5.99886 31830 0.5000007 142640 52711 3 2 495647.66 9.3867431 22.1003 23.686625 1421 663322 203601 38181 103 0 0 0 0 0 0 553 156120 16626
23.693375 -0.194824 -0.184458 5.99888 31831 0.5000007 142531 52608 5 2 490371.01 9.3867431 22.1003 23.693375 957 649979 196602 37632 104 0 0 0 0 0 0 553 156007 16449
23.7 -0.194824 -0.183764 5.9989 31832 0.5000007 142465 52572 4 2 501818.66 9.3867431 22.1003 23.7 579 641125 192499 37962 105 0 0 0 0 0 0 553 155943 16833
23.706625 -0.194824 -0.183071 5.99892 31832 0.5000007 142556 52677 4 2 494395.57 9.3867431 22.1003 23.706625 423 633056 188743 37395 106 0 0 0 0 0 0 553 156027 16584
23.713375 -0.194824 -0.182364 5.99894 31833 0.5000007 142572 52705 5 2 497764.29 9.3867431 22.1003 23.713375 377 630258 187092 37998 107 0 0 0 0 0 0 553 156044 16697
23.72 -0.194824 -0.18167 5.99896 31834 0.5000007 142514 52635 4 2 492457.82 9.3867431 22.1003 23.72 341 625286 186491 37686 108 0 0 0 0 0 0 553 156002 16519
23.726625 -0.194824 -0.180976 5.99898 31835 0.5000007 141134 52094 4 2 484378.88 9.3867431 22.1003 23.726625 388 617112 183164 37535 109 0 0 0 0 0 0 553 154576 16248
23.733375 -0.194824 -0.18027 5.999 31836 0.5000007 142670 52724 4 2 481755.46 9.3867431 22.1003 23.733375 348 623023 185014 38040 110 0 0 0 0 0 0 553 156144 16160
23.74 -0.194824 -0.179576 5.99902 31837 0.5000007 142787 52767 4 2 483603.78 9.3867431 22.1003 23.74 356 623402 184799 38417 111 0 0 0 0 0 0 553 156264 16222
23.746625 -0.194824 -0.178882 5.99905 31838 0.5000007 142801 52790 4 2 472543.67 9.3867431 22.1003 23.746625 318 624634 185244 38713 112 0 0 0 0 0 0 553 156278 15851
23.753375 -0.194824 -0.178176 5.99907 31839 0.5000007 142759 52792 4 2 461423.94 9.3867431 22.1003 23.753375 364 624525 185675 38858 113 0 0 0 0 0 0 553 156223 15478
23.76 -0.194824 -0.177482 5.99909 31840 0.5000007 142818 52844 5 2 453315.19 9.3867431 22.1003 23.76 360 625820 187967 38977 114 0 0 0 0 0 0 553 156293 15206
23.766625 -0.194824 -0.176788 5.99911 31841 0.5000007 142660 52717 4 2 446667.2 9.3867431 22.1003 23.766625 323 627741 188634 38998 115 0 0 0 0 0 0 553 156128 14983
23.773375 -0.194824 -0.176082 5.99913 31843 0.5000007 142766 52830 4 2 451943.86 9.3867431 22.1003 23.773375 404 631119 191205 39717 116 0 0 0 0 0 0 553 156235 15160
23.78 -0.194824 -0.175388 5.99915 31843 0.5000007 142696 52750 4 2 450363.84 9.3867431 22.1003 23.78 479 633938 194075 39613 117 0 0 0 0 0 0 553 156170 15107
23.786625 -0.194824 -0.174694 5.99917 31844 0.5000007 142795 52813 4 2 454448.03 9.3867431 22.1003 23.786625 736 635813 195877 39511 118 0 0 0 0 0 0 553 156278 15244
23.793375 -0.194824 -0.173988 5.99919 31845 0.5000007 142774 52793 4 2 461245.08 9.3867431 22.1003 23.793375 753 639108 197271 39106 119 0 0 0 0 0 0 553 156236 15472
23.8 -0.194824 -0.173294 5.99921 31846 0.5000007 142713 52771 3 2 460946.96 9.3867431 22.1003 23.8 625 640514 198813 38826 120 0 0 0 0 0 0 553 156210 15462
23.806625 -0.194824 -0.1726 5.99923 31847 0.5000007 142681 52772 5 2 453523.87 9.3867431 22.1003 23.806625 536 642629 199324 38191 121 0 0 0 0 0 0 553 156157 15213
23.813375 -0.194824 -0.171893 5.99925 31848 0.5000007 142700 52782 4 2 458114.86 9.3867431 22.1003 23.813375 420 645611 200249 38251 122 0 0 0 0 0 0 553 156163 15367
23.82 -0.194824 -0.1712 5.99927 31849 0.5000007 142714 52801 5 2 449439.68 9.3867431 22.1003 23.82 351 644842 199567 37687 123 0 0 0 0 0 0 553 156176 15076
23.826625 -0.194824 -0.170506 5.99929 31850 0.5000007 142727 52788 4 2 443209.06 9.3867431 22.1003 23.826625 291 645965 199884 37600 124 0 0 0 0 0 0 553 156205 14867
23.833375 -0.194824 -0.169799 5.99931 31851 0.5000007 142655 52767 4 2 435487.85 9.3867431 22.1003 23.833375 313 647139 199993 37679 125 0 0 0 0 0 0 553 156113 14608
23.84 -0.194824 -0.169106 5.99933 31852 0.5000007 142754 52792 4 2 437216.93 9.3867431 22.1003 23.84 332 652053 201342 37519 126 0 0 0 0 0 0 553 156228 14666
23.846625 -0.194824 -0.168412 5.99935 31853 0.5000007 142628 52724 4 2 439959.59 9.3867431 22.1003 23.846625 316 655038 202077 38136 127 0 0 0 0 0 0 553 156107 14758
23.853375 -0.194824 -0.167705 5.99937 31854 0.5000007 142602 52718 5 2 431552.72 9.3867431 22.1003 23.853375 430 658468 202731 37752 128 0 0 0 0 0 0 553 156085 14476
23.86 -0.194824 -0.167011 5.99939 31855 0.5000007 142649 52727 4 2 435130.11 9.3867431 22.1003 23.86 528 663652 204374 38330 129 0 0 0 0 0 0 553 156108 14596
23.866625 -0.194824 -0.166318 5.99941 31856 0.5000007 142554 52640 5 2 429287.04 9.3867431 22.1003 23.866625 696 673022 206967 38102 130 0 0 0 0 0 0 553 156041 14400
23.873375 -0.194824 -0.165611 5.99943 31857 0.5000007 142524 52651 4 2 429674.59 9.3867431 22.1003 23.873375 1126 682919 209488 38420 131 0 0 0 0 0 0 553 156018 14413
23.88 -0.194824 -0.164917 5.99945 31858 0.5000007 142570 52661 5 2 439065.24 9.3867431 22.1003 23.88 1829 699289 212421 39158 132 0 0 0 0 0 0 553 156037 14728
23.886625 -0.194824 -0.164223 5.99946 31859 0.5000007 142572 52656 4 2 432089.33 9.3867431 22.1003 23.886625 2808 724471 215692 38896 133 0 0 0 0 0 0 553 156051 14494
23.893375 -0.194824 -0.163517 5.99948 31860 0.5000007 142552 52668 5 2 444461.14 9.3867431 22.1003 23.893375 8274 774023 218739 39575 134 0 0 0 0 0 0 553 155999 14909
23.9 -0.194824 -0.162823 5.9995 31861 0.5000007 142612 52676 5 2 449231 9.3867431 22.1003 23.9 25462 866544 221975 40222 135 0 0 0 0 0 0 553 156076 15069
23.906625 -0.194824 -0.162129 5.99952 31862 0.5000007 142502 52592 4 2 466581.35 9.3867431 22.1003 23.906625 63715 1037552 225143 41078 136 0 0 0 0 0 0 553 155966 15651
23.913375 -0.194824 -0.161422 5.99954 31863 0.5000007 142558 52651 6 2 471023.28 9.3867431 22.1003 23.913375 137311 1374277 227730 41813 137 0 0 0 0 0 0 553 156032 15800
23.92 -0.194824 -0.160729 5.99956 31864 0.5000007 142488 52582 4 2 480443.75 9.3867431 22.1003 23.92 189720 1806136 233106 42556 138 0 0 0 0 0 0 553 155980 16116
23.926625 -0.194824 -0.160035 5.99958 31865 0.5000007 142516 52634 5 2 493978.21 9.3867431 22.1003 23.926625 200401 2084352 238684 43872 139 0 0 0 0 0 0 553 155974 16570
23.933375 -0.194824 -0.159328 5.9996 31866 0.5000007 142496 52611 4 2 509271.56 9.3867431 22.1003 23.933375 306890 2379198 245499 45021 140 0 0 0 0 0 0 553 155972 17083
23.94 -0.194824 -0.158635 5.99962 31867 0.5000007 142449 52583 4 2 517469.75 9.3867431 22.1003 23.94 319052 2503657 252003 46061 141 0 0 0 0 0 0 553 155940 17358
23.946625 -0.194824 -0.157941 5.99963 31868 0.5000007 142394 52537 5 2 529066.47 9.3867431 22.1003 23.946625 189157 1987154 257117 46536 142 0 0 0 0 0 0 553 155869 17747
23.953375 -0.194824 -0.157234 5.99965 31869 0.5000007 142446 52580 4 2 543018.29 9.3867431 22.1003 23.953375 64771 1412563 264968 47681 143 0 0 0 0 0 0 553 155936 18215
23.96 -0.194824 -0.15654 5.99967 31870 0.5000007 142424 52538 4 2 550053.83 9.3867431 22.1003 23.96 23046 1167050 273955 48035 144 0 0 0 0 0 0 553 155918 18451
23.966625 -0.194824 -0.155846 5.99969 31871 0.5000007 142358 52533 4 2 560964.88 9.3867431 22.1003 23.966625 12513 1089268 286413 48712 145 0 0 0 0 0 0 553 155826 18817
23.973375 -0.194824 -0.15514 5.99971 31872 0.5000007 142380 52531 5 2 569789.11 9.3867431 22.1003 23.973375 14759 1064615 300379 48996 146 0 0 0 0 0 0 553 155853 19113
23.98 -0.194824 -0.154446 5.99972 31873 0.5000007 142306 52435 4 2 576198.6 9.3867431 22.1003 23.98 10676 1047433 318919 49784 147 0 0 0 0 0 0 553 155797 19328
23.986625 -0.194824 -0.153752 5.99974 31874 0.5000007 142172 52376 4 2 578345.04 9.3867431 22.1003 23.986625 5402 1044340 343173 49897 148 0 0 0 0 0 0 553 155638 19400
23.993375 -0.194824 -0.153045 5.99976 31875 0.5000007 142334 52468 5 2 578195.98 9.3867431 22.1003 23.993375 5888 1072202 374357 50134 149 0 0 0 0 0 0 553 155825 19395
24 -0.194824 -0.152352 5.99978 31876 0.5000007 142172 52340 5 2 565198.12 9.3867431 22.1003 24 11780 1126022 418924 49918 150 0 0 0 0 0 0 553 155666 18959
24.006625 -0.194824 -0.151658 5.9998 31877 0.5000007 142343 52475 4 2 561769.79 9.3867431 22.1003 24.006625 16876 1220180 487922 49167 151 0 0 0 0 0 0 553 155832 18844
24.013375 -0.194824 -0.150951 5.99981 31878 0.5000007 142335 52434 4 2 552259.89 9.3867431 22.1003 24.013375 14474 1361485 599244 48453 152 0 0 0 0 0 0 553 155824 18525
24.02 -0.194824 -0.150257 5.99983 31879 0.5000007 142229 52387 4 2 540007.32 9.3867431 22.1003 24.02 15963 1612087 803339 47679 153 0 0 0 0 0 0 553 155722 18114
24.026625 -0.194824 -0.149564 5.99985 31880 0.5000007 142189 52353 4 2 524117.74 9.3867431 22.1003 24.026625 58076 2189689 1274885 47451 154 0 0 0 0 0 0 553 155677 17581
24.033375 -0.194824 -0.148857 5.99987 31881 0.5000007 142167 52348 5 2 516545.59 9.3867431 22.1003 24.033375 121896 3340143 2415962 47616 155 0 0 0 0 0 0 553 155651 17327
24.04 -0.194824 -0.148163 5.99988 31882 0.5000007 142069 52280 4 2 529334.77 9.3867431 22.1003 24.04 406408 5483831 4736758 49639 156 0 0 0 0 0 0 553 155555 17756
24.046625 -0.194824 -0.147469 5.9999 31883 0.5000007 142158 52322 4 2 560636.95 9.3867431 22.1003 24.046625 503187 9468906 8850985 53891 157 0 0 0 0 0 0 553 155656 18806
24.053375 -0.194824 -0.146762 5.99992 31884 0.5000007 142073 52266 5 2 538427.31 9.3867431 22.1003 24.053375 451982 8357663 7809143 51320 158 0 0 0 0 0 0 553 155575 18061
24.06 -0.194824 -0.146069 5.99993 31885 0.5000007 141988 52220 5 2 480086.01 9.3867431 22.1003 24.06 243820 4711719 4204154 44719 159 0 0 0 0 0 0 553 155494 16104
24.066625 -0.194824 -0.145375 5.99995 31886 0.5000007 141983 52183 5 2 452331.41 9.3867431 22.1003 24.066625 94235 2549238 2063475 42141 160 0 0 0 0 0 0 553 155466 15173
24.073375 -0.194824 -0.144668 5.99997 31887 0.5000007 142005 52201 5 2 440764.51 9.3867431 22.1003 24.073375 31830 1440047 969787 40462 161 0 0 0 0 0 0 553 155495 14785
24.08 -0.194824 -0.143974 5.99998 31887 0.5000007 141938 52218 5 2 446547.96 9.3867431 22.1003 24.08 9356 1023221 561608 40320 162 0 0 0 0 0 0 553 155427 14979
24.086625 -0.194824 -0.14328 6 31888 0.5000007 141902 52133 5 2 438051.65 9.3867431 22.1003 24.086625 2926 864976 409354 39926 163 0 0 0 0 0 0 553 155392 14694
24.093375 -0.194824 -0.142574 6.00002 31889 0.5000007 141815 52077 3 2 441122.25 9.3867431 22.1003 24.093375 1259 793867 341851 40106 164 0 0 0 0 0 0 553 155320 14797
24.1 -0.194824 -0.14188 6.00003 31890 0.5000007 141840 52075 5 2 444312.09 9.3867431 22.1003 24.1 792 748861 301291 40225 165 0 0 0 0 0 0 553 155305 14904
24.106625 -0.194824 -0.141186 6.00005 31891 0.5000007 141878 52124 4 2 438290.14 9.3867431 22.1003 24.106625 536 721383 275985 39779 166 0 0 0 0 0 0 553 155375 14702
24.113375 -0.194824 -0.140479 6.00007 31892 0.5000007 141731 52018 3 2 429883.27 9.3867431 22.1003 24.113375 397 701017 257465 38560 167 0 0 0 0 0 0 553 155228 14420
24.12 -0.194824 -0.139785 6.00008 31893 0.5000007 141789 52042 4 2 434056.9 9.3867431 22.1003 24.12 322 685438 243529 38611 168 0 0 0 0 0 0 553 155290 14560
24.126625 -0.194824 -0.139092 6.0001 31894 0.5000007 141645 51972 5 2 430241.01 9.3867431 22.1003 24.126625 262 672968 232786 38416 169 0 0 0 0 0 0 553 155160 14432
24.133375 -0.194824 -0.138385 6.00012 31895 0.5000007 141756 52022 4 2 419806.95 9.3867431 22.1003 24.133375 263 664108 224792 37741 170 0 0 0 0 0 0 553 155244 14082
24.14 -0.194824 -0.137691 6.00013 31896 0.5000007 141740 51987 5 2 432983.68 9.3867431 22.1003 24.14 240 653791 216345 37611 171 0 0 0 0 0 0 553 155236 14524
24.146625 -0.194824 -0.136997 6.00015 31897 0.5000007 141737 52003 5 2 418912.6 9.3867431 22.1003 24.146625 266 645937 209670 36962 172 0 0 0 0 0 0 553 155244 14052
24.153375 -0.194824 -0.13629 6.00016 31898 0.5000007 141573 51901 4 2 417272.97 9.3867431 22.1003 24.153375 263 640104 203998 36665 173 0 0 0 0 0 0 553 155081 13997
24.16 -0.194824 -0.135597 6.00018 31899 0.5000007 141630 51922 4 2 417064.28 9.3867431 22.1003 24.16 273 633333 199064 36780 174 0 0 0 0 0 0 553 155134 13990
24.166625 -0.194824 -0.134903 6.0002 31900 0.5000007 141532 51872 6 2 412681.98 9.3867431 22.1003 24.166625 307 630434 195068 36650 175 0 0 0 0 0 0 553 155027 13843
24.173375 -0.194824 -0.134196 6.00021 31901 0.5000007 141587 51904 3 2 415573.7 9.3867431 22.1003 24.173375 291 624483 191945 36399 176 0 0 0 0 0 0 553 155074 13940
24.18 -0.194824 -0.133502 6.00023 31902 0.5000007 141525 51882 6 2 401055.45 9.3867431 22.1003 24.18 294 621331 188333 35945 177 0 0 0 0 0 0 553 155028 13453
24.186625 -0.194824 -0.132808 6.00024 31903 0.5000007 141480 51842 5 2 407703.44 9.3867431 22.1003 24.186625 309 617650 185334 36592 178 0 0 0 0 0 0 553 154977 13676
24.193375 -0.194824 -0.132101 6.00026 31904 0.5000007 141475 51841 4 2 394258.41 9.3867431 22.1003 24.193375 305 613009 181187 35745 179 0 0 0 0 0 0 553 154982 13225
24.2 -0.194824 -0.131408 6.00027 31905 0.5000007 141462 51809 5 2 397358.82 9.3867431 22.1003 24.2 294 610215 179351 36131 180 0 0 0 0 0 0 553 154973 13329
24.206625 -0.194824 -0.130714 6.00029 31906 0.5000007 141376 51792 6 2 382959.81 9.3867431 22.1003 24.206625 299 608360 177169 35694 181 0 0 0 0 0 0 553 154877 12846
24.213375 -0.194824 -0.130007 6.0003 31907 0.5000007 141555 51868 4 2 379203.55 9.3867431 22.1003 24.213375 326 608006 175941 35695 182 0 0 0 0 0 0 553 155080 12720
24.22 -0.194824 -0.129313 6.00032 31908 0.5000007 141373 51754 5 2 378130.33 9.3867431 22.1003 24.22 317 602154 172751 35758 183 0 0 0 0 0 0 553 154868 12684
24.226625 -0.194824 -0.128619 6.00033 31909 0.5000007 141439 51801 5 2 371631.41 9.3867431 22.1003 24.226625 359 602713 172120 35994 184 0 0 0 0 0 0 553 154938 12466
24.233375 -0.194824 -0.127912 6.00035 31910 0.5000007 141243 51710 4 2 366831.74 9.3867431 22.1003 24.233375 345 600173 170991 36014 185 0 0 0 0 0 0 553 154740 12305
24.24 -0.194824 -0.127219 6.00036 31911 0.5000007 141367 51741 4 2 366980.8 9.3867431 22.1003 24.24 413 599611 170364 36332 186 0 0 0 0 0 0 553 154872 12310
24.246625 -0.194824 -0.126525 6.00038 31912 0.5000007 141361 51727 4 2 361674.33 9.3867431 22.1003 24.246625 404 598527 169835 36630 187 0 0 0 0 0 0 553 154866 12132
24.253375 -0.194824 -0.125818 6.00039 31913 0.5000007 141409 51781 5 2 357172.78 9.3867431 22.1003 24.253375 429 597430 169380 36729 188 0 0 0 0 0 0 553 154891 11981
24.26 -0.194824 -0.125124 6.00041 31914 0.5000007 141299 51703 4 2 345188.52 9.3867431 22.1003 24.26 488 595457 168389 36551 189 0 0 0 0 0 0 553 154813 11579
24.266625 -0.194824 -0.12443 6.00042 31915 0.5000007 141270 51695 4 2 326854.38 9.3867431 22.1003 24.266625 473 594969 167936 36117 190 0 0 0 0 0 0 553 154785 10964
24.273375 -0.194824 -0.123723 6.00044 31916 0.5000007 141301 51692 5 2 321965.28 9.3867431 22.1003 24.273375 558 594348 168334 36246 191 0 0 0 0 0 0 553 154810 10800
24.28 -0.194824 -0.123029 6.00045 31917 0.5000007 141267 51677 5 2 322531.7 9.3867431 22.1003 24.28 543 594469 167896 36284 192 0 0 0 0 0 0 553 154769 10819
24.286625 -0.194824 -0.122336 6.00047 31918 0.5000007 141337 51702 5 2 317076.18 9.3867431 22.1003 24.286625 729 595632 168532 36366 193 0 0 0 0 0 0 553 154843 10636
24.293375 -0.194824 -0.121629 6.00048 31919 0.5000007 141281 51689 5 2 310726.31 9.3867431 22.1003 24.293375 729 596884 169801 35797 194 0 0 0 0 0 0 553 154792 10423
24.3 -0.194824 -0.120935 6.00049 31920 0.5000007 141239 51661 4 2 311590.84 9.3867431 22.1003 24.3 789 598275 171963 35854 195 0 0 0 0 0 0 553 154730 10452
24.306625 -0.194824 -0.120241 6.00051 31921 0.5000007 141371 51698 4 2 304137.94 9.3867431 22.1003 24.306625 945 598688 173202 34876 196 0 0 0 0 0 0 553 154874 10202
24.313375 -0.194824 -0.119534 6.00052 31922 0.5000007 141205 51651 5 2 303750.39 9.3867431 22.1003 24.313375 868 599351 175393 34000 197 0 0 0 0 0 0 553 154693 10189
24.32 -0.194824 -0.11884 6.00054 31923 0.5000007 141237 51672 4 2 304495.68 9.3867431 22.1003 24.32 1103 601635 178711 32907 198 0 0 0 0 0 0 553 154746 10214
24.326625 -0.194824 -0.118147 6.00055 31924 0.5000007 141184 51612 5 2 297430.33 9.3867431 22.1003 24.326625 1107 606815 182289 30818 199 0 0 0 0 0 0 553 154709 9977
24.333375 -0.194824 -0.11744 6.00056 31925 0.5000007 141253 51683 4 2 297489.96 9.3867431 22.1003 24.333375 1449 612389 187678 28993 200 0 0 0 0 0 0 553 154764 9979
24.34 -0.194824 -0.116746 6.00058 31926 0.5000007 141219 51661 4 2 293912.56 9.3867431 22.1003 24.34 1474 616537 193627 27515 201 0 0 0 0 0 0 553 154724 9859
24.346625 -0.194824 -0.116052 6.00059 31927 0.5000007 141206 51623 5 2 293793.32 9.3867431 22.1003 24.346625 2001 625757 203303 26699 202 0 0 0 0 0 0 553 154687 9855
24.353375 -0.194824 -0.115345 6.0006 31927 0.5000007 141264 51669 5 2 293942.38 9.3867431 22.1003 24.353375 2723 638435 215196 26057 203 0 0 0 0 0 0 553 154779 9860
24.36 -0.194824 -0.114651 6.00062 31928 0.5000007 141210 51651 5 2 290305.36 9.3867431 22.1003 24.36 3762 651369 229311 25346 204 0 0 0 0 0 0 553 154717 9738
24.366625 -0.194824 -0.113957 6.00063 31930 0.5000007 141225 51629 5 2 291318.96 9.3867431 22.1003 24.366625 4907 670466 247957 25066 205 0 0 0 0 0 0 553 154720 9772
24.373375 -0.194824 -0.11325 6.00064 31931 0.5000007 141150 51610 5 2 288009.87 9.3867431 22.1003 24.373375 7796 692451 271390 24540 206 0 0 0 0 0 0 553 154659 9661
24.38 -0.194824 -0.112557 6.00066 31932 0.5000007 141208 51645 5 2 291825.75 9.3867431 22.1003 24.38 12105 723789 302184 24654 207 0 0 0 0 0 0 553 154706 9789
24.386625 -0.194824 -0.111863 6.00067 31933 0.5000007 141271 51647 4 2 287741.56 9.3867431 22.1003 24.386625 18183 763160 342002 24204 208 0 0 0 0 0 0 553 154776 9652
24.393375 -0.194824 -0.111156 6.00068 31934 0.5000007 141150 51625 4 2 285356.64 9.3867431 22.1003 24.393375 23900 810748 389616 24250 209 0 0 0 0 0 0 553 154655 9572
24.4 -0.194824 -0.110462 6.0007 31934 0.5000007 141181 51599 3 2 282315.85 9.3867431 22.1003 24.4 34600 865313 443546 24102 210 0 0 0 0 0 0 553 154687 9470
24.406625 -0.194824 -0.109768 6.00071 31935 0.5000007 141071 51524 4 2 285237.39 9.3867431 22.1003 24.406625 49717 919282 497859 23849 211 0 0 0 0 0 0 553 154578 9568
24.413375 -0.194824 -0.109061 6.00072 31936 0.5000007 141127 51595 5 2 287055.9 9.3867431 22.1003 24.413375 56443 969041 548249 24130 212 0 0 0 0 0 0 553 154635 9629
24.42 -0.194824 -0.108367 6.00073 31937 0.5000007 141215 51653 5 2 282792.84 9.3867431 22.1003 24.42 58746 1003709 582601 23541 213 0 0 0 0 0 0 553 154726 9486
24.426625 -0.194824 -0.107673 6.00075 31938 0.5000007 141119 51617 4 2 281212.82 9.3867431 22.1003 24.426625 70136 1007608 587043 23655 214 0 0 0 0 0 0 553 154624 9433
24.433375 -0.194824 -0.106966 6.00076 31939 0.5000007 141082 51618 4 2 281898.49 9.3867431 22.1003 24.433375 64147 982765 562161 23489 215 0 0 0 0 0 0 553 154600 9456
24.44 -0.194824 -0.106273 6.00077 31940 0.5000007 141241 51701 5 2 283240.01 9.3867431 22.1003 24.44 44098 933545 513053 23574 216 0 0 0 0 0 0 553 154759 9501
24.446625 -0.194824 -0.105579 6.00078 31941 0.5000007 141284 51737 3 2 277039.2 9.3867431 22.1003 24.446625 40792 868447 448955 23080 217 0 0 0 0 0 0 553 154793 9293
24.453375 -0.194824 -0.104872 6.0008 31942 0.5000007 141227 51672 4 2 280616.59 9.3867431 22.1003 24.453375 29049 795686 375593 22982 218 0 0 0 0 0 0 553 154744 9413
24.46 -0.194824 -0.104178 6.00081 31943 0.5000007 141130 51594 5 2 278142.23 9.3867431 22.1003 24.46 16467 729649 309878 22699 219 0 0 0 0 0 0 553 154629 9330
24.466625 -0.194824 -0.103484 6.00082 31944 0.5000007 141209 51641 4 2 268632.33 9.3867431 22.1003 24.466625 9917 674322 255811 22214 220 0 0 0 0 0 0 553 154735 9011
24.473375 -0.194824 -0.102777 6.00083 31945 0.5000007 141160 51613 4 2 271792.36 9.3867431 22.1003 24.473375 6501 637401 218102 22250 221 0 0 0 0 0 0 553 154656 9117
24.48 -0.194824 -0.102083 6.00084 31946 0.5000007 141153 51631 5 2 272776.14 9.3867431 22.1003 24.48 3543 610768 191795 22449 222 0 0 0 0 0 0 553 154648 9150
24.486625 -0.194824 -0.101389 6.00086 31947 0.5000007 141195 51654 5 2 269019.88 9.3867431 22.1003 24.486625 2253 591759 174290 22303 223 0 0 0 0 0 0 553 154697 9024
24.493375 -0.194824 -0.100682 6.00087 31948 0.5000007 141240 51678 4 2 266336.83 9.3867431 22.1003 24.493375 1806 580538 163144 22166 224 0 0 0 0 0 0 553 154766 8934
24.5 -0.194824 -0.0999886 6.00088 31949 0.5000007 141173 51673 5 2 267559.11 9.3867431 22.1003 24.5 1382 572468 155815 21901 225 0 0 0 0 0 0 553 154687 8975
24.506625 -0.194824 -0.0992947 6.00089 31950 0.5000007 141238 51725 3 2 270540.27 9.3867431 22.1003 24.506625 1108 566275 149674 22102 226 0 0 0 0 0 0 553 154748 9075
24.513375 -0.194824 -0.0985877 6.0009 31951 0.5000007 141197 51689 5 2 271166.31 9.3867431 22.1003 24.513375 927 561893 145832 21899 227 0 0 0 0 0 0 553 154712 9096
24.52 -0.194824 -0.0978938 6.00091 31952 0.5000007 141204 51700 5 2 272120.28 9.3867431 22.1003 24.52 661 556649 142820 22084 228 0 0 0 0 0 0 553 154703 9128
24.526625 -0.194824 -0.0972 6.00092 31953 0.5000007 141277 51712 4 2 267499.49 9.3867431 22.1003 24.526625 565 554142 139291 21939 229 0 0 0 0 0 0 553 154786 8973
24.533375 -0.194824 -0.096493 6.00094 31954 0.5000007 141247 51721 4 2 265472.3 9.3867431 22.1003 24.533375 440 552244 137454 21817 230 0 0 0 0 0 0 553 154755 8905
24.54 -0.194824 -0.0957991 6.00095 31955 0.5000007 141256 51716 5 2 269735.36 9.3867431 22.1003 24.54 461 549600 135367 21789 231 0 0 0 0 0 0 553 154776 9048
24.546625 -0.194824 -0.0951052 6.00096 31956 0.5000007 141836 51974 4 2 267111.94 9.3867431 22.1003 24.546625 364 548940 134298 21949 232 0 0 0 0 0 0 553 155334 8960
24.553375 -0.194824 -0.0943983 6.00097 31957 0.5000007 141845 51980 4 2 268095.72 9.3867431 22.1003 24.553375 332 548300 133359 21941 233 0 0 0 0 0 0 553 155348 8993
24.56 -0.194824 -0.0937044 6.00098 31958 0.5000007 141846 51961 4 2 267678.36 9.3867431 22.1003 24.56 290 546736 132153 21767 234 0 0 0 0 0 0 553 155353 8979
24.566625 -0.194824 -0.0930105 6.00099 31959 0.5000007 141814 51966 4 2 265710.79 9.3867431 22.1003 24.566625 243 544195 130406 21785 235 0 0 0 0 0 0 553 155305 8913
24.573375 -0.194824 -0.0923035 6.001 31960 0.5000007 141924 52022 4 2 265025.12 9.3867431 22.1003 24.573375 212 544929 129865 21712 236 0 0 0 0 0 0 553 155430 8890
24.58 -0.194824 -0.0916097 6.00101 31961 0.5000007 141916 51993 4 2 266933.07 9.3867431 22.1003 24.58 187 542964 129079 21786 237 0 0 0 0 0 0 553 155423 8954
24.586625 -0.194824 -0.0909158 6.00102 31962 0.5000007 141867 51992 5 2 259420.54 9.3867431 22.1003 24.586625 189 541542 127780 21458 238 0 0 0 0 0 0 553 155374 8702
24.593375 -0.194824 -0.0902088 6.00103 31963 0.5000007 141850 51954 5 2 264756.82 9.3867431 22.1003 24.593375 150 539631 126220 21386 239 0 0 0 0 0 0 553 155343 8881
24.6 -0.194824 -0.0895149 6.00104 31964 0.5000007 141968 52017 5 2 259301.3 9.3867431 22.1003 24.6 175 539474 126336 21375 240 0 0 0 0 0 0 553 155478 8698
24.606625 -0.194824 -0.088821 6.00105 31965 0.5000007 141795 51959 4 2 264935.69 9.3867431 22.1003 24.606625 136 538896 126509 21754 241 0 0 0 0 0 0 553 155298 8887
24.613375 -0.194824 -0.088114 6.00107 31966 0.5000007 141844 51966 4 2 263922.09 9.3867431 22.1003 24.613375 158 537210 124628 21564 242 0 0 0 0 0 0 553 155343 8853
24.62 -0.194824 -0.0874201 6.00108 31967 0.5000007 141897 52001 4 2 258734.88 9.3867431 22.1003 24.62 122 537505 123907 21338 243 0 0 0 0 0 0 553 155392 8679
24.626625 -0.194824 -0.0867262 6.00109 31968 0.5000007 141886 51987 5 2 261686.22 9.3867431 22.1003 24.626625 118 536607 123797 21334 244 0 0 0 0 0 0 553 155413 8778
24.633375 -0.194824 -0.0860193 6.0011 31969 0.5000007 141900 52004 4 2 261358.3 9.3867431 22.1003 24.633375 121 534898 122447 21250 245 0 0 0 0 0 0 553 155411 8767
24.64 -0.194824 -0.0853254 6.00111 31970 0.5000007 141941 52010 5 2 254233.32 9.3867431 22.1003 24.64 102 534001 122019 21151 246 0 0 0 0 0 0 553 155443 8528
24.646625 -0.194824 -0.0846315 6.00112 31971 0.5000007 141909 52000 4 2 258585.82 9.3867431 22.1003 24.646625 91 534362 121216 21017 247 0 0 0 0 0 0 553 155420 8674
24.653375 -0.194824 -0.0839245 6.00113 31972 0.5000007 141863 52001 4 2 264279.83 9.3867431 22.1003 24.653375 88 533853 121096 21234 248 0 0 0 0 0 0 553 155371 8865
24.66 -0.194824 -0.0832306 6.00113 31973 0.5000007 141896 52025 5 2 262550.76 9.3867431 22.1003 24.66 92 534500 121391 21408 249 0 0 0 0 0 0 553 155391 8807
24.666625 -0.194824 -0.0825367 6.00114 31974 0.5000007 141907 52007 5 2 261417.92 9.3867431 22.1003 24.666625 83 532823 120239 21275 250 0 0 0 0 0 0 553 155399 8769
24.673375 -0.194824 -0.0818297 6.00115 31975 0.5000007 141870 52022 4 2 262193.02 9.3867431 22.1003 24.673375 156 532549 120325 21146 251 0 0 0 0 0 0 553 155360 8795
24.68 -0.194824 -0.0811358 6.00116 31976 0.5000007 141894 51992 4 2 258705.06 9.3867431 22.1003 24.68 91 528857 119101 20941 252 0 0 0 0 0 0 553 155386 8678
24.686625 -0.194824 -0.0804419 6.00117 31977 0.5000007 141807 51917 5 2 264309.65 9.3867431 22.1003 24.686625 82 529826 118990 21213 253 0 0 0 0 0 0 553 155309 8866
24.693375 -0.194824 -0.0797349 6.00118 31978 0.5000007 141820 51950 4 2 257452.98 9.3867431 22.1003 24.693375 77 529000 118972 21063 254 0 0 0 0 0 0 553 155324 8636
24.7 -0.194824 -0.079041 6.00119 31979 0.5000007 141814 51945 4 2 252206.14 9.3867431 22.1003 24.7 87 528288 117985 20872 255 0 0 0 0 0 0 553 155315 8460
24.706625 -0.194824 -0.0783471 6.0012 31980 0.5000007 141820 51985 5 2 249642.34 9.3867431 22.1003 24.706625 81 526701 117503 20735 256 0 0 0 0 0 0 553 155319 8374
24.713375 -0.194824 -0.0776401 6.00121 31980 0.5000007 141840 51951 5 2 252712.93 9.3867431 22.1003 24.713375 81 526358 117734 20677 257 0 0 0 0 0 0 553 155317 8477
24.72 -0.194824 -0.0769462 6.00122 31981 0.5000007 141768 51935 4 2 254024.64 9.3867431 22.1003 24.72 79 526521 117613 20663 258 0 0 0 0 0 0 553 155263 8521
24.726625 -0.194824 -0.0762522 6.00123 31982 0.5000007 141749 51917 4 2 258645.44 9.3867431 22.1003 24.726625 93 524677 117074 20671 259 0 0 0 0 0 0 553 155260 8676
24.733375 -0.194824 -0.0755452 6.00124 31983 0.5000007 141697 51920 4 2 251669.53 9.3867431 22.1003 24.733375 105 525805 116568 20619 260 0 0 0 0 0 0 553 155208 8442
24.74 -0.194824 -0.0748513 6.00125 31984 0.5000007 141763 51917 4 2 255783.53 9.3867431 22.1003 24.74 83 525305 116695 20977 261 0 0 0 0 0 0 553 155270 8580
24.746625 -0.194824 -0.0741574 6.00125 31985 0.5000007 141801 51964 4 2 257154.86 9.3867431 22.1003 24.746625 86 525452 117069 20605 262 0 0 0 0 0 0 553 155308 8626
24.753375 -0.194824 -0.0734504 6.00126 31986 0.5000007 141728 51890 5 2 258496.38 9.3867431 22.1003 24.753375 88 523556 116220 20770 263 0 0 0 0 0 0 553 155210 8671
24.76 -0.194824 -0.0727565 6.00127 31987 0.5000007 141771 51918 4 2 251222.35 9.3867431 22.1003 24.76 88 524962 116099 20701 264 0 0 0 0 0 0 553 155259 8427
24.766625 -0.194824 -0.0720626 6.00128 31988 0.5000007 141741 51891 5 2 253845.77 9.3867431 22.1003 24.766625 75 524605 116473 20682 265 0 0 0 0 0 0 553 155237 8515
24.773375 -0.194824 -0.0713556 6.00129 31989 0.5000007 141718 51870 5 2 253875.59 9.3867431 22.1003 24.773375 80 523302 115579 20684 266 0 0 0 0 0 0 553 155206 8516
24.78 -0.194824 -0.0706617 6.0013 31990 0.5000007 141830 51996 5 2 255306.54 9.3867431 22.1003 24.78 80 523085 115968 20853 267 0 0 0 0 0 0 553 155323 8564
24.786625 -0.194824 -0.0699677 6.0013 31991 0.5000007 141820 51967 5 2 248479.69 9.3867431 22.1003 24.786625 81 523051 115305 20415 268 0 0 0 0 0 0 553 155328 8335
24.793375 -0.194824 -0.0692607 6.00131 31992 0.5000007 141764 51957 4 2 262670.01 9.3867431 22.1003 24.793375 83 521890 115807 20963 269 0 0 0 0 0 0 553 155265 8811
24.8 -0.194824 -0.0685668 6.00132 31993 0.5000007 141796 51955 5 2 255217.11 9.3867431 22.1003 24.8 76 523313 115476 20625 270 0 0 0 0 0 0 553 155297 8561
24.806625 -0.194824 -0.0678729 6.00133 31994 0.5000007 141813 51951 5 2 253994.83 9.3867431 22.1003 24.806625 90 520209 114348 20460 271 0 0 0 0 0 0 553 155305 8520
24.813375 -0.194824 -0.0671659 6.00134 31995 0.5000007 141829 52026 5 2 256975.99 9.3867431 22.1003 24.813375 74 521271 115283 20690 272 0 0 0 0 0 0 553 155322 8620
24.82 -0.194824 -0.0664719 6.00134 31996 0.5000007 141808 52018 5 2 257721.28 9.3867431 22.1003 24.82 75 520899 114946 20822 273 0 0 0 0 0 0 553 155301 8645
24.826625 -0.194824 -0.065778 6.00135 31997 0.5000007 141806 52028 4 2 252504.25 9.3867431 22.1003 24.826625 79 519656 114972 20638 274 0 0 0 0 0 0 553 155304 8470
24.833375 -0.194824 -0.065071 6.00136 31998 0.5000007 141877 52024 6 2 250775.18 9.3867431 22.1003 24.833375 72 521206 114403 20586 275 0 0 0 0 0 0 553 155374 8412
24.84 -0.194824 -0.0643771 6.00137 31999 0.5000007 141819 52021 4 2 253637.09 9.3867431 22.1003 24.84 68 518469 114096 20580 276 0 0 0 0 0 0 553 155303 8508
24.846625 -0.194824 -0.0636831 6.00137 32000 0.5000007 141763 51972 5 2 249344.22 9.3867431 22.1003 24.846625 94 519145 113702 20414 277 0 0 0 0 0 0 553 155247 8364
24.853375 -0.194824 -0.0629761 6.00138 32001 0.5000007 141869 52021 4 2 252355.19 9.3867431 22.1003 24.853375 76 519018 113837 20417 278 0 0 0 0 0 0 553 155359 8465
24.86 -0.194824 -0.0622822 6.00139 32002 0.5000007 141846 52001 4 2 247794.02 9.3867431 22.1003 24.86 89 518476 113730 20242 279 0 0 0 0 0 0 553 155352 8312
24.866625 -0.194824 -0.0615883 6.0014 32003 0.5000007 141951 52132 5 2 249970.27 9.3867431 22.1003 24.866625 81 519001 113961 20252 280 0 0 0 0 0 0 553 155430 8385
24.873375 -0.194824 -0.0608812 6.0014 32004 0.5000007 141991 52141 4 2 250268.38 9.3867431 22.1003 24.873375 87 517703 113855 20417 281 0 0 0 0 0 0 553 155489 8395
24.88 -0.194824 -0.0601873 6.00141 32005 0.5000007 141974 52113 5 2 255664.28 9.3867431 22.1003 24.88 89 519813 114162 20544 282 0 0 0 0 0 0 553 155482 8576
24.886625 -0.194824 -0.0594934 6.00142 32006 0.5000007 141888 52068 4 2 254531.44 9.3867431 22.1003 24.886625 86 517851 113525 20602 283 0 0 0 0 0 0 553 155367 8538
24.893375 -0.194824 -0.0587864 6.00142 32007 0.5000007 142049 52171 4 2 253488.03 9.3867431 22.1003 24.893375 78 518597 114321 20517 284 0 0 0 0 0 0 553 155545 8503
24.9 -0.194824 -0.0580924 6.00143 32008 0.5000007 141870 52093 4 2 251669.53 9.3867431 22.1003 24.9 84 516747 112840 20499 285 0 0 0 0 0 0 553 155356 8442
24.906625 -0.194824 -0.0573985 6.00144 32009 0.5000007 142164 52279 6 2 248241.19 9.3867431 22.1003 24.906625 76 517154 112903 20301 286 0 0 0 0 0 0 553 155659 8327
24.913375 -0.194824 -0.0566915 6.00144 32010 0.5000007 142086 52249 5 2 254412.19 9.3867431 22.1003 24.913375 86 517332 113829 20311 287 0 0 0 0 0 0 553 155586 8534
24.92 -0.194824 -0.0559975 6.00145 32011 0.5000007 142064 52192 4 2 249970.27 9.3867431 22.1003 24.92 65 517062 113106 20239 288 0 0 0 0 0 0 553 155550 8385
24.926625 -0.194824 -0.0553036 6.00146 32012 0.5000007 142072 52184 4 2 247436.28 9.3867431 22.1003 24.926625 76 516552 112731 20299 289 0 0 0 0 0 0 553 155550 8300
24.933375 -0.194824 -0.0545966 6.00146 32013 0.5000007 142082 52211 5 2 244216.63 9.3867431 22.1003 24.933375 70 517092 113150 20242 290 0 0 0 0 0 0 553 155569 8192
24.94 -0.194824 -0.0539026 6.00147 32014 0.5000007 142163 52286 5 2 248867.24 9.3867431 22.1003 24.94 95 517279 113419 20365 291 0 0 0 0 0 0 553 155646 8348
24.946625 -0.194824 -0.0532087 6.00148 32015 0.5000007 142135 52256 5 2 244723.42 9.3867431 22.1003 24.946625 98 514697 112679 20119 292 0 0 0 0 0 0 553 155596 8209
24.953375 -0.194824 -0.0525016 6.00148 32016 0.5000007 142195 52332 4 2 245647.58 9.3867431 22.1003 24.953375 94 515535 112368 20161 293 0 0 0 0 0 0 553 155667 8240
24.96 -0.194824 -0.0518077 6.00149 32017 0.5000007 142139 52314 5 2 250536.69 9.3867431 22.1003 24.96 77 516235 113497 20346 294 0 0 0 0 0 0 553 155622 8404
24.966625 -0.194824 -0.0511138 6.00149 32018 0.5000007 142112 52268 5 2 251848.4 9.3867431 22.1003 24.966625 80 515224 113520 20395 295 0 0 0 0 0 0 553 155623 8448
24.973375 -0.194824 -0.0504067 6.0015 32018 0.5000007 142185 52352 4 2 247018.92 9.3867431 22.1003 24.973375 84 516226 112677 20136 296 0 0 0 0 0 0 553 155683 8286
24.98 -0.194824 -0.0497128 6.00151 32020 0.5000007 142264 52338 5 2 250387.63 9.3867431 22.1003 24.98 83 515610 112641 20293 297 0 0 0 0 0 0 553 155756 8399
24.986625 -0.194824 -0.0490188 6.00151 32021 0.5000007 142339 52417 4 2 247883.45 9.3867431 22.1003 24.986625 83 516278 112855 20338 298 0 0 0 0 0 0 553 155830 8315
24.993375 -0.194824 -0.0483118 6.00152 32022 0.5000007 142203 52361 6 2 251222.35 9.3867431 22.1003 24.993375 83 514932 112537 20286 299 0 0 0 0 0 0 553 155679 8427
25 -0.194824 -0.0476179 6.00152 32023 0.5000007 142156 52367 5 2 247346.85 9.3867431 22.1003 25 83 513447 112584 20194 300 0 0 0 0 0 0 553 155621 8297
