Eta  H  K  L  Epoch  Sec  ion1  Hubmon  scan_bar  Filters  Correct  Qmag  Energy  Graze  p_peak  p_total  p_del_s  p_nu_s  p_image  p_xcen  p_xsig  p_ycen  p_ysig  power  tempsp  gun_on  ion0  p_point
22.8 0.17454 -0.277222 5.99497 65157 1.0000007 279475 101941 7 2 497734.47 9.38524 22.1003 22.8 92 1026914 223277 40570 0 0 0 0 0 0 0 553 307443 16696
22.806625 0.17454 -0.276528 5.995 65159 1.0000007 279290 101728 6 2 500417.52 9.38524 22.1003 22.806625 85 1025710 223289 40052 1 0 0 0 0 0 0 553 307282 16786
22.813375 0.17454 -0.275822 5.99503 65160 1.0000007 279391 101898 6 2 497674.85 9.38524 22.1003 22.813375 88 1026943 223946 40236 2 0 0 0 0 0 0 553 307381 16694
22.82 0.17454 -0.275129 5.99506 65162 1.0000007 279226 101653 5 2 493501.23 9.38524 22.1003 22.82 95 1027066 223457 40068 3 0 0 0 0 0 0 553 307217 16554
22.826625 0.17454 -0.274436 5.9951 65163 1.0000007 279070 101656 5 2 497972.97 9.38524 22.1003 22.826625 92 1027124 223034 40219 4 0 0 0 0 0 0 553 307072 16704
22.833375 0.17454 -0.27373 5.99513 65165 1.0000007 279010 101484 5 2 498241.27 9.38524 22.1003 22.833375 91 1025603 223664 40161 5 0 0 0 0 0 0 553 306997 16713
22.84 0.17454 -0.273036 5.99516 65166 1.0000007 279097 101656 5 2 497406.55 9.38524 22.1003 22.84 88 1025718 223032 40339 6 0 0 0 0 0 0 553 307073 16685
22.846625 0.17454 -0.272343 5.99519 65168 1.0000007 278910 101360 5 2 493173.3 9.38524 22.1003 22.846625 96 1026314 223199 39950 7 0 0 0 0 0 0 553 306890 16543
22.853375 0.17454 -0.271637 5.99522 65169 1.0000007 278915 101458 5 2 490072.89 9.38524 22.1003 22.853375 90 1024930 222268 40125 8 0 0 0 0 0 0 553 306915 16439
22.86 0.17454 -0.270944 5.99525 65171 1.0000007 278879 101405 5 2 499880.91 9.38524 22.1003 22.86 90 1026911 223849 40572 9 0 0 0 0 0 0 553 306871 16768
22.866625 0.17454 -0.27025 5.99529 65172 1.0000007 278856 101492 6 2 499433.73 9.38524 22.1003 22.866625 84 1026371 223549 40526 10 0 0 0 0 0 0 553 306849 16753
22.873375 0.17454 -0.269544 5.99532 65173 1.0000007 278760 101287 6 2 491652.91 9.38524 22.1003 22.873375 89 1025728 223031 40073 11 0 0 0 0 0 0 553 306730 16492
22.88 0.17454 -0.268851 5.99535 65175 1.0000007 278812 101470 5 2 497853.72 9.38524 22.1003 22.88 90 1027154 223618 40366 12 0 0 0 0 0 0 553 306792 16700
22.886625 0.17454 -0.268158 5.99538 65176 1.0000007 278908 101485 4 2 498330.71 9.38524 22.1003 22.886625 93 1028586 223673 40529 13 0 0 0 0 0 0 553 306892 16716
22.893375 0.17454 -0.267451 5.99541 65178 1.0000007 278604 101317 6 2 494544.63 9.38524 22.1003 22.893375 94 1025852 222785 39992 14 0 0 0 0 0 0 553 306600 16589
22.9 0.17454 -0.266758 5.99544 65179 1.0000007 278676 101289 5 2 495319.73 9.38524 22.1003 22.9 93 1028517 224197 40103 15 0 0 0 0 0 0 553 306658 16615
22.906625 0.17454 -0.266065 5.99547 65181 1.0000007 278525 101208 4 2 492308.76 9.38524 22.1003 22.906625 90 1029617 224487 40147 16 0 0 0 0 0 0 553 306514 16514
22.913375 0.17454 -0.265358 5.9955 65182 1.0000007 278738 101318 5 2 498539.39 9.38524 22.1003 22.913375 88 1029219 224183 40496 17 0 0 0 0 0 0 553 306720 16723
22.92 0.17454 -0.264665 5.99554 65184 1.0000007 278548 101241 6 2 500805.07 9.38524 22.1003 22.92 92 1030167 224665 40704 18 0 0 0 0 0 0 553 306540 16799
22.926625 0.17454 -0.263972 5.99557 65185 1.0000007 278554 101185 4 2 495915.97 9.38524 22.1003 22.926625 96 1029466 224568 40516 19 0 0 0 0 0 0 553 306542 16635
22.933375 0.17454 -0.263266 5.9956 65187 1.0000007 278559 101231 5 2 493858.97 9.38524 22.1003 22.933375 97 1029884 224408 40114 20 0 0 0 0 0 0 553 306537 16566
22.94 0.17454 -0.262572 5.99563 65188 1.0000007 278822 101413 4 2 501431.11 9.38524 22.1003 22.94 92 1031596 225569 40897 21 0 0 0 0 0 0 553 306809 16820
22.946625 0.17454 -0.261879 5.99566 65190 1.0000007 278542 101215 5 2 501580.17 9.38524 22.1003 22.946625 86 1029934 223704 40373 22 0 0 0 0 0 0 553 306531 16825
22.953375 0.17454 -0.261173 5.99569 65191 1.0000007 278730 101340 5 2 497764.29 9.38524 22.1003 22.953375 88 1031590 225256 40400 23 0 0 0 0 0 0 553 306692 16697
22.96 0.17454 -0.260479 5.99572 65193 1.0000007 278677 101318 4 2 497466.17 9.38524 22.1003 22.96 86 1030468 225101 40475 24 0 0 0 0 0 0 553 306660 16687
22.966625 0.17454 -0.259786 5.99575 65194 1.0000007 278595 101183 6 2 502444.71 9.38524 22.1003 22.966625 85 1030696 224375 40743 25 0 0 0 0 0 0 553 306592 16854
22.973375 0.17454 -0.25908 5.99578 65196 1.0000007 278670 101364 5 2 496184.27 9.38524 22.1003 22.973375 89 1030301 223778 40300 26 0 0 0 0 0 0 553 306651 16644
22.98 0.17454 -0.258387 5.99581 65197 1.0000007 278695 101322 5 2 502236.03 9.38524 22.1003 22.98 84 1031627 224889 40488 27 0 0 0 0 0 0 553 306645 16847
22.986625 0.17454 -0.257693 5.99584 65199 1.0000007 278921 101553 5 2 501699.42 9.38524 22.1003 22.986625 99 1035663 226383 40730 28 0 0 0 0 0 0 553 306893 16829
22.993375 0.17454 -0.256987 5.99587 65200 1.0000007 278663 101399 5 2 498181.65 9.38524 22.1003 22.993375 99 1032903 225956 40466 29 0 0 0 0 0 0 553 306618 16711
23 0.17454 -0.256294 5.9959 65202 1.0000007 278958 101643 5 2 498539.39 9.38524 22.1003 23 88 1035302 225760 40775 30 0 0 0 0 0 0 553 306942 16723
23.006625 0.17454 -0.2556 5.99593 65203 1.0000007 278899 101538 6 2 498479.76 9.38524 22.1003 23.006625 87 1034363 224688 40387 31 0 0 0 0 0 0 553 306879 16721
23.013375 0.17454 -0.254894 5.99596 65204 1.0000007 278937 101563 5 2 505157.56 9.38524 22.1003 23.013375 90 1035126 225868 40835 32 0 0 0 0 0 0 553 306926 16945
23.02 0.17454 -0.254201 5.99599 65206 1.0000007 279145 101722 4 2 501580.17 9.38524 22.1003 23.02 87 1036892 226546 40965 33 0 0 0 0 0 0 553 307109 16825
23.026625 0.17454 -0.253507 5.99602 65208 1.0000007 279261 101832 5 2 502057.16 9.38524 22.1003 23.026625 92 1037365 226253 40919 34 0 0 0 0 0 0 553 307231 16841
23.033375 0.17454 -0.252801 5.99605 65209 1.0000007 278993 101594 5 2 492338.57 9.38524 22.1003 23.033375 89 1038161 226613 40386 35 0 0 0 0 0 0 553 306969 16515
23.04 0.17454 -0.252108 5.99608 65210 1.0000007 279268 101890 6 2 501431.11 9.38524 22.1003 23.04 85 1038079 227067 40812 36 0 0 0 0 0 0 553 307254 16820
23.046625 0.17454 -0.251414 5.99611 65212 1.0000007 279279 101780 6 2 501013.75 9.38524 22.1003 23.046625 91 1037508 226847 40821 37 0 0 0 0 0 0 553 307256 16806
23.053375 0.17454 -0.250708 5.99614 65213 1.0000007 279453 102044 5 2 508913.82 9.38524 22.1003 23.053375 91 1040518 227574 40977 38 0 0 0 0 0 0 553 307416 17071
23.06 0.17454 -0.250015 5.99616 65215 1.0000007 279485 101974 5 2 504471.9 9.38524 22.1003 23.06 93 1040145 227301 41125 39 0 0 0 0 0 0 553 307440 16922
23.066625 0.17454 -0.249321 5.99619 65216 1.0000007 279515 102078 5 2 505336.43 9.38524 22.1003 23.066625 94 1042159 227832 41135 40 0 0 0 0 0 0 553 307481 16951
23.073375 0.17454 -0.248615 5.99622 65218 1.0000007 279573 102052 5 2 499851.1 9.38524 22.1003 23.073375 90 1039901 226574 40881 41 0 0 0 0 0 0 553 307539 16767
23.08 0.17454 -0.247922 5.99625 65219 1.0000007 279666 102128 5 2 503905.47 9.38524 22.1003 23.08 92 1042064 227614 40901 42 0 0 0 0 0 0 553 307618 16903
23.086625 0.17454 -0.247228 5.99628 65221 1.0000007 279743 102194 6 2 505932.66 9.38524 22.1003 23.086625 88 1044294 228135 41333 43 0 0 0 0 0 0 553 307723 16971
23.093375 0.17454 -0.246522 5.99631 65222 1.0000007 279641 102265 6 2 509062.88 9.38524 22.1003 23.093375 93 1043402 227812 41156 44 0 0 0 0 0 0 553 307606 17076
23.1 0.17454 -0.245828 5.99634 65224 1.0000007 279753 102209 5 2 507751.17 9.38524 22.1003 23.1 88 1043937 229232 41325 45 0 0 0 0 0 0 553 307710 17032
23.106625 0.17454 -0.245135 5.99637 65225 1.0000007 279772 102340 6 2 511358.37 9.38524 22.1003 23.106625 87 1046185 228774 41212 46 0 0 0 0 0 0 553 307716 17153
23.113375 0.17454 -0.244429 5.99639 65227 1.0000007 279854 102288 5 2 508079.1 9.38524 22.1003 23.113375 92 1049706 230408 41266 47 0 0 0 0 0 0 553 307825 17043
23.12 0.17454 -0.243735 5.99642 65228 1.0000007 279928 102492 5 2 512908.58 9.38524 22.1003 23.12 93 1047130 229841 41723 48 0 0 0 0 0 0 553 307912 17205
23.126625 0.17454 -0.243042 5.99645 65230 1.0000007 279872 102333 5 2 512819.14 9.38524 22.1003 23.126625 89 1048749 229765 41682 49 0 0 0 0 0 0 553 307810 17202
23.133375 0.17454 -0.242335 5.99648 65231 1.0000007 279990 102547 4 2 510404.4 9.38524 22.1003 23.133375 94 1049406 230106 41283 50 0 0 0 0 0 0 553 307933 17121
23.14 0.17454 -0.241642 5.99651 65233 1.0000007 280097 102563 6 2 503011.13 9.38524 22.1003 23.14 95 1050100 230355 41400 51 0 0 0 0 0 0 553 308036 16873
23.146625 0.17454 -0.240949 5.99654 65234 1.0000007 280119 102660 5 2 509062.88 9.38524 22.1003 23.146625 93 1050393 230255 41455 52 0 0 0 0 0 0 553 308043 17076
23.153375 0.17454 -0.240242 5.99656 65236 1.0000007 280129 102594 6 2 506022.1 9.38524 22.1003 23.153375 90 1050668 230641 41099 53 0 0 0 0 0 0 553 308093 16974
23.16 0.17454 -0.239549 5.99659 65237 1.0000007 280104 102691 6 2 511716.11 9.38524 22.1003 23.16 94 1052762 231491 41681 54 0 0 0 0 0 0 553 308050 17165
23.166625 0.17454 -0.238856 5.99662 65239 1.0000007 280305 102737 5 2 503726.61 9.38524 22.1003 23.166625 96 1053074 230848 41243 55 0 0 0 0 0 0 553 308252 16897
23.173375 0.17454 -0.238149 5.99665 65240 1.0000007 280222 102751 5 2 512431.59 9.38524 22.1003 23.173375 91 1054568 231588 41495 56 0 0 0 0 0 0 553 308169 17189
23.18 0.17454 -0.237456 5.99667 65242 1.0000007 280232 102766 6 2 514250.1 9.38524 22.1003 23.18 93 1056634 232119 41687 57 0 0 0 0 0 0 553 308155 17250
23.186625 0.17454 -0.236762 5.9967 65243 1.0000007 280349 102861 6 2 511447.81 9.38524 22.1003 23.186625 89 1057156 232522 41701 58 0 0 0 0 0 0 553 308323 17156
23.193375 0.17454 -0.236056 5.99673 65244 1.0000007 280352 102862 6 2 516217.67 9.38524 22.1003 23.193375 88 1056574 233180 41958 59 0 0 0 0 0 0 553 308292 17316
23.2 0.17454 -0.235362 5.99676 65246 1.0000007 280280 102807 5 2 510374.59 9.38524 22.1003 23.2 93 1057923 232686 41607 60 0 0 0 0 0 0 553 308222 17120
23.206625 0.17454 -0.234669 5.99678 65247 1.0000007 280464 102934 5 2 514637.65 9.38524 22.1003 23.206625 86 1059290 233103 41704 61 0 0 0 0 0 0 553 308399 17263
23.213375 0.17454 -0.233963 5.99681 65249 1.0000007 280519 102952 6 2 512103.66 9.38524 22.1003 23.213375 100 1059804 233723 41964 62 0 0 0 0 0 0 553 308455 17178
23.22 0.17454 -0.233269 5.99684 65250 1.0000007 280606 103018 6 2 520450.91 9.38524 22.1003 23.22 99 1060408 233760 42454 63 0 0 0 0 0 0 553 308551 17458
23.226625 0.17454 -0.232576 5.99687 65252 1.0000007 280694 103171 4 2 513951.98 9.38524 22.1003 23.226625 91 1063752 235338 42151 64 0 0 0 0 0 0 553 308634 17240
23.233375 0.17454 -0.231869 5.99689 65253 1.0000007 280622 103081 5 2 519735.43 9.38524 22.1003 23.233375 97 1063662 235230 42566 65 0 0 0 0 0 0 553 308582 17434
23.24 0.17454 -0.231176 5.99692 65255 1.0000007 280684 103237 6 2 521315.45 9.38524 22.1003 23.24 98 1064551 235389 42523 66 0 0 0 0 0 0 553 308635 17487
23.246625 0.17454 -0.230482 5.99695 65256 1.0000007 278376 102185 5 2 515412.75 9.38524 22.1003 23.246625 94 1054835 233877 41961 67 0 0 0 0 0 0 553 306182 17289
23.253375 0.17454 -0.229776 5.99697 65258 1.0000007 281293 103514 6 2 522597.35 9.38524 22.1003 23.253375 87 1068728 236959 42422 68 0 0 0 0 0 0 553 309242 17530
23.26 0.17454 -0.229083 5.997 65259 1.0000007 281411 103468 5 2 524624.54 9.38524 22.1003 23.26 86 1069591 237415 42586 69 0 0 0 0 0 0 553 309350 17598
23.266625 0.17454 -0.228389 5.99703 65261 1.0000007 281238 103498 4 2 528321.18 9.38524 22.1003 23.266625 84 1070138 237594 42693 70 0 0 0 0 0 0 553 309174 17722
23.273375 0.17454 -0.227683 5.99705 65262 1.0000007 281419 103491 5 2 530974.41 9.38524 22.1003 23.273375 88 1074138 239677 43101 71 0 0 0 0 0 0 553 309338 17811
23.28 0.17454 -0.226989 5.99708 65264 1.0000007 281546 103676 6 2 525638.13 9.38524 22.1003 23.28 89 1074561 239620 43043 72 0 0 0 0 0 0 553 309487 17632
23.286625 0.17454 -0.226296 5.99711 65265 1.0000007 281469 103545 6 2 534760.48 9.38524 22.1003 23.286625 90 1074254 239343 43459 73 0 0 0 0 0 0 553 309409 17938
23.293375 0.17454 -0.225589 5.99713 65266 1.0000007 281466 103620 6 2 533597.83 9.38524 22.1003 23.293375 88 1076003 240729 43397 74 0 0 0 0 0 0 553 309394 17899
23.3 0.17454 -0.224896 5.99716 65268 1.0000007 281491 103505 5 2 527605.7 9.38524 22.1003 23.3 92 1077318 241525 43348 75 0 0 0 0 0 0 553 309427 17698
23.306625 0.17454 -0.224202 5.99718 65269 1.0000007 281520 103641 6 2 534939.35 9.38524 22.1003 23.306625 89 1079129 242098 43776 76 0 0 0 0 0 0 553 309434 17944
23.313375 0.17454 -0.223496 5.99721 65271 1.0000007 281639 103662 6 2 536072.19 9.38524 22.1003 23.313375 89 1082089 243407 44079 77 0 0 0 0 0 0 553 309556 17982
23.32 0.17454 -0.222802 5.99724 65272 1.0000007 281620 103694 7 2 538785.05 9.38524 22.1003 23.32 92 1082575 245003 44333 78 0 0 0 0 0 0 553 309551 18073
23.326625 0.17454 -0.222109 5.99726 65274 1.0000007 281513 103649 5 2 533269.9 9.38524 22.1003 23.326625 90 1083483 244888 43989 79 0 0 0 0 0 0 553 309439 17888
23.333375 0.17454 -0.221402 5.99729 65275 1.0000007 281503 103665 5 2 539202.41 9.38524 22.1003 23.333375 91 1085767 246594 44513 80 0 0 0 0 0 0 553 309434 18087
23.34 0.17454 -0.220709 5.99731 65277 1.0000007 281584 103627 5 2 544836.8 9.38524 22.1003 23.34 91 1086549 247657 45045 81 0 0 0 0 0 0 553 309510 18276
23.346625 0.17454 -0.220015 5.99734 65278 1.0000007 281405 103618 6 2 549815.34 9.38524 22.1003 23.346625 99 1088279 248337 45140 82 0 0 0 0 0 0 553 309322 18443
23.353375 0.17454 -0.219309 5.99737 65280 1.0000007 281495 103598 6 2 544568.5 9.38524 22.1003 23.353375 101 1090734 249190 45021 83 0 0 0 0 0 0 553 309419 18267
23.36 0.17454 -0.218615 5.99739 65281 1.0000007 281413 103577 5 2 547847.77 9.38524 22.1003 23.36 94 1090952 251389 45495 84 0 0 0 0 0 0 553 309353 18377
23.366625 0.17454 -0.217922 5.99742 65283 1.0000007 281479 103611 6 2 549457.6 9.38524 22.1003 23.366625 119 1095447 252613 45951 85 0 0 0 0 0 0 553 309392 18431
23.373375 0.17454 -0.217215 5.99744 65284 1.0000007 281411 103611 6 2 566927.2 9.38524 22.1003 23.373375 108 1098535 255049 46750 86 0 0 0 0 0 0 553 309345 19017
23.38 0.17454 -0.216522 5.99747 65286 1.0000007 281531 103679 6 2 563081.5 9.38524 22.1003 23.38 109 1098835 255941 47208 87 0 0 0 0 0 0 553 309467 18888
23.386625 0.17454 -0.215828 5.99749 65287 1.0000007 281029 103392 6 2 565943.41 9.38524 22.1003 23.386625 117 1099976 257242 47621 88 0 0 0 0 0 0 553 308963 18984
23.393375 0.17454 -0.215122 5.99752 65289 1.0000007 281377 103621 5 2 572114.42 9.38524 22.1003 23.393375 112 1103364 260658 48601 89 0 0 0 0 0 0 553 309310 19191
23.4 0.17454 -0.214428 5.99754 65290 1.0000007 281190 103407 5 2 577122.76 9.38524 22.1003 23.4 133 1106956 262943 48826 90 0 0 0 0 0 0 553 309129 19359
23.406625 0.17454 -0.213735 5.99757 65291 1.0000007 281281 103566 6 2 585201.71 9.38524 22.1003 23.406625 142 1110224 265369 50177 91 0 0 0 0 0 0 553 309221 19630
23.413375 0.17454 -0.213028 5.99759 65293 1.0000007 281343 103518 6 2 591462.14 9.38524 22.1003 23.413375 139 1114720 269325 50863 92 0 0 0 0 0 0 553 309282 19840
23.42 0.17454 -0.212335 5.99762 65294 1.0000007 281345 103608 5 2 595337.65 9.38524 22.1003 23.42 138 1118333 271674 50863 93 0 0 0 0 0 0 553 309278 19970
23.426625 0.17454 -0.211641 5.99764 65296 1.0000007 281141 103378 5 2 606934.36 9.38524 22.1003 23.426625 157 1121434 275144 53088 94 0 0 0 0 0 0 553 309082 20359
23.433375 0.17454 -0.210935 5.99767 65297 1.0000007 281376 103655 5 2 627772.67 9.38524 22.1003 23.433375 175 1127915 279333 54536 95 0 0 0 0 0 0 553 309312 21058
23.44 0.17454 -0.210241 5.99769 65299 1.0000007 281209 103409 5 2 634808.21 9.38524 22.1003 23.44 184 1132717 284367 56497 96 0 0 0 0 0 0 553 309142 21294
23.446625 0.17454 -0.209548 5.99771 65300 1.0000007 281360 103618 5 2 650041.94 9.38524 22.1003 23.446625 204 1139235 289902 58418 97 0 0 0 0 0 0 553 309282 21805
23.453375 0.17454 -0.208841 5.99774 65302 1.0000007 281313 103547 6 2 666438.32 9.38524 22.1003 23.453375 218 1146593 296270 61070 98 0 0 0 0 0 0 553 309245 22355
23.46 0.17454 -0.208148 5.99776 65303 1.0000007 281132 103484 5 2 689691.37 9.38524 22.1003 23.46 240 1154250 304171 63831 99 0 0 0 0 0 0 553 309063 23135
23.466625 0.17454 -0.207454 5.99779 65305 1.0000007 281200 103460 6 2 720814.68 9.38524 22.1003 23.466625 262 1163666 313121 68293 100 0 0 0 0 0 0 553 309130 24179
23.473375 0.17454 -0.206748 5.99781 65306 1.0000007 281190 103555 5 2 761090.15 9.38524 22.1003 23.473375 314 1176281 325450 73562 101 0 0 0 0 0 0 553 309108 25530
23.48 0.17454 -0.206054 5.99784 65308 1.0000007 281228 103455 5 2 797996.91 9.38524 22.1003 23.48 414 1190017 337628 79134 102 0 0 0 0 0 0 553 309171 26768
23.486625 0.17454 -0.205361 5.99786 65309 1.0000007 281046 103499 5 2 837825.21 9.38524 22.1003 23.486625 419 1204385 351915 84805 103 0 0 0 0 0 0 553 308981 28104
23.493375 0.17454 -0.204654 5.99788 65311 1.0000007 281027 103306 5 2 884539.98 9.38524 22.1003 23.493375 542 1221917 369050 90958 104 0 0 0 0 0 0 553 308953 29671
23.5 0.17454 -0.20396 5.99791 65312 1.0000007 281120 103490 5 2 967356.61 9.38524 22.1003 23.5 844 1242951 389582 98468 105 0 0 0 0 0 0 553 309060 32449
23.506625 0.17454 -0.203267 5.99793 65313 1.0000007 281127 103367 5 2 1029841.7 9.38524 22.1003 23.506625 1296 1268977 413230 105284 106 0 0 0 0 0 0 553 309052 34545
23.513375 0.17454 -0.20256 5.99795 65315 1.0000007 281067 103521 6 2 1111972.7 9.38524 22.1003 23.513375 1902 1298102 442461 112827 107 0 0 0 0 0 0 553 308980 37300
23.52 0.17454 -0.201867 5.99798 65316 1.0000007 278648 102332 6 2 1182626.2 9.38524 22.1003 23.52 2836 1316684 468841 119353 108 0 0 0 0 0 0 553 306469 39670
23.526625 0.17454 -0.201173 5.998 65318 1.0000007 281689 103660 5 2 1267559.4 9.38524 22.1003 23.526625 3918 1368957 509868 128274 109 0 0 0 0 0 0 553 309640 42519
23.533375 0.17454 -0.200467 5.99803 65319 1.0000007 281747 103656 6 2 1338540.8 9.38524 22.1003 23.533375 4969 1409694 549668 138287 110 0 0 0 0 0 0 553 309694 44900
23.54 0.17454 -0.199773 5.99805 65321 1.0000007 281614 103570 7 2 1430241.3 9.38524 22.1003 23.54 5917 1445618 585799 148799 111 0 0 0 0 0 0 553 309544 47976
23.546625 0.17454 -0.19908 5.99807 65322 1.0000007 281724 103640 5 2 1515800.6 9.38524 22.1003 23.546625 6498 1483505 621296 161616 112 0 0 0 0 0 0 553 309644 50846
23.553375 0.17454 -0.198373 5.99809 65324 1.0000007 281596 103561 6 2 1612598.9 9.38524 22.1003 23.553375 6742 1518436 656779 175655 113 0 0 0 0 0 0 553 309552 54093
23.56 0.17454 -0.197679 5.99812 65325 1.0000007 281601 103580 6 2 1717327 9.38524 22.1003 23.56 6722 1552290 690651 192032 114 0 0 0 0 0 0 553 309524 57606
23.566625 0.17454 -0.196986 5.99814 65327 1.0000007 281269 103345 6 2 1850167.5 9.38524 22.1003 23.566625 6273 1583082 723346 210675 115 0 0 0 0 0 0 553 309203 62062
23.573375 0.17454 -0.196279 5.99816 65328 1.0000007 281420 103473 6 2 1986883.5 9.38524 22.1003 23.573375 5634 1616810 756175 230780 116 0 0 0 0 0 0 553 309361 66648
23.58 0.17454 -0.195586 5.99819 65330 1.0000007 281326 103436 6 2 2165067.4 9.38524 22.1003 23.58 5132 1651524 789736 252775 117 0 0 0 0 0 0 553 309262 72625
23.586625 0.17454 -0.194892 5.99821 65331 1.0000007 281327 103375 5 2 2378667.6 9.38524 22.1003 23.586625 4276 1688670 826283 278232 118 0 0 0 0 0 0 553 309250 79790
23.593375 0.17454 -0.194185 5.99823 65333 1.0000007 281025 103146 5 2 2616176.6 9.38524 22.1003 23.593375 3599 1728759 867441 306686 119 0 0 0 0 0 0 553 308961 87757
23.6 0.17454 -0.193492 5.99825 65334 1.0000007 281240 103322 6 2 2910804.6 9.38524 22.1003 23.6 3667 1783525 920665 342121 120 0 0 0 0 0 0 553 309174 97640
23.606625 0.17454 -0.192798 5.99828 65336 1.0000007 280918 103113 5 2 3280915.6 9.38524 22.1003 23.606625 4829 1844496 983428 383295 121 0 0 0 0 0 0 553 308827 110055
23.613375 0.17454 -0.192092 5.9983 65337 1.0000007 281147 103210 5 2 3685339.8 9.38524 22.1003 23.613375 6484 1925575 1064135 433966 122 0 0 0 0 0 0 553 309080 123621
23.62 0.17454 -0.191398 5.99832 65339 1.0000007 280796 102976 6 2 4157943.1 9.38524 22.1003 23.62 9023 2018355 1156307 490332 123 0 0 0 0 0 0 553 308739 139474
23.626625 0.17454 -0.190704 5.99834 65340 1.0000007 280957 103111 5 2 4679825 9.38524 22.1003 23.626625 12599 2138348 1276817 561126 124 0 0 0 0 0 0 553 308886 156980
23.633375 0.17454 -0.189998 5.99837 65342 1.0000007 280692 102898 5 2 5263238 9.38524 22.1003 23.633375 17650 2283538 1422277 643228 125 0 0 0 0 0 0 553 308614 176550
23.64 0.17454 -0.189304 5.99839 65343 1.0000007 280861 103120 4 2 5830433.5 9.38524 22.1003 23.64 24700 2462181 1600080 739431 126 0 0 0 0 0 0 553 308817 195576
23.646625 0.17454 -0.188611 5.99841 65344 1.0000007 280604 102824 5 2 6493652.1 9.38524 22.1003 23.646625 34695 2680942 1820531 857374 127 0 0 0 0 0 0 553 308554 217823
23.653375 0.17454 -0.187904 5.99843 65346 1.0000007 280638 102846 5 2 7101868.4 9.38524 22.1003 23.653375 50455 2978201 2115645 1002409 128 0 0 0 0 0 0 553 308605 238225
23.66 0.17454 -0.18721 5.99845 65347 1.0000007 280405 102708 6 2 7823607.2 9.38524 22.1003 23.66 75504 3364920 2503248 1192601 129 0 0 0 0 0 0 553 308350 262435
23.666625 0.17454 -0.186517 5.99848 65349 1.0000007 280496 102807 5 2 8491566 9.38524 22.1003 23.666625 124372 3915787 3054908 1463064 130 0 0 0 0 0 0 553 308445 284841
23.673375 0.17454 -0.18581 5.9985 65350 1.0000007 280463 102722 4 2 9230327.2 9.38524 22.1003 23.673375 208733 4664220 3801398 1848551 131 0 0 0 0 0 0 553 308399 309622
23.68 0.17454 -0.185116 5.99852 65352 1.0000007 280191 102587 6 2 9970221.3 9.38524 22.1003 23.68 307046 5623571 4761750 2438438 132 0 0 0 0 0 0 553 308175 334441
23.686625 0.17454 -0.184423 5.99854 65353 1.0000007 280379 102573 5 2 10660658 9.38524 22.1003 23.686625 432097 6729201 5865551 3297543 133 0 0 0 0 0 0 553 308314 357601
23.693375 0.17454 -0.183716 5.99856 65355 1.0000007 280176 102538 5 2 11370949 9.38524 22.1003 23.693375 603298 7798317 6934413 4355775 134 0 0 0 0 0 0 553 308128 381427
23.7 0.17454 -0.183023 5.99858 65356 1.0000007 280081 102423 6 2 11862632 9.38524 22.1003 23.7 658552 8552499 7690660 5296961 135 0 0 0 0 0 0 553 308022 397920
23.706625 0.17454 -0.182329 5.9986 65358 1.0000007 280093 102482 5 2 12141460 9.38524 22.1003 23.706625 674538 8825362 7961509 5820811 136 0 0 0 0 0 0 553 308051 407273
23.713375 0.17454 -0.181622 5.99863 65359 1.0000007 280033 102368 4 2 12269501 9.38524 22.1003 23.713375 688253 8452653 7589069 5748511 137 0 0 0 0 0 0 553 307985 411568
23.72 0.17454 -0.180929 5.99865 65361 1.0000007 279829 102318 5 2 12205763 9.38524 22.1003 23.72 526026 7621171 6759878 5216311 138 0 0 0 0 0 0 553 307782 409430
23.726625 0.17454 -0.180235 5.99867 65362 1.0000007 279871 102215 5 2 11926786 9.38524 22.1003 23.726625 352528 6541943 5681795 4388894 139 0 0 0 0 0 0 553 307815 400072
23.733375 0.17454 -0.179528 5.99869 65364 1.0000007 279775 102215 5 2 11454422 9.38524 22.1003 23.733375 243228 5465951 4607928 3508457 140 0 0 0 0 0 0 553 307747 384227
23.74 0.17454 -0.178835 5.99871 65365 1.0000007 279740 102163 4 2 10985545 9.38524 22.1003 23.74 141864 4596670 3738316 2763686 141 0 0 0 0 0 0 553 307671 368499
23.746625 0.17454 -0.178141 5.99873 65366 1.0000007 279575 102077 6 2 10414027 9.38524 22.1003 23.746625 79693 3914233 3056287 2161300 142 0 0 0 0 0 0 553 307538 349328
23.753375 0.17454 -0.177434 5.99875 65368 1.0000007 279626 102010 6 2 9809089.6 9.38524 22.1003 23.753375 48496 3429038 2569418 1712341 143 0 0 0 0 0 0 553 307596 329036
23.76 0.17454 -0.176741 5.99877 65369 1.0000007 279469 101959 4 2 9289652.3 9.38524 22.1003 23.76 31130 3136084 2278965 1401882 144 0 0 0 0 0 0 553 307426 311612
23.766625 0.17454 -0.176047 5.99879 65371 1.0000007 279500 101973 5 2 8753282 9.38524 22.1003 23.766625 21135 2926373 2069604 1184118 145 0 0 0 0 0 0 553 307454 293620
23.773375 0.17454 -0.17534 5.99881 65372 1.0000007 279357 101940 5 2 8177709.4 9.38524 22.1003 23.773375 16624 2727796 1872385 1018108 146 0 0 0 0 0 0 553 307312 274313
23.78 0.17454 -0.174647 5.99883 65374 1.0000007 279401 101886 5 2 7754682.8 9.38524 22.1003 23.78 15854 2581546 1725723 895027 147 0 0 0 0 0 0 553 307360 260123
23.786625 0.17454 -0.173953 5.99885 65375 1.0000007 279122 101741 5 2 7428186.2 9.38524 22.1003 23.786625 10700 2460097 1606668 787460 148 0 0 0 0 0 0 553 307059 249171
23.793375 0.17454 -0.173246 5.99887 65377 1.0000007 278283 101517 5 2 7074203.2 9.38524 22.1003 23.793375 12618 2420639 1568785 719767 149 0 0 0 0 0 0 553 306277 237297
23.8 0.17454 -0.172553 5.99889 65378 1.0000007 279488 101887 6 2 6942942.8 9.38524 22.1003 23.8 27831 2557894 1701112 738022 150 0 0 0 0 0 0 553 307458 232894
23.806625 0.17454 -0.171859 5.99891 65380 1.0000007 279445 101820 6 2 6877983.3 9.38524 22.1003 23.806625 52732 2902982 2047340 846897 151 0 0 0 0 0 0 553 307435 230715
23.813375 0.17454 -0.171152 5.99893 65381 1.0000007 279428 101808 6 2 6922164.1 9.38524 22.1003 23.813375 122012 3508309 2653581 1110543 152 0 0 0 0 0 0 553 307399 232197
23.82 0.17454 -0.170459 5.99895 65383 1.0000007 279401 101805 6 2 7030260.9 9.38524 22.1003 23.82 179535 4229810 3373486 1607177 153 0 0 0 0 0 0 553 307389 235823
23.826625 0.17454 -0.169765 5.99897 65384 1.0000007 279142 101635 5 2 7194344 9.38524 22.1003 23.826625 205341 4814359 3960792 2280109 154 0 0 0 0 0 0 553 307115 241327
23.833375 0.17454 -0.169058 5.99899 65386 1.0000007 279284 101691 6 2 7313739.5 9.38524 22.1003 23.833375 236306 5161734 4307848 2889254 155 0 0 0 0 0 0 553 307283 245332
23.84 0.17454 -0.168365 5.99901 65387 1.0000007 278951 101530 6 2 7350765.5 9.38524 22.1003 23.84 196379 5110550 4258953 3113418 156 0 0 0 0 0 0 553 306952 246574
23.846625 0.17454 -0.167671 5.99903 65389 1.0000007 279233 101692 5 2 7317227.4 9.38524 22.1003 23.846625 173639 4794475 3940815 2982408 157 0 0 0 0 0 0 553 307206 245449
23.853375 0.17454 -0.166964 5.99905 65390 1.0000007 278904 101492 5 2 7193360.2 9.38524 22.1003 23.853375 123593 4229987 3379258 2554924 158 0 0 0 0 0 0 553 306866 241294
23.86 0.17454 -0.166271 5.99907 65392 1.0000007 279112 101681 5 2 7165247.9 9.38524 22.1003 23.86 79374 3668254 2816732 2079529 159 0 0 0 0 0 0 553 307108 240351
23.866625 0.17454 -0.165577 5.99909 65393 1.0000007 278861 101423 5 2 7055362.3 9.38524 22.1003 23.866625 54154 3160243 2311841 1639997 160 0 0 0 0 0 0 553 306829 236665
23.873375 0.17454 -0.16487 5.99911 65394 1.0000007 279036 101601 6 2 7089526.4 9.38524 22.1003 23.873375 33577 2786577 1936942 1305351 161 0 0 0 0 0 0 553 307010 237811
23.88 0.17454 -0.164177 5.99913 65396 1.0000007 278966 101461 5 2 7067495.6 9.38524 22.1003 23.88 20606 2501579 1652165 1057336 162 0 0 0 0 0 0 553 306923 237072
23.886625 0.17454 -0.163483 5.99915 65397 1.0000007 279197 101665 5 2 7042692.4 9.38524 22.1003 23.886625 14371 2308864 1459267 890884 163 0 0 0 0 0 0 553 307159 236240
23.893375 0.17454 -0.162776 5.99917 65399 1.0000007 278900 101419 6 2 6830493.4 9.38524 22.1003 23.893375 13788 2139123 1292596 763684 164 0 0 0 0 0 0 553 306868 229122
23.9 0.17454 -0.162083 5.99919 65400 1.0000007 278982 101578 5 2 6477166.3 9.38524 22.1003 23.9 13239 2006936 1157232 671726 165 0 0 0 0 0 0 553 306963 217270
23.906625 0.17454 -0.161389 5.9992 65402 1.0000007 278846 101402 6 2 6026385.1 9.38524 22.1003 23.906625 11873 1869273 1022823 587526 166 0 0 0 0 0 0 553 306831 202149
23.913375 0.17454 -0.160682 5.99922 65403 1.0000007 279063 101626 5 2 5541857.2 9.38524 22.1003 23.913375 10064 1756021 907499 512416 167 0 0 0 0 0 0 553 307028 185896
23.92 0.17454 -0.159988 5.99924 65405 1.0000007 278956 101505 5 2 5087230.3 9.38524 22.1003 23.92 7364 1652471 804985 442549 168 0 0 0 0 0 0 553 306951 170646
23.926625 0.17454 -0.159295 5.99926 65406 1.0000007 279022 101574 6 2 4676098.5 9.38524 22.1003 23.926625 5323 1574681 728564 387760 169 0 0 0 0 0 0 553 307025 156855
23.933375 0.17454 -0.158588 5.99928 65408 1.0000007 278914 101490 6 2 4283897.1 9.38524 22.1003 23.933375 4093 1509485 663205 338114 170 0 0 0 0 0 0 553 306918 143699
23.94 0.17454 -0.157894 5.9993 65410 1.0000007 279021 101618 5 2 3958205.4 9.38524 22.1003 23.94 3085 1461439 613511 298611 171 0 0 0 0 0 0 553 307012 132774
23.946625 0.17454 -0.157201 5.99932 65411 1.0000007 279060 101543 4 2 3697771.2 9.38524 22.1003 23.946625 2312 1418194 573387 267309 172 0 0 0 0 0 0 553 307058 124038
23.953375 0.17454 -0.156494 5.99933 65412 1.0000007 278934 101553 5 2 3434505 9.38524 22.1003 23.953375 1687 1387366 541870 242475 173 0 0 0 0 0 0 553 306922 115207
23.96 0.17454 -0.1558 5.99935 65414 1.0000007 279044 101625 5 2 3219950.9 9.38524 22.1003 23.96 1414 1362891 518034 223599 174 0 0 0 0 0 0 553 307008 108010
23.966625 0.17454 -0.155106 5.99937 65415 1.0000007 278987 101661 5 2 3050978.8 9.38524 22.1003 23.966625 1320 1344648 498943 208966 175 0 0 0 0 0 0 553 306972 102342
23.973375 0.17454 -0.1544 5.99939 65417 1.0000007 278959 101512 6 2 2910059.3 9.38524 22.1003 23.973375 1385 1329915 485510 197521 176 0 0 0 0 0 0 553 306933 97615
23.98 0.17454 -0.153706 5.99941 65418 1.0000007 279014 101668 6 2 2778113.2 9.38524 22.1003 23.98 1326 1318711 474222 189848 177 0 0 0 0 0 0 553 306989 93189
23.986625 0.17454 -0.153012 5.99942 65420 1.0000007 279040 101621 6 2 2661549.8 9.38524 22.1003 23.986625 1370 1308925 463425 182700 178 0 0 0 0 0 0 553 307002 89279
23.993375 0.17454 -0.152305 5.99944 65421 1.0000007 279012 101643 5 2 2570564.8 9.38524 22.1003 23.993375 1448 1299507 455718 177573 179 0 0 0 0 0 0 553 306981 86227
24 0.17454 -0.151612 5.99946 65423 1.0000007 279088 101633 6 2 2459606.1 9.38524 22.1003 24 1524 1293233 449504 172577 180 0 0 0 0 0 0 553 307080 82505
24.006625 0.17454 -0.150918 5.99948 65424 1.0000007 278874 101623 6 2 2375179.6 9.38524 22.1003 24.006625 1560 1286111 445069 169375 181 0 0 0 0 0 0 553 306858 79673
24.013375 0.17454 -0.150211 5.99949 65426 1.0000007 279110 101725 6 2 2287682.6 9.38524 22.1003 24.013375 1502 1286111 438050 165384 182 0 0 0 0 0 0 553 307097 76738
24.02 0.17454 -0.149517 5.99951 65427 1.0000007 279060 101733 5 2 2202421.4 9.38524 22.1003 24.02 1511 1272922 432218 162347 183 0 0 0 0 0 0 553 307031 73878
24.026625 0.17454 -0.148824 5.99953 65429 1.0000007 279126 101739 6 2 2135136.6 9.38524 22.1003 24.026625 1543 1268878 425458 158259 184 0 0 0 0 0 0 553 307084 71621
24.033375 0.17454 -0.148117 5.99955 65430 1.0000007 279089 101821 5 2 2049398.4 9.38524 22.1003 24.033375 1569 1259099 418138 154268 185 0 0 0 0 0 0 553 307073 68745
24.04 0.17454 -0.147423 5.99956 65432 1.0000007 279170 101750 6 2 1961573.5 9.38524 22.1003 24.04 1547 1252361 411259 150316 186 0 0 0 0 0 0 553 307157 65799
24.046625 0.17454 -0.14673 5.99958 65433 1.0000007 279132 101822 6 2 1876789.3 9.38524 22.1003 24.046625 1485 1243911 404180 145267 187 0 0 0 0 0 0 553 307127 62955
24.053375 0.17454 -0.146023 5.9996 65435 1.0000007 279360 101819 5 2 1768334.7 9.38524 22.1003 24.053375 1409 1235769 394878 138941 188 0 0 0 0 0 0 553 307323 59317
24.06 0.17454 -0.145329 5.99961 65436 1.0000007 279017 101705 4 2 1671685.5 9.38524 22.1003 24.06 1266 1223079 383814 132352 189 0 0 0 0 0 0 553 306984 56075
24.066625 0.17454 -0.144635 5.99963 65438 1.0000007 279295 101819 6 2 1546774.9 9.38524 22.1003 24.066625 1227 1212343 373159 124686 190 0 0 0 0 0 0 553 307274 51885
24.073375 0.17454 -0.143928 5.99965 65439 1.0000007 279092 101805 6 2 1448038.8 9.38524 22.1003 24.073375 1128 1196908 360703 117407 191 0 0 0 0 0 0 553 307056 48573
24.08 0.17454 -0.143235 5.99966 65441 1.0000007 279306 101869 5 2 1344205 9.38524 22.1003 24.08 1028 1189388 349911 110030 192 0 0 0 0 0 0 553 307282 45090
24.086625 0.17454 -0.142541 5.99968 65442 1.0000007 279111 101815 6 2 1245916.2 9.38524 22.1003 24.086625 937 1175891 338032 101906 193 0 0 0 0 0 0 553 307081 41793
24.093375 0.17454 -0.141834 5.9997 65444 1.0000007 279351 101915 4 2 1157495 9.38524 22.1003 24.093375 797 1163983 327354 94751 194 0 0 0 0 0 0 553 307329 38827
24.1 0.17454 -0.14114 5.99971 65445 1.0000007 279334 101920 5 2 1083949.8 9.38524 22.1003 24.1 643 1152689 315960 87908 195 0 0 0 0 0 0 553 307308 36360
24.106625 0.17454 -0.140447 5.99973 65447 1.0000007 279358 101903 5 2 1002772.8 9.38524 22.1003 24.106625 477 1139407 304838 80735 196 0 0 0 0 0 0 553 307340 33637
24.113375 0.17454 -0.13974 5.99975 65448 1.0000007 279240 101875 5 2 931880.8 9.38524 22.1003 24.113375 406 1128882 293963 74638 197 0 0 0 0 0 0 553 307203 31259
24.12 0.17454 -0.139046 5.99976 65450 1.0000007 279372 102000 6 2 872913.46 9.38524 22.1003 24.12 325 1121679 286664 69580 198 0 0 0 0 0 0 553 307360 29281
24.126625 0.17454 -0.138352 5.99978 65451 1.0000007 279384 102022 6 2 835499.9 9.38524 22.1003 24.126625 277 1113005 280234 65967 199 0 0 0 0 0 0 553 307348 28026
24.133375 0.17454 -0.137646 5.9998 65453 1.0000007 279420 101969 5 2 787234.92 9.38524 22.1003 24.133375 221 1107172 273973 61950 200 0 0 0 0 0 0 553 307392 26407
24.14 0.17454 -0.136952 5.99981 65454 1.0000007 279352 101997 5 2 756051.99 9.38524 22.1003 24.14 197 1100960 269441 58854 201 0 0 0 0 0 0 553 307302 25361
24.146625 0.17454 -0.136258 5.99983 65456 1.0000007 279334 101951 5 2 726657.75 9.38524 22.1003 24.146625 157 1095501 264585 56950 202 0 0 0 0 0 0 553 307295 24375
24.153375 0.17454 -0.135551 5.99984 65457 1.0000007 279003 101729 6 2 687634.37 9.38524 22.1003 24.153375 143 1091553 259878 54120 203 0 0 0 0 0 0 553 306970 23066
24.16 0.17454 -0.134857 5.99986 65458 1.0000007 279377 101993 5 2 672072.71 9.38524 22.1003 24.16 124 1089010 258350 52575 204 0 0 0 0 0 0 553 307347 22544
24.166625 0.17454 -0.134164 5.99987 65460 1.0000007 279248 101889 6 2 657286.16 9.38524 22.1003 24.166625 109 1085221 256841 51645 205 0 0 0 0 0 0 553 307206 22048
24.173375 0.17454 -0.133457 5.99989 65461 1.0000007 279187 101901 4 2 636000.67 9.38524 22.1003 24.173375 106 1081301 253988 50146 206 0 0 0 0 0 0 553 307158 21334
24.18 0.17454 -0.132763 5.99991 65463 1.0000007 279285 101879 5 2 628696.83 9.38524 22.1003 24.18 96 1082635 252609 49399 207 0 0 0 0 0 0 553 307250 21089
24.186625 0.17454 -0.132069 5.99992 65464 1.0000007 279255 101963 5 2 604579.25 9.38524 22.1003 24.186625 92 1077339 250298 48100 208 0 0 0 0 0 0 553 307218 20280
24.193375 0.17454 -0.131363 5.99994 65466 1.0000007 279166 101800 6 2 593638.39 9.38524 22.1003 24.193375 89 1077374 249291 47556 209 0 0 0 0 0 0 553 307135 19913
24.2 0.17454 -0.130669 5.99995 65467 1.0000007 279335 102009 4 2 585887.37 9.38524 22.1003 24.2 92 1074863 247750 46903 210 0 0 0 0 0 0 553 307312 19653
24.206625 0.17454 -0.129975 5.99997 65469 1.0000007 279277 101944 4 2 575035.95 9.38524 22.1003 24.206625 90 1074044 246951 46208 211 0 0 0 0 0 0 553 307213 19289
24.213375 0.17454 -0.129268 5.99998 65470 1.0000007 279066 101836 5 2 575989.92 9.38524 22.1003 24.213375 94 1072046 246097 46043 212 0 0 0 0 0 0 553 307042 19321
24.22 0.17454 -0.128574 6 65472 1.0000007 279114 101749 4 2 566897.39 9.38524 22.1003 24.22 97 1069534 244544 45148 213 0 0 0 0 0 0 553 307082 19016
24.226625 0.17454 -0.127881 6.00001 65473 1.0000007 279090 101854 6 2 563946.04 9.38524 22.1003 24.226625 89 1067996 243699 45450 214 0 0 0 0 0 0 553 307069 18917
24.233375 0.17454 -0.127174 6.00003 65475 1.0000007 278882 101614 5 2 557476.92 9.38524 22.1003 24.233375 92 1065798 243062 44953 215 0 0 0 0 0 0 553 306865 18700
24.24 0.17454 -0.12648 6.00004 65476 1.0000007 278893 101744 5 2 545582.09 9.38524 22.1003 24.24 87 1064763 241731 44239 216 0 0 0 0 0 0 553 306882 18301
24.246625 0.17454 -0.125786 6.00006 65478 1.0000007 279049 101773 6 2 546118.7 9.38524 22.1003 24.246625 86 1064787 240642 44148 217 0 0 0 0 0 0 553 307018 18319
24.253375 0.17454 -0.125079 6.00007 65479 1.0000007 278992 101799 5 2 542928.86 9.38524 22.1003 24.253375 93 1062765 239816 43831 218 0 0 0 0 0 0 553 306985 18212
24.26 0.17454 -0.124386 6.00009 65481 1.0000007 278946 101661 6 2 540216 9.38524 22.1003 24.26 89 1061627 240620 43615 219 0 0 0 0 0 0 553 306916 18121
24.266625 0.17454 -0.123692 6.0001 65482 1.0000007 278924 101799 5 2 537026.16 9.38524 22.1003 24.266625 91 1060252 239522 43589 220 0 0 0 0 0 0 553 306902 18014
24.273375 0.17454 -0.122985 6.00011 65484 1.0000007 278796 101612 5 2 531511.02 9.38524 22.1003 24.273375 94 1058818 238229 43282 221 0 0 0 0 0 0 553 306776 17829
24.28 0.17454 -0.122291 6.00013 65485 1.0000007 278751 101672 4 2 523819.62 9.38524 22.1003 24.28 90 1057055 237153 43028 222 0 0 0 0 0 0 553 306718 17571
24.286625 0.17454 -0.121597 6.00014 65487 1.0000007 278794 101656 5 2 530616.67 9.38524 22.1003 24.286625 88 1054966 236533 43099 223 0 0 0 0 0 0 553 306750 17799
24.293375 0.17454 -0.12089 6.00016 65488 1.0000007 278968 101818 6 2 535177.84 9.38524 22.1003 24.293375 87 1053907 236581 43090 224 0 0 0 0 0 0 553 306944 17952
24.3 0.17454 -0.120197 6.00017 65490 1.0000007 278945 101730 5 2 524326.42 9.38524 22.1003 24.3 96 1054684 235584 42693 225 0 0 0 0 0 0 553 306923 17588
24.306625 0.17454 -0.119503 6.00018 65491 1.0000007 278768 101688 5 2 525220.77 9.38524 22.1003 24.306625 89 1053290 236082 42911 226 0 0 0 0 0 0 553 306724 17618
24.313375 0.17454 -0.118796 6.0002 65492 1.0000007 279078 101814 5 2 529096.28 9.38524 22.1003 24.313375 86 1055188 236206 42609 227 0 0 0 0 0 0 553 307030 17748
24.32 0.17454 -0.118102 6.00021 65494 1.0000007 279058 101895 6 2 516664.84 9.38524 22.1003 24.32 89 1051866 234052 42301 228 0 0 0 0 0 0 553 307043 17331
24.326625 0.17454 -0.117408 6.00023 65496 1.0000007 279043 101826 5 2 522150.17 9.38524 22.1003 24.326625 89 1050293 234076 42595 229 0 0 0 0 0 0 553 307001 17515
24.333375 0.17454 -0.116702 6.00024 65497 1.0000007 279760 102209 4 2 520808.65 9.38524 22.1003 24.333375 89 1056132 234726 42293 230 0 0 0 0 0 0 553 307723 17470
24.34 0.17454 -0.116008 6.00025 65498 1.0000007 279754 102170 5 2 524415.86 9.38524 22.1003 24.34 87 1056337 235345 42589 231 0 0 0 0 0 0 553 307704 17591
24.346625 0.17454 -0.115314 6.00027 65500 1.0000007 279529 102051 5 2 517439.94 9.38524 22.1003 24.346625 89 1051837 233623 41975 232 0 0 0 0 0 0 553 307511 17357
24.353375 0.17454 -0.114607 6.00028 65502 1.0000007 279767 102187 5 2 515204.07 9.38524 22.1003 24.353375 88 1052200 233746 42233 233 0 0 0 0 0 0 553 307723 17282
24.36 0.17454 -0.113913 6.00029 65503 1.0000007 279638 102125 5 2 518990.14 9.38524 22.1003 24.36 87 1052395 233597 41860 234 0 0 0 0 0 0 553 307622 17409
24.366625 0.17454 -0.113219 6.00031 65504 1.0000007 279879 102194 5 2 510791.95 9.38524 22.1003 24.366625 90 1050296 232145 41453 235 0 0 0 0 0 0 553 307854 17134
24.373375 0.17454 -0.112513 6.00032 65506 1.0000007 279785 102249 6 2 510672.71 9.38524 22.1003 24.373375 86 1049695 232108 41626 236 0 0 0 0 0 0 553 307744 17130
24.38 0.17454 -0.111819 6.00033 65507 1.0000007 280026 102333 6 2 518393.91 9.38524 22.1003 24.38 88 1051143 232596 42231 237 0 0 0 0 0 0 553 307996 17389
24.386625 0.17454 -0.111125 6.00035 65509 1.0000007 279846 102288 5 2 518244.85 9.38524 22.1003 24.386625 89 1048782 231696 41691 238 0 0 0 0 0 0 553 307796 17384
24.393375 0.17454 -0.110418 6.00036 65510 1.0000007 279954 102369 5 2 516545.59 9.38524 22.1003 24.393375 95 1049257 231682 41744 239 0 0 0 0 0 0 553 307907 17327
24.4 0.17454 -0.109724 6.00037 65512 1.0000007 279987 102325 6 2 515800.3 9.38524 22.1003 24.4 90 1049980 232068 41881 240 0 0 0 0 0 0 553 307966 17302
24.406625 0.17454 -0.10903 6.00038 65513 1.0000007 279998 102398 5 2 511358.37 9.38524 22.1003 24.406625 92 1046974 231246 41733 241 0 0 0 0 0 0 553 307966 17153
24.413375 0.17454 -0.108324 6.0004 65515 1.0000007 279857 102302 6 2 513892.36 9.38524 22.1003 24.413375 88 1046944 231159 41684 242 0 0 0 0 0 0 553 307826 17238
24.42 0.17454 -0.10763 6.00041 65516 1.0000007 279882 102370 6 2 508347.4 9.38524 22.1003 24.42 89 1046374 229999 41503 243 0 0 0 0 0 0 553 307846 17052
24.426625 0.17454 -0.106936 6.00042 65518 1.0000007 279927 102390 4 2 509182.13 9.38524 22.1003 24.426625 92 1045310 230019 41499 244 0 0 0 0 0 0 553 307903 17080
24.433375 0.17454 -0.106229 6.00043 65519 1.0000007 280070 102494 5 2 514130.85 9.38524 22.1003 24.433375 97 1046085 230719 41506 245 0 0 0 0 0 0 553 308040 17246
24.44 0.17454 -0.105535 6.00045 65521 1.0000007 279983 102458 5 2 506946.26 9.38524 22.1003 24.44 88 1045541 230276 41149 246 0 0 0 0 0 0 553 307923 17005
24.446625 0.17454 -0.104841 6.00046 65522 1.0000007 280162 102572 4 2 511924.8 9.38524 22.1003 24.446625 92 1046460 229871 41462 247 0 0 0 0 0 0 553 308105 17172
24.453375 0.17454 -0.104134 6.00047 65524 1.0000007 280102 102505 6 2 508407.03 9.38524 22.1003 24.453375 90 1043480 229227 40888 248 0 0 0 0 0 0 553 308063 17054
24.46 0.17454 -0.103441 6.00048 65525 1.0000007 280215 102627 5 2 511149.69 9.38524 22.1003 24.46 91 1045082 230181 41486 249 0 0 0 0 0 0 553 308166 17146
24.466625 0.17454 -0.102747 6.00049 65527 1.0000007 280243 102654 4 2 502772.63 9.38524 22.1003 24.466625 93 1042353 228505 40939 250 0 0 0 0 0 0 553 308200 16865
24.473375 0.17454 -0.10204 6.00051 65528 1.0000007 280452 102811 5 2 507244.37 9.38524 22.1003 24.473375 92 1044040 229347 41155 251 0 0 0 0 0 0 553 308418 17015
24.48 0.17454 -0.101346 6.00052 65529 1.0000007 280276 102621 5 2 503100.56 9.38524 22.1003 24.48 92 1042051 228386 41320 252 0 0 0 0 0 0 553 308229 16876
24.486625 0.17454 -0.100652 6.00053 65531 1.0000007 280336 102800 4 2 507244.37 9.38524 22.1003 24.486625 92 1042857 228533 40706 253 0 0 0 0 0 0 553 308300 17015
24.493375 0.17454 -0.0999453 6.00054 65532 1.0000007 280309 102649 6 2 497764.29 9.38524 22.1003 24.493375 92 1040975 227919 40860 254 0 0 0 0 0 0 553 308262 16697
24.5 0.17454 -0.0992515 6.00055 65534 1.0000007 280382 102832 5 2 507810.79 9.38524 22.1003 24.5 88 1040506 228031 41089 255 0 0 0 0 0 0 553 308342 17034
24.506625 0.17454 -0.0985576 6.00056 65535 1.0000007 280361 102800 6 2 507453.06 9.38524 22.1003 24.506625 87 1041371 228225 41444 256 0 0 0 0 0 0 553 308314 17022
24.513375 0.17454 -0.0978507 6.00058 65537 1.0000007 280452 102907 6 2 508764.77 9.38524 22.1003 24.513375 93 1040835 227999 41175 257 0 0 0 0 0 0 553 308398 17066
24.52 0.17454 -0.0971569 6.00059 65538 1.0000007 280405 102783 5 2 500000.16 9.38524 22.1003 24.52 94 1039820 227520 40924 258 0 0 0 0 0 0 553 308346 16772
24.526625 0.17454 -0.096463 6.0006 65540 1.0000007 280500 102922 5 2 509450.43 9.38524 22.1003 24.526625 88 1040824 228022 41242 259 0 0 0 0 0 0 553 308456 17089
24.533375 0.17454 -0.0957561 6.00061 65541 1.0000007 280538 102856 6 2 501818.66 9.38524 22.1003 24.533375 90 1038146 227867 41164 260 0 0 0 0 0 0 553 308486 16833
24.54 0.17454 -0.0950622 6.00062 65543 1.0000007 280614 103065 6 2 501252.24 9.38524 22.1003 24.54 89 1038503 227357 40816 261 0 0 0 0 0 0 553 308578 16814
24.546625 0.17454 -0.0943684 6.00063 65544 1.0000007 280682 103030 5 2 505813.42 9.38524 22.1003 24.546625 87 1039945 227433 40927 262 0 0 0 0 0 0 553 308636 16967
24.553375 0.17454 -0.0936615 6.00064 65546 1.0000007 280583 103102 5 2 499731.85 9.38524 22.1003 24.553375 87 1039013 226907 40975 263 0 0 0 0 0 0 553 308503 16763
24.56 0.17454 -0.0929676 6.00065 65547 1.0000007 280725 103050 7 2 505992.29 9.38524 22.1003 24.56 90 1039094 227730 41134 264 0 0 0 0 0 0 553 308690 16973
24.566625 0.17454 -0.0922738 6.00066 65549 1.0000007 280738 103114 5 2 492278.95 9.38524 22.1003 24.566625 88 1038783 226789 40743 265 0 0 0 0 0 0 553 308690 16513
24.573375 0.17454 -0.0915669 6.00068 65550 1.0000007 280753 103101 4 2 505843.23 9.38524 22.1003 24.573375 92 1038856 227254 41276 266 0 0 0 0 0 0 553 308692 16968
24.58 0.17454 -0.090873 6.00069 65552 1.0000007 280739 103196 5 2 505217.19 9.38524 22.1003 24.58 91 1038653 227508 41043 267 0 0 0 0 0 0 553 308677 16947
24.586625 0.17454 -0.0901792 6.0007 65553 1.0000007 280870 103181 6 2 498837.5 9.38524 22.1003 24.586625 94 1038410 227660 40971 268 0 0 0 0 0 0 553 308808 16733
24.593375 0.17454 -0.0894722 6.00071 65555 1.0000007 280882 103320 5 2 494932.18 9.38524 22.1003 24.593375 86 1036498 226529 40639 269 0 0 0 0 0 0 553 308823 16602
24.6 0.17454 -0.0887784 6.00072 65556 1.0000007 278449 102271 6 2 495588.04 9.38524 22.1003 24.6 88 1027446 223875 40015 270 0 0 0 0 0 0 553 306252 16624
24.606625 0.17454 -0.0880845 6.00073 65558 1.0000007 281472 103523 5 2 502444.71 9.38524 22.1003 24.606625 94 1037442 225749 40483 271 0 0 0 0 0 0 553 309403 16854
24.613375 0.17454 -0.0873776 6.00074 65559 1.0000007 281670 103595 6 2 498300.89 9.38524 22.1003 24.613375 93 1039999 226726 40551 272 0 0 0 0 0 0 553 309608 16715
24.62 0.17454 -0.0866837 6.00075 65561 1.0000007 281568 103618 6 2 509003.26 9.38524 22.1003 24.62 89 1040812 227861 41341 273 0 0 0 0 0 0 553 309518 17074
24.626625 0.17454 -0.0859899 6.00076 65562 1.0000007 281613 103629 6 2 502563.95 9.38524 22.1003 24.626625 90 1038897 226736 40758 274 0 0 0 0 0 0 553 309524 16858
24.633375 0.17454 -0.0852829 6.00077 65564 1.0000007 281441 103500 5 2 495051.43 9.38524 22.1003 24.633375 87 1037062 225623 40224 275 0 0 0 0 0 0 553 309383 16606
24.64 0.17454 -0.0845891 6.00078 65565 1.0000007 281663 103688 7 2 504561.33 9.38524 22.1003 24.64 89 1040232 227088 41034 276 0 0 0 0 0 0 553 309596 16925
24.646625 0.17454 -0.0838952 6.00079 65566 1.0000007 281499 103573 5 2 495438.98 9.38524 22.1003 24.646625 91 1036928 226120 40589 277 0 0 0 0 0 0 553 309433 16619
24.653375 0.17454 -0.0831882 6.0008 65568 1.0000007 281567 103649 6 2 498569.2 9.38524 22.1003 24.653375 88 1038223 225867 40501 278 0 0 0 0 0 0 553 309502 16724
24.66 0.17454 -0.0824944 6.00081 65569 1.0000007 281550 103572 5 2 500715.63 9.38524 22.1003 24.66 91 1036347 225326 40718 279 0 0 0 0 0 0 553 309498 16796
24.666625 0.17454 -0.0818005 6.00082 65571 1.0000007 281624 103748 5 2 502802.45 9.38524 22.1003 24.666625 93 1037142 226770 40847 280 0 0 0 0 0 0 553 309535 16866
24.673375 0.17454 -0.0810936 6.00083 65572 1.0000007 281526 103578 5 2 495260.11 9.38524 22.1003 24.673375 97 1037496 226081 40745 281 0 0 0 0 0 0 553 309420 16613
24.68 0.17454 -0.0803997 6.00084 65574 1.0000007 281631 103697 5 2 504680.58 9.38524 22.1003 24.68 95 1035371 226094 40918 282 0 0 0 0 0 0 553 309592 16929
24.686625 0.17454 -0.0797058 6.00084 65575 1.0000007 281455 103541 6 2 497436.36 9.38524 22.1003 24.686625 89 1033259 224564 40416 283 0 0 0 0 0 0 553 309410 16686
24.693375 0.17454 -0.0789989 6.00085 65577 1.0000007 281598 103692 5 2 504561.33 9.38524 22.1003 24.693375 97 1035556 225532 40611 284 0 0 0 0 0 0 553 309515 16925
24.7 0.17454 -0.078305 6.00086 65578 1.0000007 281556 103682 5 2 504501.71 9.38524 22.1003 24.7 93 1034493 225395 40691 285 0 0 0 0 0 0 553 309517 16923
24.706625 0.17454 -0.0776111 6.00087 65580 1.0000007 281611 103712 5 2 499433.73 9.38524 22.1003 24.706625 91 1035217 225462 40620 286 0 0 0 0 0 0 553 309524 16753
24.713375 0.17454 -0.0769042 6.00088 65581 1.0000007 281488 103534 5 2 500656.01 9.38524 22.1003 24.713375 92 1033520 224839 40568 287 0 0 0 0 0 0 553 309413 16794
24.72 0.17454 -0.0762103 6.00089 65583 1.0000007 281548 103658 4 2 493083.86 9.38524 22.1003 24.72 88 1034942 225156 40572 288 0 0 0 0 0 0 553 309487 16540
24.726625 0.17454 -0.0755164 6.0009 65584 1.0000007 281466 103525 6 2 498330.71 9.38524 22.1003 24.726625 90 1033164 225165 40655 289 0 0 0 0 0 0 553 309459 16716
24.733375 0.17454 -0.0748095 6.00091 65586 1.0000007 281469 103643 6 2 497913.34 9.38524 22.1003 24.733375 95 1032936 225281 40508 290 0 0 0 0 0 0 553 309388 16702
24.74 0.17454 -0.0741156 6.00092 65587 1.0000007 281506 103544 5 2 492994.43 9.38524 22.1003 24.74 88 1032110 224294 40146 291 0 0 0 0 0 0 553 309459 16537
24.746625 0.17454 -0.0734217 6.00093 65589 1.0000007 281459 103614 5 2 500596.39 9.38524 22.1003 24.746625 89 1031905 224786 40448 292 0 0 0 0 0 0 553 309422 16792
24.753375 0.17454 -0.0727148 6.00093 65590 1.0000007 281452 103536 5 2 500983.94 9.38524 22.1003 24.753375 89 1033727 224838 40450 293 0 0 0 0 0 0 553 309391 16805
24.76 0.17454 -0.0720209 6.00094 65592 1.0000007 281465 103667 5 2 495468.79 9.38524 22.1003 24.76 90 1031261 225032 40313 294 0 0 0 0 0 0 553 309373 16620
24.766625 0.17454 -0.071327 6.00095 65593 1.0000007 281474 103509 5 2 494037.84 9.38524 22.1003 24.766625 94 1031775 224833 40358 295 0 0 0 0 0 0 553 309421 16572
24.773375 0.17454 -0.07062 6.00096 65594 1.0000007 281264 103542 5 2 494485.01 9.38524 22.1003 24.773375 92 1029042 223738 40363 296 0 0 0 0 0 0 553 309199 16587
24.78 0.17454 -0.0699261 6.00097 65596 1.0000007 281529 103507 6 2 503965.1 9.38524 22.1003 24.78 90 1032770 224542 40637 297 0 0 0 0 0 0 553 309458 16905
24.786625 0.17454 -0.0692323 6.00097 65597 1.0000007 281296 103518 5 2 490967.24 9.38524 22.1003 24.786625 90 1031077 224131 40037 298 0 0 0 0 0 0 553 309200 16469
24.793375 0.17454 -0.0685253 6.00098 65599 1.0000007 281478 103533 5 2 502236.03 9.38524 22.1003 24.793375 89 1031042 224509 40600 299 0 0 0 0 0 0 553 309391 16847
24.8 0.17454 -0.0678314 6.00099 65600 1.0000007 281384 103592 5 2 497168.05 9.38524 22.1003 24.8 87 1028103 223532 40266 300 0 0 0 0 0 0 553 309309 16677