Eta  H  K  L  Epoch  Sec  ion1  Hubmon  scan_bar  Filters  Correct  Qmag  Energy  Graze  p_peak  p_total  p_del_s  p_nu_s  p_image  p_xcen  p_xsig  p_ycen  p_ysig  power  tempsp  gun_on  ion0  p_point
23.3 -0.202937 -0.22596 5.9976 60541 1.0000007 281350 102713 6 2 495200.49 9.3873904 22.1003 23.3 245 1017809 222057 40106 0 0 0 0 0 0 0 553 309653 16611
23.306625 -0.202937 -0.225266 5.99763 60543 1.0000007 281452 102866 7 2 495200.49 9.3873904 22.1003 23.306625 245 1017809 222057 40106 1 0 0 0 0 0 0 553 309773 16611
23.313375 -0.202937 -0.22456 5.99766 60544 1.0000007 281289 102659 5 2 496065.02 9.3873904 22.1003 23.313375 232 1016665 222390 40108 2 0 0 0 0 0 0 553 309605 16640
23.32 -0.202937 -0.223866 5.99768 60546 1.0000007 281310 102693 5 2 489059.3 9.3873904 22.1003 23.32 227 1016599 221638 39787 3 0 0 0 0 0 0 553 309641 16405
23.326625 -0.202937 -0.223173 5.99771 60547 1.0000007 281036 102632 5 2 495766.91 9.3873904 22.1003 23.326625 213 1017506 221943 40308 4 0 0 0 0 0 0 553 309353 16630
23.333375 -0.202937 -0.222466 5.99773 60549 1.0000007 281214 102702 5 2 493650.28 9.3873904 22.1003 23.333375 252 1017199 222789 40116 5 0 0 0 0 0 0 553 309529 16559
23.34 -0.202937 -0.221773 5.99776 60550 1.0000007 281348 102831 6 2 489983.46 9.3873904 22.1003 23.34 240 1017039 222455 39610 6 0 0 0 0 0 0 553 309668 16436
23.346625 -0.202937 -0.221079 5.99778 60552 1.0000007 281327 102748 5 2 488552.5 9.3873904 22.1003 23.346625 235 1019935 222580 39794 7 0 0 0 0 0 0 553 309636 16388
23.353375 -0.202937 -0.220373 5.99781 60553 1.0000007 281350 102877 5 2 494186.89 9.3873904 22.1003 23.353375 246 1019101 221908 39792 8 0 0 0 0 0 0 553 309671 16577
23.36 -0.202937 -0.219679 5.99784 60555 1.0000007 281267 102746 7 2 497108.43 9.3873904 22.1003 23.36 229 1020393 223171 40279 9 0 0 0 0 0 0 553 309583 16675
23.366625 -0.202937 -0.218986 5.99786 60556 1.0000007 281275 102788 6 2 485481.91 9.3873904 22.1003 23.366625 215 1019272 223376 39917 10 0 0 0 0 0 0 553 309603 16285
23.373375 -0.202937 -0.218279 5.99789 60558 1.0000007 281483 102855 6 2 496661.26 9.3873904 22.1003 23.373375 224 1020855 222495 40261 11 0 0 0 0 0 0 553 309802 16660
23.38 -0.202937 -0.217585 5.99791 60559 1.0000007 281316 102849 6 2 489983.46 9.3873904 22.1003 23.38 229 1020495 222778 39626 12 0 0 0 0 0 0 553 309622 16436
23.386625 -0.202937 -0.216892 5.99794 60561 1.0000007 281392 102875 6 2 489595.91 9.3873904 22.1003 23.386625 233 1022472 223421 39852 13 0 0 0 0 0 0 553 309708 16423
23.393375 -0.202937 -0.216185 5.99796 60562 1.0000007 281387 102940 6 2 492726.12 9.3873904 22.1003 23.393375 223 1022007 222799 40294 14 0 0 0 0 0 0 553 309720 16528
23.4 -0.202937 -0.215492 5.99799 60564 1.0000007 281379 102863 6 2 492726.12 9.3873904 22.1003 23.4 223 1022007 222799 40619 15 0 0 0 0 0 0 553 309690 16528
23.406625 -0.202937 -0.214798 5.99801 60565 1.0000007 281390 102951 7 2 502355.27 9.3873904 22.1003 23.406625 214 1021279 223334 40619 16 0 0 0 0 0 0 553 309710 16851
23.413375 -0.202937 -0.214092 5.99804 60567 1.0000007 281373 102856 5 2 496333.33 9.3873904 22.1003 23.413375 196 1022174 223844 40370 17 0 0 0 0 0 0 553 309681 16649
23.42 -0.202937 -0.213398 5.99806 60568 1.0000007 281445 102957 5 2 496333.33 9.3873904 22.1003 23.42 196 1022174 223844 40370 18 0 0 0 0 0 0 553 309770 16649
23.426625 -0.202937 -0.212705 5.99809 60570 1.0000007 281402 102899 5 2 497853.72 9.3873904 22.1003 23.426625 209 1022355 224080 40245 19 0 0 0 0 0 0 553 309712 16700
23.433375 -0.202937 -0.211998 5.99811 60571 1.0000007 281469 102945 7 2 492636.69 9.3873904 22.1003 23.433375 239 1022119 224016 40283 20 0 0 0 0 0 0 553 309796 16525
23.44 -0.202937 -0.211304 5.99814 60573 1.0000007 281405 102817 7 2 498748.07 9.3873904 22.1003 23.44 248 1024825 224958 40432 21 0 0 0 0 0 0 553 309709 16730
23.446625 -0.202937 -0.210611 5.99816 60574 1.0000007 281497 103041 5 2 499165.43 9.3873904 22.1003 23.446625 261 1027137 224602 40577 22 0 0 0 0 0 0 553 309803 16744
23.453375 -0.202937 -0.209904 5.99819 60576 1.0000007 281355 102889 5 2 499046.18 9.3873904 22.1003 23.453375 247 1025281 224592 40577 23 0 0 0 0 0 0 553 309676 16740
23.46 -0.202937 -0.209211 5.99821 60578 1.0000007 281574 103045 6 2 497406.55 9.3873904 22.1003 23.46 220 1026638 225102 40522 24 0 0 0 0 0 0 553 309877 16685
23.466625 -0.202937 -0.208517 5.99823 60579 1.0000007 281651 103044 7 2 495796.72 9.3873904 22.1003 23.466625 200 1026904 224290 40375 25 0 0 0 0 0 0 553 309957 16631
23.473375 -0.202937 -0.20781 5.99826 60581 1.0000007 281586 103102 5 2 495975.59 9.3873904 22.1003 23.473375 230 1025286 224854 40343 26 0 0 0 0 0 0 553 309913 16637
23.48 -0.202937 -0.207117 5.99828 60582 1.0000007 281617 103053 5 2 500208.84 9.3873904 22.1003 23.48 235 1027299 224742 40621 27 0 0 0 0 0 0 553 309912 16779
23.486625 -0.202937 -0.206423 5.99831 60584 1.0000007 281568 103125 6 2 496601.63 9.3873904 22.1003 23.486625 199 1027808 224953 40490 28 0 0 0 0 0 0 553 309870 16658
23.493375 -0.202937 -0.205717 5.99833 60585 1.0000007 281656 103082 6 2 498479.76 9.3873904 22.1003 23.493375 221 1028309 226240 40777 29 0 0 0 0 0 0 553 309971 16721
23.5 -0.202937 -0.205023 5.99835 60587 1.0000007 281600 103075 6 2 504770.01 9.3873904 22.1003 23.5 221 1029981 225660 40546 30 0 0 0 0 0 0 553 309914 16932
23.506625 -0.202937 -0.204329 5.99838 60588 1.0000007 281594 103056 5 2 503637.17 9.3873904 22.1003 23.506625 212 1029914 225760 40710 31 0 0 0 0 0 0 553 309913 16894
23.513375 -0.202937 -0.203623 5.9984 60590 1.0000007 281688 103210 6 2 503726.61 9.3873904 22.1003 23.513375 216 1031836 225830 40609 32 0 0 0 0 0 0 553 310016 16897
23.52 -0.202937 -0.202929 5.99843 60591 1.0000007 281710 103192 5 2 506558.71 9.3873904 22.1003 23.52 252 1032096 226290 40943 33 0 0 0 0 0 0 553 310032 16992
23.526625 -0.202937 -0.202236 5.99845 60593 1.0000007 281602 103209 7 2 504531.52 9.3873904 22.1003 23.526625 242 1029957 226560 40783 34 0 0 0 0 0 0 553 309899 16924
23.533375 -0.202937 -0.201529 5.99847 60594 1.0000007 281615 103196 5 2 510941.01 9.3873904 22.1003 23.533375 252 1031392 227086 41120 35 0 0 0 0 0 0 553 309921 17139
23.54 -0.202937 -0.200835 5.9985 60596 1.0000007 281686 103182 6 2 506707.77 9.3873904 22.1003 23.54 219 1032317 226778 40982 36 0 0 0 0 0 0 553 309991 16997
23.546625 -0.202937 -0.200142 5.99852 60597 1.0000007 281889 103294 7 2 508556.08 9.3873904 22.1003 23.546625 220 1032829 227580 41210 37 0 0 0 0 0 0 553 310202 17059
23.553375 -0.202937 -0.199435 5.99854 60599 1.0000007 281663 103182 5 2 507125.13 9.3873904 22.1003 23.553375 241 1032573 227205 40943 38 0 0 0 0 0 0 553 309970 17011
23.56 -0.202937 -0.198741 5.99857 60600 1.0000007 281797 103336 7 2 501550.36 9.3873904 22.1003 23.56 216 1033586 227034 40853 39 0 0 0 0 0 0 553 310081 16824
23.566625 -0.202937 -0.198048 5.99859 60601 1.0000007 281535 103198 7 2 505753.79 9.3873904 22.1003 23.566625 219 1032936 228039 41311 40 0 0 0 0 0 0 553 309832 16965
23.573375 -0.202937 -0.197341 5.99861 60603 1.0000007 281799 103325 6 2 507930.04 9.3873904 22.1003 23.573375 237 1037120 228955 41190 41 0 0 0 0 0 0 553 310132 17038
23.58 -0.202937 -0.196648 5.99864 60604 1.0000007 281867 103298 6 2 507572.3 9.3873904 22.1003 23.58 203 1036706 228644 41416 42 0 0 0 0 0 0 553 310158 17026
23.586625 -0.202937 -0.195954 5.99866 60606 1.0000007 281773 103353 6 2 508884.01 9.3873904 22.1003 23.586625 199 1037643 229187 41494 43 0 0 0 0 0 0 553 310079 17070
23.593375 -0.202937 -0.195247 5.99868 60607 1.0000007 281904 103333 6 2 508496.46 9.3873904 22.1003 23.593375 240 1038440 228972 41255 44 0 0 0 0 0 0 553 310199 17057
23.6 -0.202937 -0.194554 5.9987 60609 1.0000007 281766 103332 5 2 511268.94 9.3873904 22.1003 23.6 233 1037618 228986 41433 45 0 0 0 0 0 0 553 310075 17150
23.606625 -0.202937 -0.19386 5.99873 60610 1.0000007 281862 103350 6 2 514518.4 9.3873904 22.1003 23.606625 196 1037929 229653 41465 46 0 0 0 0 0 0 553 310153 17259
23.613375 -0.202937 -0.193153 5.99875 60612 1.0000007 281932 103478 6 2 506081.72 9.3873904 22.1003 23.613375 203 1039247 229382 41191 47 0 0 0 0 0 0 553 310231 16976
23.62 -0.202937 -0.19246 5.99877 60613 1.0000007 281727 103321 7 2 503994.91 9.3873904 22.1003 23.62 239 1040432 229768 41302 48 0 0 0 0 0 0 553 310032 16906
23.626625 -0.202937 -0.191766 5.99879 60615 1.0000007 281964 103510 6 2 510881.39 9.3873904 22.1003 23.626625 231 1042558 230415 41530 49 0 0 0 0 0 0 553 310266 17137
23.633375 -0.202937 -0.191059 5.99882 60616 1.0000007 281842 103382 5 2 508108.91 9.3873904 22.1003 23.633375 239 1043043 231075 41444 50 0 0 0 0 0 0 553 310123 17044
23.64 -0.202937 -0.190366 5.99884 60618 1.0000007 281940 103475 6 2 516336.91 9.3873904 22.1003 23.64 243 1041784 231100 41838 51 0 0 0 0 0 0 553 310248 17320
23.646625 -0.202937 -0.189672 5.99886 60619 1.0000007 281982 103419 5 2 515830.11 9.3873904 22.1003 23.646625 239 1044057 232103 41966 52 0 0 0 0 0 0 553 310300 17303
23.653375 -0.202937 -0.188965 5.99888 60621 1.0000007 281943 103515 5 2 509331.19 9.3873904 22.1003 23.653375 240 1045165 231870 41561 53 0 0 0 0 0 0 553 310241 17085
23.66 -0.202937 -0.188272 5.9989 60622 1.0000007 281822 103369 5 2 517082.2 9.3873904 22.1003 23.66 238 1044969 232370 42097 54 0 0 0 0 0 0 553 310122 17345
23.666625 -0.202937 -0.187578 5.99893 60624 1.0000007 281950 103474 6 2 515472.38 9.3873904 22.1003 23.666625 229 1046117 232104 42101 55 0 0 0 0 0 0 553 310265 17291
23.673375 -0.202937 -0.186871 5.99895 60625 1.0000007 281976 103451 6 2 527724.94 9.3873904 22.1003 23.673375 206 1047169 232568 42363 56 0 0 0 0 0 0 553 310271 17702
23.68 -0.202937 -0.186178 5.99897 60627 1.0000007 281963 103521 6 2 525280.39 9.3873904 22.1003 23.68 235 1048479 233465 42679 57 0 0 0 0 0 0 553 310259 17620
23.686625 -0.202937 -0.185484 5.99899 60628 1.0000007 281912 103454 6 2 523253.2 9.3873904 22.1003 23.686625 249 1049169 233971 42550 58 0 0 0 0 0 0 553 310198 17552
23.693375 -0.202937 -0.184777 5.99901 60630 1.0000007 282015 103624 6 2 519884.49 9.3873904 22.1003 23.693375 245 1049478 234017 42181 59 0 0 0 0 0 0 553 310311 17439
23.7 -0.202937 -0.184084 5.99903 60631 1.0000007 281894 103431 5 2 518215.04 9.3873904 22.1003 23.7 251 1050063 233968 42070 60 0 0 0 0 0 0 553 310184 17383
23.706625 -0.202937 -0.18339 5.99906 60633 1.0000007 281870 103550 6 2 524564.91 9.3873904 22.1003 23.706625 201 1052150 235167 42555 61 0 0 0 0 0 0 553 310167 17596
23.713375 -0.202937 -0.182683 5.99908 60634 1.0000007 281914 103492 6 2 529513.64 9.3873904 22.1003 23.713375 197 1052422 235577 42516 62 0 0 0 0 0 0 553 310189 17762
23.72 -0.202937 -0.18199 5.9991 60636 1.0000007 281871 103536 5 2 523133.96 9.3873904 22.1003 23.72 201 1054236 236071 42422 63 0 0 0 0 0 0 553 310155 17548
23.726625 -0.202937 -0.181296 5.99912 60637 1.0000007 282266 103619 7 2 529334.77 9.3873904 22.1003 23.726625 238 1056619 237167 42817 64 0 0 0 0 0 0 553 310584 17756
23.733375 -0.202937 -0.180589 5.99914 60639 1.0000007 282341 103802 6 2 537294.47 9.3873904 22.1003 23.733375 239 1056588 236776 43064 65 0 0 0 0 0 0 553 310658 18023
23.74 -0.202937 -0.179895 5.99916 60640 1.0000007 282271 103667 6 2 530944.6 9.3873904 22.1003 23.74 237 1055906 238473 43350 66 0 0 0 0 0 0 553 310563 17810
23.746625 -0.202937 -0.179202 5.99918 60642 1.0000007 282302 103779 6 2 529543.45 9.3873904 22.1003 23.746625 211 1058358 238186 43420 67 0 0 0 0 0 0 553 310605 17763
23.753375 -0.202937 -0.178495 5.9992 60643 1.0000007 282235 103660 6 2 540573.74 9.3873904 22.1003 23.753375 255 1059233 237777 43441 68 0 0 0 0 0 0 553 310527 18133
23.76 -0.202937 -0.177801 5.99922 60645 1.0000007 282123 103696 6 2 537175.22 9.3873904 22.1003 23.76 222 1060784 239213 43514 69 0 0 0 0 0 0 553 310431 18019
23.766625 -0.202937 -0.177108 5.99924 60646 1.0000007 282193 103572 7 2 536191.44 9.3873904 22.1003 23.766625 220 1063055 240157 43835 70 0 0 0 0 0 0 553 310482 17986
23.773375 -0.202937 -0.176401 5.99926 60648 1.0000007 282248 103800 5 2 536370.31 9.3873904 22.1003 23.773375 196 1063777 240929 43760 71 0 0 0 0 0 0 553 310551 17992
23.78 -0.202937 -0.175707 5.99929 60649 1.0000007 282130 103674 6 2 536996.35 9.3873904 22.1003 23.78 222 1062927 241179 44399 72 0 0 0 0 0 0 553 310409 18013
23.786625 -0.202937 -0.175014 5.99931 60651 1.0000007 282217 103834 6 2 545731.15 9.3873904 22.1003 23.786625 223 1066812 242326 44393 73 0 0 0 0 0 0 553 310507 18306
23.793375 -0.202937 -0.174307 5.99933 60652 1.0000007 282246 103670 5 2 551544.41 9.3873904 22.1003 23.793375 237 1064523 241875 44692 74 0 0 0 0 0 0 553 310564 18501
23.8 -0.202937 -0.173613 5.99935 60654 1.0000007 282126 103677 5 2 549397.98 9.3873904 22.1003 23.8 245 1067939 243653 44790 75 0 0 0 0 0 0 553 310425 18429
23.806625 -0.202937 -0.172919 5.99937 60655 1.0000007 282272 103713 7 2 554287.08 9.3873904 22.1003 23.806625 238 1071879 245090 45183 76 0 0 0 0 0 0 553 310577 18593
23.813375 -0.202937 -0.172213 5.99939 60657 1.0000007 282119 103682 6 2 554972.75 9.3873904 22.1003 23.813375 204 1073316 245622 45060 77 0 0 0 0 0 0 553 310408 18616
23.82 -0.202937 -0.171519 5.99941 60658 1.0000007 282365 103747 6 2 557447.11 9.3873904 22.1003 23.82 228 1075536 246960 44946 78 0 0 0 0 0 0 553 310659 18699
23.826625 -0.202937 -0.170825 5.99943 60660 1.0000007 282252 103777 6 2 552885.93 9.3873904 22.1003 23.826625 246 1076026 248047 45388 79 0 0 0 0 0 0 553 310564 18546
23.833375 -0.202937 -0.170118 5.99945 60661 1.0000007 282378 103873 6 2 570951.76 9.3873904 22.1003 23.833375 238 1079666 249964 46131 80 0 0 0 0 0 0 553 310681 19152
23.84 -0.202937 -0.169425 5.99947 60662 1.0000007 282097 103677 7 2 567404.18 9.3873904 22.1003 23.84 249 1081481 250307 46027 81 0 0 0 0 0 0 553 310410 19033
23.846625 -0.202937 -0.168731 5.99949 60664 1.0000007 282283 103749 6 2 570951.76 9.3873904 22.1003 23.846625 244 1085307 252419 46229 82 0 0 0 0 0 0 553 310579 19152
23.853375 -0.202937 -0.168024 5.99951 60665 1.0000007 282221 103759 6 2 575721.62 9.3873904 22.1003 23.853375 247 1086151 254344 46776 83 0 0 0 0 0 0 553 310516 19312
23.86 -0.202937 -0.16733 5.99952 60667 1.0000007 282283 103805 5 2 580223.17 9.3873904 22.1003 23.86 244 1088568 255714 46891 84 0 0 0 0 0 0 553 310585 19463
23.866625 -0.202937 -0.166637 5.99954 60668 1.0000007 282194 103697 6 2 582578.29 9.3873904 22.1003 23.866625 234 1091814 258172 47740 85 0 0 0 0 0 0 553 310495 19542
23.873375 -0.202937 -0.16593 5.99956 60670 1.0000007 282160 103742 6 2 580879.03 9.3873904 22.1003 23.873375 232 1091044 259486 47560 86 0 0 0 0 0 0 553 310432 19485
23.88 -0.202937 -0.165236 5.99958 60671 1.0000007 282044 103663 6 2 589434.96 9.3873904 22.1003 23.88 208 1097936 263040 48366 87 0 0 0 0 0 0 553 310337 19772
23.886625 -0.202937 -0.164542 5.9996 60673 1.0000007 282194 103754 7 2 590687.04 9.3873904 22.1003 23.886625 225 1102284 266340 48691 88 0 0 0 0 0 0 553 310508 19814
23.893375 -0.202937 -0.163836 5.99962 60674 1.0000007 282145 103738 7 2 604877.36 9.3873904 22.1003 23.893375 228 1104748 268440 49203 89 0 0 0 0 0 0 553 310426 20290
23.9 -0.202937 -0.163142 5.99964 60676 1.0000007 282215 103763 5 2 602492.44 9.3873904 22.1003 23.9 194 1111083 273910 49555 90 0 0 0 0 0 0 553 310525 20210
23.906625 -0.202937 -0.162448 5.99966 60677 1.0000007 282183 103688 5 2 609975.15 9.3873904 22.1003 23.906625 219 1116344 278605 50508 91 0 0 0 0 0 0 553 310464 20461
23.913375 -0.202937 -0.161741 5.99968 60679 1.0000007 282158 103753 5 2 616712.57 9.3873904 22.1003 23.913375 219 1121691 284721 50695 92 0 0 0 0 0 0 553 310462 20687
23.92 -0.202937 -0.161048 5.9997 60680 1.0000007 281952 103533 6 2 627355.31 9.3873904 22.1003 23.92 235 1127300 290605 51589 93 0 0 0 0 0 0 553 310236 21044
23.926625 -0.202937 -0.160354 5.99972 60682 1.0000007 282141 103729 6 2 628845.89 9.3873904 22.1003 23.926625 231 1138959 299757 52445 94 0 0 0 0 0 0 553 310439 21094
23.933375 -0.202937 -0.159647 5.99973 60683 1.0000007 282112 103635 5 2 649177.4 9.3873904 22.1003 23.933375 269 1148311 309460 53706 95 0 0 0 0 0 0 553 310385 21776
23.94 -0.202937 -0.158953 5.99975 60685 1.0000007 282002 103705 6 2 650995.91 9.3873904 22.1003 23.94 331 1160222 319901 54133 96 0 0 0 0 0 0 553 310289 21837
23.946625 -0.202937 -0.15826 5.99977 60686 1.0000007 282070 103671 6 2 666974.93 9.3873904 22.1003 23.946625 405 1172912 333226 55594 97 0 0 0 0 0 0 553 310347 22373
23.953375 -0.202937 -0.157553 5.99979 60688 1.0000007 282064 103663 6 2 686501.52 9.3873904 22.1003 23.953375 476 1192008 350487 57101 98 0 0 0 0 0 0 553 310371 23028
23.96 -0.202937 -0.156859 5.99981 60689 1.0000007 282110 103630 6 2 689482.68 9.3873904 22.1003 23.96 606 1212583 371142 58009 99 0 0 0 0 0 0 553 310402 23128
23.966625 -0.202937 -0.156165 5.99983 60691 1.0000007 282059 103673 5 2 705938.69 9.3873904 22.1003 23.966625 816 1239767 397117 60437 100 0 0 0 0 0 0 553 310360 23680
23.973375 -0.202937 -0.155458 5.99984 60692 1.0000007 282104 103636 6 2 738135.22 9.3873904 22.1003 23.973375 1124 1274423 430436 62838 101 0 0 0 0 0 0 553 310395 24760
23.98 -0.202937 -0.154765 5.99986 60694 1.0000007 282182 103732 6 2 752653.47 9.3873904 22.1003 23.98 1518 1312693 468466 64912 102 0 0 0 0 0 0 553 310478 25247
23.986625 -0.202937 -0.154071 5.99988 60695 1.0000007 282080 103635 5 2 756320.29 9.3873904 22.1003 23.986625 2129 1356677 513719 67713 103 0 0 0 0 0 0 553 310370 25370
23.993375 -0.202937 -0.153364 5.9999 60697 1.0000007 279988 102997 7 2 786280.95 9.3873904 22.1003 23.993375 2693 1406059 569259 71108 104 0 0 0 0 0 0 553 308148 26375
24 -0.202937 -0.15267 5.99992 60698 1.0000007 283296 104210 7 2 821100.9 9.3873904 22.1003 24 3640 1490668 644236 76507 105 0 0 0 0 0 0 553 311582 27543
24.006625 -0.202937 -0.151977 5.99993 60700 1.0000007 283250 104242 6 2 856427.64 9.3873904 22.1003 24.006625 5354 1577203 731521 82327 106 0 0 0 0 0 0 553 311548 28728
24.013375 -0.202937 -0.15127 5.99995 60701 1.0000007 283096 104096 6 2 903231.86 9.3873904 22.1003 24.013375 5691 1679696 832619 90573 107 0 0 0 0 0 0 553 311370 30298
24.02 -0.202937 -0.150576 5.99997 60703 1.0000007 283257 104334 5 2 952570.05 9.3873904 22.1003 24.02 8293 1798731 950810 99443 108 0 0 0 0 0 0 553 311545 31953
24.026625 -0.202937 -0.149882 5.99999 60704 1.0000007 283208 104107 5 2 985392.63 9.3873904 22.1003 24.026625 13034 1941698 1094915 110259 109 0 0 0 0 0 0 553 311502 33054
24.033375 -0.202937 -0.149175 6 60706 1.0000007 283088 104168 7 2 1059653.3 9.3873904 22.1003 24.033375 24154 2173185 1325099 125257 110 0 0 0 0 0 0 553 311365 35545
24.04 -0.202937 -0.148482 6.00002 60707 1.0000007 283101 104061 6 2 1118143.7 9.3873904 22.1003 24.04 43680 2503989 1657708 142974 111 0 0 0 0 0 0 553 311384 37507
24.046625 -0.202937 -0.147788 6.00004 60709 1.0000007 283085 104208 5 2 1200751.6 9.3873904 22.1003 24.046625 87255 3005034 2156729 167072 112 0 0 0 0 0 0 553 311359 40278
24.053375 -0.202937 -0.147081 6.00006 60710 1.0000007 283035 104117 6 2 1312902.9 9.3873904 22.1003 24.053375 185597 3625556 2777466 196914 113 0 0 0 0 0 0 553 311308 44040
24.06 -0.202937 -0.146387 6.00007 60712 1.0000007 283149 104248 5 2 1430181.7 9.3873904 22.1003 24.06 218707 4192846 3344360 234535 114 0 0 0 0 0 0 553 311437 47974
24.066625 -0.202937 -0.145693 6.00009 60713 1.0000007 283305 104244 6 2 1559176.5 9.3873904 22.1003 24.066625 155129 4561326 3712177 278282 115 0 0 0 0 0 0 553 311615 52301
24.073375 -0.202937 -0.144987 6.00011 60715 1.0000007 283095 104189 6 2 1703911.8 9.3873904 22.1003 24.073375 272867 4996985 4147902 332306 116 0 0 0 0 0 0 553 311382 57156
24.08 -0.202937 -0.144293 6.00012 60716 1.0000007 283048 104120 5 2 1875388.1 9.3873904 22.1003 24.08 483735 5983327 5133306 402474 117 0 0 0 0 0 0 553 311333 62908
24.086625 -0.202937 -0.143599 6.00014 60717 1.0000007 283116 104209 6 2 2094414 9.3873904 22.1003 24.086625 699778 7166053 6315923 490586 118 0 0 0 0 0 0 553 311417 70255
24.093375 -0.202937 -0.142892 6.00016 60719 1.0000007 283171 104189 6 2 2268036.7 9.3873904 22.1003 24.093375 774863 7349457 6498787 575772 119 0 0 0 0 0 0 553 311423 76079
24.1 -0.202937 -0.142198 6.00017 60720 1.0000007 283025 104182 5 2 2345189.1 9.3873904 22.1003 24.1 615798 6378106 5526784 662822 120 0 0 0 0 0 0 553 311286 78667
24.106625 -0.202937 -0.141505 6.00019 60722 1.0000007 283092 104172 6 2 2456326.8 9.3873904 22.1003 24.106625 378544 5043961 4195031 763033 121 0 0 0 0 0 0 553 311367 82395
24.113375 -0.202937 -0.140798 6.00021 60723 1.0000007 283002 104183 6 2 2543048.7 9.3873904 22.1003 24.113375 190432 3869657 3019418 771067 122 0 0 0 0 0 0 553 311279 85304
24.12 -0.202937 -0.140104 6.00022 60725 1.0000007 283106 104136 7 2 2636716.8 9.3873904 22.1003 24.12 94783 3060668 2212054 687017 123 0 0 0 0 0 0 553 311381 88446
24.126625 -0.202937 -0.13941 6.00024 60726 1.0000007 283072 104203 5 2 2713839.4 9.3873904 22.1003 24.126625 48639 2499368 1652309 570370 124 0 0 0 0 0 0 553 311354 91033
24.133375 -0.202937 -0.138703 6.00025 60728 1.0000007 283135 104224 5 2 2771822.9 9.3873904 22.1003 24.133375 27787 2131973 1286283 474234 125 0 0 0 0 0 0 553 311416 92978
24.14 -0.202937 -0.138009 6.00027 60729 1.0000007 283088 104172 6 2 2834636 9.3873904 22.1003 24.14 16666 1908903 1060020 415845 126 0 0 0 0 0 0 553 311371 95085
24.146625 -0.202937 -0.137316 6.00029 60731 1.0000007 283084 104201 6 2 2899207.9 9.3873904 22.1003 24.146625 10179 1750190 904596 373269 127 0 0 0 0 0 0 553 311373 97251
24.153375 -0.202937 -0.136609 6.0003 60732 1.0000007 282902 104082 6 2 2944372.5 9.3873904 22.1003 24.153375 6459 1648079 801094 343858 128 0 0 0 0 0 0 553 311165 98766
24.16 -0.202937 -0.135915 6.00032 60734 1.0000007 282985 104147 5 2 2962170 9.3873904 22.1003 24.16 4322 1573185 726176 319788 129 0 0 0 0 0 0 553 311253 99363
24.166625 -0.202937 -0.135221 6.00033 60735 1.0000007 282922 104087 6 2 2946936.3 9.3873904 22.1003 24.166625 3217 1512085 667405 296273 130 0 0 0 0 0 0 553 311187 98852
24.173375 -0.202937 -0.134514 6.00035 60737 1.0000007 283027 104171 7 2 2946936.3 9.3873904 22.1003 24.173375 2722 1470169 622598 277571 131 0 0 0 0 0 0 553 311295 98852
24.18 -0.202937 -0.13382 6.00037 60738 1.0000007 282961 104124 5 2 2968311.2 9.3873904 22.1003 24.18 2567 1435088 588580 262204 132 0 0 0 0 0 0 553 311239 99569
24.186625 -0.202937 -0.133127 6.00038 60739 1.0000007 282913 104174 5 2 2968311.2 9.3873904 22.1003 24.186625 1879 1405090 558526 247068 133 0 0 0 0 0 0 553 311189 99569
24.193375 -0.202937 -0.13242 6.0004 60741 1.0000007 282654 103879 7 2 2989358.2 9.3873904 22.1003 24.193375 1388 1380476 535419 234338 134 0 0 0 0 0 0 553 310912 100275
24.2 -0.202937 -0.131726 6.00041 60742 1.0000007 282912 104125 5 2 2989358.2 9.3873904 22.1003 24.2 1199 1368824 521775 226608 135 0 0 0 0 0 0 553 311210 100275
24.206625 -0.202937 -0.131032 6.00043 60744 1.0000007 282758 103927 6 2 3030826.1 9.3873904 22.1003 24.206625 1133 1358657 511485 222534 136 0 0 0 0 0 0 553 311043 101666
24.213375 -0.202937 -0.130325 6.00044 60745 1.0000007 282793 104042 6 2 3181851.7 9.3873904 22.1003 24.213375 951 1348201 504339 219052 137 0 0 0 0 0 0 553 311063 106732
24.22 -0.202937 -0.129631 6.00046 60747 1.0000007 282672 103906 5 2 3181851.7 9.3873904 22.1003 24.22 951 1348201 504339 219052 138 0 0 0 0 0 0 553 310938 106732
24.226625 -0.202937 -0.128937 6.00047 60748 1.0000007 282661 103956 7 2 3276533.3 9.3873904 22.1003 24.226625 716 1348805 502461 218893 139 0 0 0 0 0 0 553 310943 109908
24.233375 -0.202937 -0.128231 6.00049 60750 1.0000007 282647 103887 5 2 3443418.7 9.3873904 22.1003 24.233375 691 1348501 501350 220561 140 0 0 0 0 0 0 553 310927 115506
24.24 -0.202937 -0.127537 6.0005 60751 1.0000007 282518 103874 6 2 3585888.3 9.3873904 22.1003 24.24 712 1351038 505221 225586 141 0 0 0 0 0 0 553 310803 120285
24.246625 -0.202937 -0.126843 6.00052 60753 1.0000007 282571 103815 5 2 3692971.6 9.3873904 22.1003 24.246625 697 1354474 508564 229346 142 0 0 0 0 0 0 553 310848 123877
24.253375 -0.202937 -0.126136 6.00053 60754 1.0000007 282489 103765 6 2 3804645.8 9.3873904 22.1003 24.253375 678 1359931 513732 234236 143 0 0 0 0 0 0 553 310766 127623
24.26 -0.202937 -0.125442 6.00055 60756 1.0000007 282611 103813 6 2 3962349.2 9.3873904 22.1003 24.26 653 1364780 519270 240758 144 0 0 0 0 0 0 553 310888 132913
24.266625 -0.202937 -0.124748 6.00056 60757 1.0000007 282655 103875 5 2 4095279.1 9.3873904 22.1003 24.266625 683 1373896 527658 247063 145 0 0 0 0 0 0 553 310949 137372
24.273375 -0.202937 -0.124041 6.00058 60759 1.0000007 282373 103740 5 2 4221382.2 9.3873904 22.1003 24.273375 630 1378524 533878 254037 146 0 0 0 0 0 0 553 310649 141602
24.28 -0.202937 -0.123348 6.00059 60760 1.0000007 282560 103835 6 2 4388267.5 9.3873904 22.1003 24.28 639 1392221 544249 262950 147 0 0 0 0 0 0 553 310835 147200
24.286625 -0.202937 -0.122654 6.0006 60762 1.0000007 282237 103624 6 2 4513148.3 9.3873904 22.1003 24.286625 689 1398904 553376 270805 148 0 0 0 0 0 0 553 310522 151389
24.293375 -0.202937 -0.121947 6.00062 60763 1.0000007 282300 103642 7 2 4680629.9 9.3873904 22.1003 24.293375 769 1413650 565986 281134 149 0 0 0 0 0 0 553 310576 157007
24.3 -0.202937 -0.121253 6.00063 60765 1.0000007 282245 103593 6 2 4808491.8 9.3873904 22.1003 24.3 868 1423757 578909 291789 150 0 0 0 0 0 0 553 310530 161296
24.306625 -0.202937 -0.120559 6.00065 60766 1.0000007 282261 103660 5 2 4941451.6 9.3873904 22.1003 24.306625 941 1435800 592081 301923 151 0 0 0 0 0 0 553 310533 165756
24.313375 -0.202937 -0.119852 6.00066 60767 1.0000007 282047 103502 6 2 5100943.6 9.3873904 22.1003 24.313375 1042 1455527 610817 316004 152 0 0 0 0 0 0 553 310339 171106
24.32 -0.202937 -0.119158 6.00067 60769 1.0000007 282102 103496 5 2 5258885.5 9.3873904 22.1003 24.32 1232 1474738 629616 329838 153 0 0 0 0 0 0 553 310387 176404
24.326625 -0.202937 -0.118464 6.00069 60770 1.0000007 282099 103443 6 2 5397330.6 9.3873904 22.1003 24.326625 1406 1493024 648961 344513 154 0 0 0 0 0 0 553 310371 181048
24.333375 -0.202937 -0.117758 6.0007 60772 1.0000007 282079 103515 5 2 5580016 9.3873904 22.1003 24.333375 1599 1521392 675356 363748 155 0 0 0 0 0 0 553 310369 187176
24.34 -0.202937 -0.117064 6.00072 60773 1.0000007 282019 103352 6 2 5735036.4 9.3873904 22.1003 24.34 1839 1542613 699987 380898 156 0 0 0 0 0 0 553 310300 192376
24.346625 -0.202937 -0.11637 6.00073 60775 1.0000007 281954 103457 5 2 5863315.7 9.3873904 22.1003 24.346625 2117 1573186 729734 400559 157 0 0 0 0 0 0 553 310243 196679
24.353375 -0.202937 -0.115663 6.00074 60776 1.0000007 281901 103276 6 2 5975705.4 9.3873904 22.1003 24.353375 2579 1604800 761348 420845 158 0 0 0 0 0 0 553 310183 200449
24.36 -0.202937 -0.114969 6.00076 60778 1.0000007 281860 103373 6 2 6106578.3 9.3873904 22.1003 24.36 3047 1645945 802167 445317 159 0 0 0 0 0 0 553 310152 204839
24.366625 -0.202937 -0.114275 6.00077 60779 1.0000007 281853 103283 6 2 6190915.3 9.3873904 22.1003 24.366625 3610 1685174 841442 467990 160 0 0 0 0 0 0 553 310122 207668
24.373375 -0.202937 -0.113568 6.00078 60781 1.0000007 281625 103221 5 2 6262224.7 9.3873904 22.1003 24.373375 4353 1731430 887378 494258 161 0 0 0 0 0 0 553 309919 210060
24.38 -0.202937 -0.112874 6.0008 60782 1.0000007 281753 103209 6 2 6385644.7 9.3873904 22.1003 24.38 4353 1783758 939222 522500 162 0 0 0 0 0 0 553 310071 214200
24.386625 -0.202937 -0.11218 6.00081 60784 1.0000007 281641 103259 5 2 6427798.3 9.3873904 22.1003 24.386625 6011 1835892 994868 550813 163 0 0 0 0 0 0 553 309930 215614
24.393375 -0.202937 -0.111474 6.00082 60785 1.0000007 281551 103086 6 2 6437546.7 9.3873904 22.1003 24.393375 7164 1896510 1054650 577757 164 0 0 0 0 0 0 553 309835 215941
24.4 -0.202937 -0.11078 6.00084 60787 1.0000007 281551 103154 5 2 6345369.2 9.3873904 22.1003 24.4 8548 1959103 1116277 602681 165 0 0 0 0 0 0 553 309873 212849
24.406625 -0.202937 -0.110086 6.00085 60788 1.0000007 281456 103004 6 2 6287475.1 9.3873904 22.1003 24.406625 9964 2033770 1190910 631283 166 0 0 0 0 0 0 553 309756 210907
24.413375 -0.202937 -0.109379 6.00086 60790 1.0000007 281280 102929 5 2 6204270.9 9.3873904 22.1003 24.413375 12176 2114063 1272497 658520 167 0 0 0 0 0 0 553 309594 208116
24.42 -0.202937 -0.108685 6.00087 60791 1.0000007 281332 102875 6 2 6155201.1 9.3873904 22.1003 24.42 14798 2204258 1364433 688691 168 0 0 0 0 0 0 553 309620 206470
24.426625 -0.202937 -0.107991 6.00089 60792 1.0000007 281429 103014 7 2 6048654.4 9.3873904 22.1003 24.426625 17900 2317236 1474820 718390 169 0 0 0 0 0 0 553 309743 202896
24.433375 -0.202937 -0.107284 6.0009 60794 1.0000007 281341 102938 5 2 5983188.1 9.3873904 22.1003 24.433375 21726 2445917 1603737 748432 170 0 0 0 0 0 0 553 309662 200700
24.44 -0.202937 -0.10659 6.00091 60795 1.0000007 281255 102975 6 2 5884958.9 9.3873904 22.1003 24.44 26297 2595449 1754507 778801 171 0 0 0 0 0 0 553 309563 197405
24.446625 -0.202937 -0.105896 6.00092 60797 1.0000007 281236 102809 5 2 5772092.2 9.3873904 22.1003 24.446625 33305 2788103 1946874 810378 172 0 0 0 0 0 0 553 309531 193619
24.453375 -0.202937 -0.105189 6.00094 60798 1.0000007 281090 102788 7 2 5682389.1 9.3873904 22.1003 24.453375 47312 3056320 2214931 850264 173 0 0 0 0 0 0 553 309402 190610
24.46 -0.202937 -0.104496 6.00095 60800 1.0000007 281110 102752 6 2 5542036.1 9.3873904 22.1003 24.46 68494 3417828 2576043 887575 174 0 0 0 0 0 0 553 309412 185902
24.466625 -0.202937 -0.103802 6.00096 60801 1.0000007 281027 102793 7 2 5464555.7 9.3873904 22.1003 24.466625 98216 3953573 3111665 930187 175 0 0 0 0 0 0 553 309339 183303
24.473375 -0.202937 -0.103095 6.00097 60803 1.0000007 281097 102748 7 2 5342656.1 9.3873904 22.1003 24.473375 130632 4732220 3890679 964274 176 0 0 0 0 0 0 553 309405 179214
24.48 -0.202937 -0.102401 6.00098 60804 1.0000007 280981 102705 5 2 5193717.3 9.3873904 22.1003 24.48 163822 5604095 4761575 978495 177 0 0 0 0 0 0 553 309307 174218
24.486625 -0.202937 -0.101707 6.001 60806 1.0000007 281223 102815 6 2 5080641.9 9.3873904 22.1003 24.486625 192988 6336762 5490441 977895 178 0 0 0 0 0 0 553 309540 170425
24.493375 -0.202937 -0.101 6.00101 60807 1.0000007 280997 102692 6 2 4928066.2 9.3873904 22.1003 24.493375 206190 6777487 5934478 940237 179 0 0 0 0 0 0 553 309298 165307
24.5 -0.202937 -0.100306 6.00102 60809 1.0000007 281021 102758 6 2 4785656.1 9.3873904 22.1003 24.5 212965 7059413 6214840 891313 180 0 0 0 0 0 0 553 309329 160530
24.506625 -0.202937 -0.0996122 6.00103 60810 1.0000007 281044 102754 6 2 4570953 9.3873904 22.1003 24.506625 217774 7060368 6216697 827728 181 0 0 0 0 0 0 553 309349 153328
24.513375 -0.202937 -0.0989052 6.00104 60812 1.0000007 281130 102843 5 2 4358545.4 9.3873904 22.1003 24.513375 208598 6689109 5845057 754482 182 0 0 0 0 0 0 553 309446 146203
24.52 -0.202937 -0.0982113 6.00105 60813 1.0000007 280925 102661 7 2 4101479.9 9.3873904 22.1003 24.52 204250 6113128 5269631 684754 183 0 0 0 0 0 0 553 309252 137580
24.526625 -0.202937 -0.0975174 6.00107 60815 1.0000007 281063 102791 6 2 3879323.9 9.3873904 22.1003 24.526625 201720 5529907 4688213 620698 184 0 0 0 0 0 0 553 309392 130128
24.533375 -0.202937 -0.0968104 6.00108 60816 1.0000007 279457 102126 5 2 3567941.7 9.3873904 22.1003 24.533375 222686 4864155 4029014 551444 185 0 0 0 0 0 0 553 307628 119683
24.54 -0.202937 -0.0961165 6.00109 60817 1.0000007 281379 102922 5 2 3349512.1 9.3873904 22.1003 24.54 193334 4126550 3283184 495325 186 0 0 0 0 0 0 553 309721 112356
24.546625 -0.202937 -0.0954226 6.0011 60819 1.0000007 281169 102703 7 2 3097365.6 9.3873904 22.1003 24.546625 97076 3339931 2499065 442891 187 0 0 0 0 0 0 553 309500 103898
24.553375 -0.202937 -0.0947157 6.00111 60820 1.0000007 281351 102903 6 2 2842536.1 9.3873904 22.1003 24.553375 45044 2686580 1845047 394143 188 0 0 0 0 0 0 553 309661 95350
24.56 -0.202937 -0.0940218 6.00112 60822 1.0000007 281249 102736 5 2 2621661.9 9.3873904 22.1003 24.56 20700 2304062 1465358 354053 189 0 0 0 0 0 0 553 309560 87941
24.566625 -0.202937 -0.0933279 6.00113 60823 1.0000007 281140 102852 5 2 2424815.9 9.3873904 22.1003 24.566625 12542 2066521 1227989 314995 190 0 0 0 0 0 0 553 309437 81338
24.573375 -0.202937 -0.0926209 6.00114 60825 1.0000007 281213 102759 6 2 2226866.9 9.3873904 22.1003 24.573375 8951 1886855 1048623 279856 191 0 0 0 0 0 0 553 309518 74698
24.58 -0.202937 -0.091927 6.00115 60826 1.0000007 281248 102842 7 2 2044658.4 9.3873904 22.1003 24.58 6557 1756107 916311 247499 192 0 0 0 0 0 0 553 309570 68586
24.586625 -0.202937 -0.0912331 6.00116 60828 1.0000007 281190 102702 5 2 1888564.9 9.3873904 22.1003 24.586625 4955 1648752 809592 220961 193 0 0 0 0 0 0 553 309505 63350
24.593375 -0.202937 -0.0905261 6.00117 60829 1.0000007 281132 102857 6 2 1725763.7 9.3873904 22.1003 24.593375 3665 1551603 712809 194132 194 0 0 0 0 0 0 553 309442 57889
24.6 -0.202937 -0.0898322 6.00119 60831 1.0000007 281322 102855 6 2 1605235.4 9.3873904 22.1003 24.6 2820 1477423 638406 173161 195 0 0 0 0 0 0 553 309648 53846
24.606625 -0.202937 -0.0891383 6.0012 60832 1.0000007 281187 102855 5 2 1487062.2 9.3873904 22.1003 24.606625 2138 1413847 577036 154339 196 0 0 0 0 0 0 553 309488 49882
24.613375 -0.202937 -0.0884313 6.00121 60834 1.0000007 281131 102713 5 2 1389488.9 9.3873904 22.1003 24.613375 1685 1365458 528398 138232 197 0 0 0 0 0 0 553 309438 46609
24.62 -0.202937 -0.0877373 6.00122 60835 1.0000007 281254 102937 6 2 1280259.2 9.3873904 22.1003 24.62 1312 1326191 488062 124372 198 0 0 0 0 0 0 553 309571 42945
24.626625 -0.202937 -0.0870434 6.00123 60837 1.0000007 281202 102800 5 2 1189274.2 9.3873904 22.1003 24.626625 1076 1292055 455856 112545 199 0 0 0 0 0 0 553 309519 39893
24.633375 -0.202937 -0.0863364 6.00124 60838 1.0000007 281315 102924 5 2 1105593 9.3873904 22.1003 24.633375 891 1266653 429791 102389 200 0 0 0 0 0 0 553 309646 37086
24.64 -0.202937 -0.0856425 6.00125 60840 1.0000007 281412 102984 5 2 1041826 9.3873904 22.1003 24.64 728 1245917 409691 95176 201 0 0 0 0 0 0 553 309713 34947
24.646625 -0.202937 -0.0849486 6.00126 60841 1.0000007 281131 102858 6 2 993918.74 9.3873904 22.1003 24.646625 629 1227201 391899 88266 202 0 0 0 0 0 0 553 309419 33340
24.653375 -0.202937 -0.0842416 6.00127 60843 1.0000007 281277 102875 6 2 928929.46 9.3873904 22.1003 24.653375 540 1210589 375935 82153 203 0 0 0 0 0 0 553 309574 31160
24.66 -0.202937 -0.0835477 6.00128 60844 1.0000007 281104 102860 7 2 896911.8 9.3873904 22.1003 24.66 472 1199229 363794 77954 204 0 0 0 0 0 0 553 309420 30086
24.666625 -0.202937 -0.0828538 6.00129 60846 1.0000007 281332 102873 5 2 857560.49 9.3873904 22.1003 24.666625 406 1188018 352941 74351 205 0 0 0 0 0 0 553 309648 28766
24.673375 -0.202937 -0.0821468 6.0013 60847 1.0000007 281224 102960 6 2 815406.88 9.3873904 22.1003 24.673375 360 1176706 342497 70324 206 0 0 0 0 0 0 553 309554 27352
24.68 -0.202937 -0.0814528 6.0013 60849 1.0000007 281282 102913 5 2 784671.12 9.3873904 22.1003 24.68 318 1166753 333028 67292 207 0 0 0 0 0 0 553 309596 26321
24.686625 -0.202937 -0.0807589 6.00131 60850 1.0000007 281172 102940 7 2 763981.87 9.3873904 22.1003 24.686625 273 1162215 326939 65361 208 0 0 0 0 0 0 553 309505 25627
24.693375 -0.202937 -0.0800519 6.00132 60852 1.0000007 281218 102855 5 2 747853.8 9.3873904 22.1003 24.693375 256 1151985 319495 63049 209 0 0 0 0 0 0 553 309504 25086
24.7 -0.202937 -0.079358 6.00133 60853 1.0000007 281248 103031 6 2 727224.17 9.3873904 22.1003 24.7 225 1146926 314003 61598 210 0 0 0 0 0 0 553 309584 24394
24.706625 -0.202937 -0.0786641 6.00134 60855 1.0000007 281236 102918 5 2 702361.3 9.3873904 22.1003 24.706625 220 1140150 308970 59969 211 0 0 0 0 0 0 553 309535 23560
24.713375 -0.202937 -0.077957 6.00135 60856 1.0000007 281430 103001 5 2 693507.25 9.3873904 22.1003 24.713375 215 1138399 305420 58142 212 0 0 0 0 0 0 553 309744 23263
24.72 -0.202937 -0.0772631 6.00136 60858 1.0000007 281204 102926 5 2 678064.84 9.3873904 22.1003 24.72 243 1132356 299385 56920 213 0 0 0 0 0 0 553 309521 22745
24.726625 -0.202937 -0.0765692 6.00137 60859 1.0000007 281382 103010 5 2 669031.93 9.3873904 22.1003 24.726625 243 1126004 295046 55817 214 0 0 0 0 0 0 553 309689 22442
24.733375 -0.202937 -0.0758622 6.00138 60861 1.0000007 281302 103011 5 2 657435.21 9.3873904 22.1003 24.733375 263 1123685 291797 54624 215 0 0 0 0 0 0 553 309607 22053
24.74 -0.202937 -0.0751682 6.00139 60862 1.0000007 281517 103131 6 2 656600.49 9.3873904 22.1003 24.74 226 1120745 289886 54744 216 0 0 0 0 0 0 553 309827 22025
24.746625 -0.202937 -0.0744743 6.0014 60864 1.0000007 281289 102958 7 2 643513.2 9.3873904 22.1003 24.746625 263 1117416 287079 53860 217 0 0 0 0 0 0 553 309610 21586
24.753375 -0.202937 -0.0737673 6.0014 60865 1.0000007 281496 103122 6 2 639101.08 9.3873904 22.1003 24.753375 218 1115118 283726 52888 218 0 0 0 0 0 0 553 309821 21438
24.76 -0.202937 -0.0730734 6.00141 60867 1.0000007 281355 103030 5 2 632453.09 9.3873904 22.1003 24.76 225 1108657 279900 52144 219 0 0 0 0 0 0 553 309650 21215
24.766625 -0.202937 -0.0723794 6.00142 60868 1.0000007 281431 103069 5 2 627414.93 9.3873904 22.1003 24.766625 234 1107894 278604 51853 220 0 0 0 0 0 0 553 309735 21046
24.773375 -0.202937 -0.0716724 6.00143 60870 1.0000007 281351 103026 7 2 618232.96 9.3873904 22.1003 24.773375 218 1104961 275914 51069 221 0 0 0 0 0 0 553 309646 20738
24.78 -0.202937 -0.0709785 6.00144 60871 1.0000007 281418 103087 5 2 619306.18 9.3873904 22.1003 24.78 208 1100985 272666 50359 222 0 0 0 0 0 0 553 309707 20774
24.786625 -0.202937 -0.0702845 6.00145 60872 1.0000007 281352 103085 5 2 608246.07 9.3873904 22.1003 24.786625 228 1099123 271692 50211 223 0 0 0 0 0 0 553 309666 20403
24.793375 -0.202937 -0.0695775 6.00145 60874 1.0000007 281472 103178 5 2 608246.07 9.3873904 22.1003 24.793375 228 1099123 271692 50211 224 0 0 0 0 0 0 553 309778 20403
24.8 -0.202937 -0.0688836 6.00146 60875 1.0000007 281468 103145 5 2 602641.49 9.3873904 22.1003 24.8 241 1097307 269564 49532 225 0 0 0 0 0 0 553 309787 20215
24.806625 -0.202937 -0.0681896 6.00147 60877 1.0000007 281505 103217 5 2 591014.97 9.3873904 22.1003 24.806625 237 1092536 265131 48410 226 0 0 0 0 0 0 553 309801 19825
24.813375 -0.202937 -0.0674826 6.00148 60878 1.0000007 281503 103117 5 2 591462.14 9.3873904 22.1003 24.813375 224 1089418 263256 48232 227 0 0 0 0 0 0 553 309821 19840
24.82 -0.202937 -0.0667887 6.00149 60880 1.0000007 281459 103213 5 2 587586.64 9.3873904 22.1003 24.82 218 1087813 261715 47987 228 0 0 0 0 0 0 553 309768 19710
24.826625 -0.202937 -0.0660947 6.00149 60881 1.0000007 281478 103149 6 2 583413.01 9.3873904 22.1003 24.826625 233 1086941 259803 47554 229 0 0 0 0 0 0 553 309781 19570
24.833375 -0.202937 -0.0653877 6.0015 60883 1.0000007 281551 103295 5 2 575930.3 9.3873904 22.1003 24.833375 220 1082873 258031 46825 230 0 0 0 0 0 0 553 309844 19319
24.84 -0.202937 -0.0646937 6.00151 60884 1.0000007 281492 103174 5 2 583085.08 9.3873904 22.1003 24.84 204 1081769 257681 47464 231 0 0 0 0 0 0 553 309773 19559
24.846625 -0.202937 -0.0639998 6.00152 60886 1.0000007 281557 103323 5 2 563439.24 9.3873904 22.1003 24.846625 217 1080564 256514 46329 232 0 0 0 0 0 0 553 309872 18900
24.853375 -0.202937 -0.0632928 6.00152 60887 1.0000007 281619 103264 6 2 572114.42 9.3873904 22.1003 24.853375 208 1078369 254945 46459 233 0 0 0 0 0 0 553 309918 19191
24.86 -0.202937 -0.0625988 6.00153 60889 1.0000007 281596 103317 5 2 571011.39 9.3873904 22.1003 24.86 211 1076652 253499 46399 234 0 0 0 0 0 0 553 309889 19154
24.866625 -0.202937 -0.0619049 6.00154 60890 1.0000007 281510 103214 6 2 563319.99 9.3873904 22.1003 24.866625 233 1076240 253123 46438 235 0 0 0 0 0 0 553 309792 18896
24.873375 -0.202937 -0.0611978 6.00155 60892 1.0000007 281653 103357 6 2 557655.79 9.3873904 22.1003 24.873375 232 1074990 251066 45786 236 0 0 0 0 0 0 553 309950 18706
24.88 -0.202937 -0.0605039 6.00155 60893 1.0000007 281529 103235 7 2 553839.9 9.3873904 22.1003 24.88 230 1073330 249453 45366 237 0 0 0 0 0 0 553 309796 18578
24.886625 -0.202937 -0.0598099 6.00156 60894 1.0000007 281496 103298 5 2 557894.28 9.3873904 22.1003 24.886625 225 1069822 248997 45407 238 0 0 0 0 0 0 553 309783 18714
24.893375 -0.202937 -0.0591029 6.00157 60896 1.0000007 281633 103268 5 2 552438.76 9.3873904 22.1003 24.893375 217 1069955 248067 44987 239 0 0 0 0 0 0 553 309925 18531
24.9 -0.202937 -0.0584089 6.00157 60897 1.0000007 281602 103414 6 2 551246.3 9.3873904 22.1003 24.9 248 1069184 247284 44759 240 0 0 0 0 0 0 553 309868 18491
24.906625 -0.202937 -0.057715 6.00158 60899 1.0000007 281680 103326 5 2 546595.69 9.3873904 22.1003 24.906625 216 1067272 246749 44471 241 0 0 0 0 0 0 553 309988 18335
24.913375 -0.202937 -0.0570079 6.00159 60900 1.0000007 281495 103299 5 2 546774.56 9.3873904 22.1003 24.913375 237 1063743 245270 44453 242 0 0 0 0 0 0 553 309763 18341
24.92 -0.202937 -0.056314 6.00159 60902 1.0000007 281712 103410 6 2 553929.34 9.3873904 22.1003 24.92 230 1064527 245499 44677 243 0 0 0 0 0 0 553 310001 18581
24.926625 -0.202937 -0.05562 6.0016 60903 1.0000007 281616 103410 5 2 547340.98 9.3873904 22.1003 24.926625 235 1062967 243174 44416 244 0 0 0 0 0 0 553 309925 18360
24.933375 -0.202937 -0.054913 6.00161 60905 1.0000007 281794 103441 7 2 545194.54 9.3873904 22.1003 24.933375 208 1063780 244113 44323 245 0 0 0 0 0 0 553 310095 18288
24.94 -0.202937 -0.054219 6.00161 60906 1.0000007 281649 103442 6 2 543674.15 9.3873904 22.1003 24.94 234 1062456 242514 44255 246 0 0 0 0 0 0 553 309932 18237
24.946625 -0.202937 -0.0535251 6.00162 60908 1.0000007 281658 103406 6 2 537055.97 9.3873904 22.1003 24.946625 230 1060804 242029 43661 247 0 0 0 0 0 0 553 309932 18015
24.953375 -0.202937 -0.052818 6.00163 60909 1.0000007 281526 103392 5 2 535833.7 9.3873904 22.1003 24.953375 228 1057290 240508 43763 248 0 0 0 0 0 0 553 309802 17974
24.96 -0.202937 -0.0521241 6.00163 60911 1.0000007 281621 103341 5 2 535982.76 9.3873904 22.1003 24.96 241 1057725 240812 43664 249 0 0 0 0 0 0 553 309916 17979
24.966625 -0.202937 -0.0514301 6.00164 60912 1.0000007 281618 103379 5 2 537234.84 9.3873904 22.1003 24.966625 216 1056463 239773 43481 250 0 0 0 0 0 0 553 309925 18021
24.973375 -0.202937 -0.0507231 6.00164 60914 1.0000007 281680 103380 6 2 536578.99 9.3873904 22.1003 24.973375 216 1055686 238784 43523 251 0 0 0 0 0 0 553 309971 17999
24.98 -0.202937 -0.0500291 6.00165 60915 1.0000007 281674 103421 6 2 533687.26 9.3873904 22.1003 24.98 251 1053559 238429 43043 252 0 0 0 0 0 0 553 309970 17902
24.986625 -0.202937 -0.0493352 6.00165 60917 1.0000007 281612 103380 5 2 531868.76 9.3873904 22.1003 24.986625 216 1052276 237463 43109 253 0 0 0 0 0 0 553 309889 17841
24.993375 -0.202937 -0.0486281 6.00166 60918 1.0000007 281630 103447 6 2 527844.19 9.3873904 22.1003 24.993375 230 1052836 236923 42627 254 0 0 0 0 0 0 553 309941 17706
25 -0.202937 -0.0479341 6.00167 60920 1.0000007 281736 103486 6 2 537026.16 9.3873904 22.1003 25 237 1052706 236987 43330 255 0 0 0 0 0 0 553 310021 18014
25.006625 -0.202937 -0.0472402 6.00167 60921 1.0000007 281591 103412 5 2 524505.29 9.3873904 22.1003 25.006625 219 1050443 237021 42647 256 0 0 0 0 0 0 553 309898 17594
25.013375 -0.202937 -0.0465331 6.00168 60922 1.0000007 281646 103474 6 2 528768.35 9.3873904 22.1003 25.013375 215 1050782 235274 42716 257 0 0 0 0 0 0 553 309930 17737
25.02 -0.202937 -0.0458392 6.00168 60924 1.0000007 281622 103405 5 2 528529.86 9.3873904 22.1003 25.02 209 1048198 235205 42443 258 0 0 0 0 0 0 553 309909 17729
25.026625 -0.202937 -0.0451452 6.00169 60925 1.0000007 281586 103460 6 2 517678.43 9.3873904 22.1003 25.026625 219 1044942 234172 42194 259 0 0 0 0 0 0 553 309891 17365
25.033375 -0.202937 -0.0444381 6.00169 60927 1.0000007 281630 103394 5 2 528350.99 9.3873904 22.1003 25.033375 227 1046672 233988 42777 260 0 0 0 0 0 0 553 309924 17723
25.04 -0.202937 -0.0437442 6.0017 60928 1.0000007 281605 103432 5 2 516903.33 9.3873904 22.1003 25.04 269 1043751 233004 41904 261 0 0 0 0 0 0 553 309896 17339
25.046625 -0.202937 -0.0430502 6.0017 60930 1.0000007 281636 103440 5 2 516992.77 9.3873904 22.1003 25.046625 238 1044590 233292 42065 262 0 0 0 0 0 0 553 309934 17342
25.053375 -0.202937 -0.0423431 6.00171 60931 1.0000007 281663 103470 5 2 517678.43 9.3873904 22.1003 25.053375 223 1044774 232827 42134 263 0 0 0 0 0 0 553 309938 17365
25.06 -0.202937 -0.0416492 6.00171 60933 1.0000007 281603 103381 5 2 518841.09 9.3873904 22.1003 25.06 254 1043832 233071 42123 264 0 0 0 0 0 0 553 309887 17404
25.066625 -0.202937 -0.0409552 6.00172 60934 1.0000007 281671 103479 6 2 515889.74 9.3873904 22.1003 25.066625 215 1043684 232583 41796 265 0 0 0 0 0 0 553 309958 17305
25.073375 -0.202937 -0.0402482 6.00172 60936 1.0000007 281482 103318 6 2 508854.2 9.3873904 22.1003 25.073375 248 1040696 230816 41583 266 0 0 0 0 0 0 553 309761 17069
25.08 -0.202937 -0.0395542 6.00173 60937 1.0000007 282928 103971 6 2 520450.91 9.3873904 22.1003 25.08 234 1048252 232467 42112 267 0 0 0 0 0 0 553 311224 17458
25.086625 -0.202937 -0.0388602 6.00173 60939 1.0000007 282817 103920 5 2 519735.43 9.3873904 22.1003 25.086625 208 1045109 231967 41967 268 0 0 0 0 0 0 553 311137 17434
25.093375 -0.202937 -0.0381532 6.00174 60940 1.0000007 282825 103902 6 2 511507.43 9.3873904 22.1003 25.093375 220 1043288 231270 41650 269 0 0 0 0 0 0 553 311121 17158
25.1 -0.202937 -0.0374592 6.00174 60942 1.0000007 282853 103939 5 2 514279.91 9.3873904 22.1003 25.1 223 1042854 230743 41846 270 0 0 0 0 0 0 553 311158 17251
25.106625 -0.202937 -0.0367652 6.00175 60943 1.0000007 282767 103940 6 2 511567.06 9.3873904 22.1003 25.106625 235 1042854 230892 41649 271 0 0 0 0 0 0 553 311063 17160
25.113375 -0.202937 -0.0360582 6.00175 60944 1.0000007 282806 103899 5 2 508317.59 9.3873904 22.1003 25.113375 222 1040315 230160 41506 272 0 0 0 0 0 0 553 311108 17051
25.12 -0.202937 -0.0353642 6.00175 60946 1.0000007 282848 103895 6 2 509659.11 9.3873904 22.1003 25.12 189 1040509 230398 41537 273 0 0 0 0 0 0 553 311132 17096
25.126625 -0.202937 -0.0346702 6.00176 60947 1.0000007 282713 103890 5 2 509033.07 9.3873904 22.1003 25.126625 205 1041167 229976 41372 274 0 0 0 0 0 0 553 310978 17075
25.133375 -0.202937 -0.0339631 6.00176 60949 1.0000007 282724 103846 5 2 512371.97 9.3873904 22.1003 25.133375 222 1040403 229148 41251 275 0 0 0 0 0 0 553 311007 17187
25.14 -0.202937 -0.0332692 6.00177 60950 1.0000007 282807 103862 6 2 508407.03 9.3873904 22.1003 25.14 228 1039138 228720 41483 276 0 0 0 0 0 0 553 311074 17054
25.146625 -0.202937 -0.0325752 6.00177 60952 1.0000007 282653 103845 6 2 507840.61 9.3873904 22.1003 25.146625 224 1035248 227541 41158 277 0 0 0 0 0 0 553 310922 17035
25.153375 -0.202937 -0.0318681 6.00177 60953 1.0000007 282691 103892 5 2 506976.07 9.3873904 22.1003 25.153375 213 1038399 228582 41181 278 0 0 0 0 0 0 553 310973 17006
25.16 -0.202937 -0.0311742 6.00178 60955 1.0000007 282538 103721 5 2 506111.53 9.3873904 22.1003 25.16 206 1036386 228915 41075 279 0 0 0 0 0 0 553 310809 16977
25.166625 -0.202937 -0.0304802 6.00178 60956 1.0000007 282658 103873 6 2 504412.27 9.3873904 22.1003 25.166625 229 1034152 228216 41206 280 0 0 0 0 0 0 553 310952 16920
25.173375 -0.202937 -0.0297731 6.00178 60958 1.0000007 282596 103762 6 2 501550.36 9.3873904 22.1003 25.173375 233 1033718 227129 40546 281 0 0 0 0 0 0 553 310855 16824
25.18 -0.202937 -0.0290791 6.00179 60959 1.0000007 282509 103721 5 2 507631.92 9.3873904 22.1003 25.18 266 1031834 227819 41145 282 0 0 0 0 0 0 553 310800 17028
25.186625 -0.202937 -0.0283852 6.00179 60961 1.0000007 282400 103629 6 2 510672.71 9.3873904 22.1003 25.186625 202 1033431 227624 41010 283 0 0 0 0 0 0 553 310683 17130
25.193375 -0.202937 -0.0276781 6.00179 60962 1.0000007 282705 103793 5 2 499254.87 9.3873904 22.1003 25.193375 225 1034201 226795 40788 284 0 0 0 0 0 0 553 311012 16747
25.2 -0.202937 -0.0269841 6.0018 60964 1.0000007 282500 103733 5 2 509480.24 9.3873904 22.1003 25.2 217 1031866 227240 41013 285 0 0 0 0 0 0 553 310783 17090
25.206625 -0.202937 -0.0262901 6.0018 60965 1.0000007 282457 103655 6 2 504114.16 9.3873904 22.1003 25.206625 227 1032121 226713 40670 286 0 0 0 0 0 0 553 310733 16910
25.213375 -0.202937 -0.0255831 6.0018 60966 1.0000007 282373 103587 5 2 507125.13 9.3873904 22.1003 25.213375 246 1029665 226741 41013 287 0 0 0 0 0 0 553 310646 17011
25.22 -0.202937 -0.0248891 6.00181 60968 1.0000007 282441 103675 7 2 507900.23 9.3873904 22.1003 25.22 220 1029620 226400 40953 288 0 0 0 0 0 0 553 310752 17037
25.226625 -0.202937 -0.0241951 6.00181 60969 1.0000007 282288 103581 5 2 507214.56 9.3873904 22.1003 25.226625 216 1027950 225679 41034 289 0 0 0 0 0 0 553 310571 17014
25.233375 -0.202937 -0.023488 6.00181 60971 1.0000007 282287 103580 6 2 504263.21 9.3873904 22.1003 25.233375 197 1028496 225807 40522 290 0 0 0 0 0 0 553 310554 16915
25.24 -0.202937 -0.0227941 6.00181 60972 1.0000007 282379 103577 5 2 499076 9.3873904 22.1003 25.24 213 1029724 225683 40680 291 0 0 0 0 0 0 553 310675 16741
25.246625 -0.202937 -0.0221001 6.00182 60974 1.0000007 282178 103489 5 2 495915.97 9.3873904 22.1003 25.246625 227 1026656 225383 40652 292 0 0 0 0 0 0 553 310459 16635
25.253375 -0.202937 -0.021393 6.00182 60975 1.0000007 282297 103601 5 2 500417.52 9.3873904 22.1003 25.253375 248 1027299 225965 40711 293 0 0 0 0 0 0 553 310572 16786
25.26 -0.202937 -0.020699 6.00182 60977 1.0000007 282220 103493 5 2 496333.33 9.3873904 22.1003 25.26 231 1025517 225058 40205 294 0 0 0 0 0 0 553 310497 16649
25.266625 -0.202937 -0.0200051 6.00182 60978 1.0000007 282150 103509 6 2 494306.14 9.3873904 22.1003 25.266625 247 1025217 224300 39894 295 0 0 0 0 0 0 553 310412 16581
25.273375 -0.202937 -0.019298 6.00183 60980 1.0000007 282154 103499 6 2 496273.71 9.3873904 22.1003 25.273375 262 1023888 223734 40467 296 0 0 0 0 0 0 553 310438 16647
25.28 -0.202937 -0.018604 6.00183 60981 1.0000007 282058 103417 5 2 486376.25 9.3873904 22.1003 25.28 236 1022365 223744 39891 297 0 0 0 0 0 0 553 310334 16315
25.286625 -0.202937 -0.01791 6.00183 60983 1.0000007 282045 103396 6 2 500685.82 9.3873904 22.1003 25.286625 194 1022206 223567 40334 298 0 0 0 0 0 0 553 310322 16795
25.293375 -0.202937 -0.017203 6.00183 60984 1.0000007 282146 103473 6 2 494932.18 9.3873904 22.1003 25.293375 238 1022432 223982 40362 299 0 0 0 0 0 0 553 310420 16602
25.3 -0.202937 -0.016509 6.00183 60986 1.0000007 282066 103428 6 2 489774.78 9.3873904 22.1003 25.3 242 1022210 222222 39865 300 0 0 0 0 0 0 553 310350 16429
