Eta  H  K  L  Epoch  Sec  ion1  Hubmon  scan_bar  Filters  Correct  Qmag  Energy  Graze  p_peak  p_total  p_del_s  p_nu_s  p_image  p_xcen  p_xsig  p_ycen  p_ysig  power  tempsp  gun_on  ion0  p_point
23.1 0.194824 -0.246573 5.99664 45788 1.0000007 281580 103980 6 2 497078.62 9.3867431 22.1003 23.1 92 1028599 224021 40472 0 0 0 0 0 0 0 553 309575 16674
23.106625 0.194824 -0.24588 5.99667 45790 1.0000007 281506 103825 6 2 493590.66 9.3867431 22.1003 23.106625 97 1029511 224133 40376 1 0 0 0 0 0 0 553 309499 16557
23.113375 0.194824 -0.245173 5.9967 45791 1.0000007 281565 103900 5 2 497525.79 9.3867431 22.1003 23.113375 94 1028612 223984 40278 2 0 0 0 0 0 0 553 309553 16689
23.12 0.194824 -0.24448 5.99673 45793 1.0000007 281451 103913 6 2 496661.26 9.3867431 22.1003 23.12 86 1028753 224040 40554 3 0 0 0 0 0 0 553 309435 16660
23.126625 0.194824 -0.243787 5.99676 45794 1.0000007 281503 103860 5 2 495081.24 9.3867431 22.1003 23.126625 95 1028753 223709 40430 4 0 0 0 0 0 0 553 309529 16607
23.133375 0.194824 -0.24308 5.99679 45796 1.0000007 281447 103879 6 2 496154.46 9.3867431 22.1003 23.133375 92 1029659 224019 40371 5 0 0 0 0 0 0 553 309436 16643
23.14 0.194824 -0.242387 5.99682 45797 1.0000007 281398 103767 5 2 495826.53 9.3867431 22.1003 23.14 86 1029713 224942 40275 6 0 0 0 0 0 0 553 309384 16632
23.146625 0.194824 -0.241693 5.99684 45799 1.0000007 281395 103757 6 2 495617.85 9.3867431 22.1003 23.146625 96 1031784 224996 40404 7 0 0 0 0 0 0 553 309388 16625
23.153375 0.194824 -0.240987 5.99687 45800 1.0000007 281571 103938 5 2 500506.95 9.3867431 22.1003 23.153375 90 1031525 224553 40565 8 0 0 0 0 0 0 553 309559 16789
23.16 0.194824 -0.240293 5.9969 45802 1.0000007 281441 103874 5 2 497495.98 9.3867431 22.1003 23.16 88 1031110 225120 40275 9 0 0 0 0 0 0 553 309457 16688
23.166625 0.194824 -0.2396 5.99693 45803 1.0000007 281408 103817 5 2 497525.79 9.3867431 22.1003 23.166625 89 1031858 224607 40288 10 0 0 0 0 0 0 553 309410 16689
23.173375 0.194824 -0.238894 5.99696 45804 1.0000007 281476 103849 6 2 502683.2 9.3867431 22.1003 23.173375 86 1030643 224132 40671 11 0 0 0 0 0 0 553 309473 16862
23.18 0.194824 -0.2382 5.99698 45806 1.0000007 281435 103831 5 2 496631.44 9.3867431 22.1003 23.18 89 1031190 224912 40381 12 0 0 0 0 0 0 553 309433 16659
23.186625 0.194824 -0.237507 5.99701 45807 1.0000007 281409 103809 6 2 494008.02 9.3867431 22.1003 23.186625 98 1032246 225531 40598 13 0 0 0 0 0 0 553 309414 16571
23.193375 0.194824 -0.2368 5.99704 45809 1.0000007 281457 103867 5 2 491712.53 9.3867431 22.1003 23.193375 88 1031396 224544 40345 14 0 0 0 0 0 0 553 309444 16494
23.2 0.194824 -0.236107 5.99707 45810 1.0000007 281344 103745 6 2 499821.29 9.3867431 22.1003 23.2 94 1031992 224753 40247 15 0 0 0 0 0 0 553 309349 16766
23.206625 0.194824 -0.235413 5.99709 45812 1.0000007 281305 103761 6 2 501192.62 9.3867431 22.1003 23.206625 99 1033745 225522 40866 16 0 0 0 0 0 0 553 309299 16812
23.213375 0.194824 -0.234707 5.99712 45813 1.0000007 281273 103700 5 2 497645.04 9.3867431 22.1003 23.213375 88 1032320 225211 40477 17 0 0 0 0 0 0 553 309269 16693
23.22 0.194824 -0.234013 5.99715 45815 1.0000007 281258 103704 6 2 498390.33 9.3867431 22.1003 23.22 99 1032653 225014 40617 18 0 0 0 0 0 0 553 309267 16718
23.226625 0.194824 -0.23332 5.99718 45816 1.0000007 282325 104144 6 2 499135.62 9.3867431 22.1003 23.226625 86 1036139 225502 40743 19 0 0 0 0 0 0 553 310325 16743
23.233375 0.194824 -0.232613 5.9972 45818 1.0000007 282250 104070 5 2 508734.95 9.3867431 22.1003 23.233375 90 1038248 226621 41093 20 0 0 0 0 0 0 553 310255 17065
23.24 0.194824 -0.23192 5.99723 45819 1.0000007 282334 104129 5 2 505515.3 9.3867431 22.1003 23.24 100 1038251 226733 40784 21 0 0 0 0 0 0 553 310338 16957
23.246625 0.194824 -0.231227 5.99726 45821 1.0000007 282143 103995 6 2 502414.89 9.3867431 22.1003 23.246625 87 1039221 226466 40344 22 0 0 0 0 0 0 553 310141 16853
23.253375 0.194824 -0.23052 5.99728 45822 1.0000007 282083 103989 6 2 501282.05 9.3867431 22.1003 23.253375 88 1036239 226117 40966 23 0 0 0 0 0 0 553 310065 16815
23.26 0.194824 -0.229827 5.99731 45824 1.0000007 282050 103977 6 2 502325.46 9.3867431 22.1003 23.26 84 1038915 226306 40482 24 0 0 0 0 0 0 553 310063 16850
23.266625 0.194824 -0.229133 5.99734 45825 1.0000007 282198 103982 7 2 498569.2 9.3867431 22.1003 23.266625 91 1038273 226021 40592 25 0 0 0 0 0 0 553 310205 16724
23.273375 0.194824 -0.228427 5.99736 45827 1.0000007 281990 103851 6 2 502295.65 9.3867431 22.1003 23.273375 104 1037821 226465 40875 26 0 0 0 0 0 0 553 309998 16849
23.28 0.194824 -0.227733 5.99739 45828 1.0000007 281856 103777 5 2 500119.4 9.3867431 22.1003 23.28 91 1037221 226350 40909 27 0 0 0 0 0 0 553 309845 16776
23.286625 0.194824 -0.22704 5.99742 45830 1.0000007 281960 103822 5 2 499642.42 9.3867431 22.1003 23.286625 86 1039843 226906 41098 28 0 0 0 0 0 0 553 309977 16760
23.293375 0.194824 -0.226333 5.99744 45831 1.0000007 281811 103779 6 2 501371.49 9.3867431 22.1003 23.293375 92 1037497 226033 40503 29 0 0 0 0 0 0 553 309835 16818
23.3 0.194824 -0.22564 5.99747 45833 1.0000007 281764 103711 6 2 512938.39 9.3867431 22.1003 23.3 91 1037247 226984 41285 30 0 0 0 0 0 0 553 309771 17206
23.306625 0.194824 -0.224946 5.9975 45834 1.0000007 281669 103610 7 2 500238.65 9.3867431 22.1003 23.306625 88 1038991 226323 40685 31 0 0 0 0 0 0 553 309694 16780
23.313375 0.194824 -0.22424 5.99752 45836 1.0000007 281660 103613 5 2 510285.16 9.3867431 22.1003 23.313375 91 1039227 227255 41051 32 0 0 0 0 0 0 553 309678 17117
23.32 0.194824 -0.223546 5.99755 45837 1.0000007 281598 103580 7 2 502086.97 9.3867431 22.1003 23.32 86 1038103 227012 40930 33 0 0 0 0 0 0 553 309599 16842
23.326625 0.194824 -0.222853 5.99757 45838 1.0000007 281581 103561 6 2 499672.23 9.3867431 22.1003 23.326625 87 1039506 226583 40716 34 0 0 0 0 0 0 553 309594 16761
23.333375 0.194824 -0.222146 5.9976 45840 1.0000007 281437 103483 7 2 502713.01 9.3867431 22.1003 23.333375 94 1036805 226595 40659 35 0 0 0 0 0 0 553 309459 16863
23.34 0.194824 -0.221452 5.99763 45841 1.0000007 281469 103436 5 2 503368.87 9.3867431 22.1003 23.34 88 1038832 226469 40574 36 0 0 0 0 0 0 553 309463 16885
23.346625 0.194824 -0.220759 5.99765 45843 1.0000007 281359 103447 7 2 507005.88 9.3867431 22.1003 23.346625 93 1038838 226671 40910 37 0 0 0 0 0 0 553 309369 17007
23.353375 0.194824 -0.220052 5.99768 45844 1.0000007 281288 103401 6 2 502981.32 9.3867431 22.1003 23.353375 91 1039470 227441 40590 38 0 0 0 0 0 0 553 309314 16872
23.36 0.194824 -0.219359 5.9977 45846 1.0000007 281266 103301 6 2 499731.85 9.3867431 22.1003 23.36 94 1040313 226706 40876 39 0 0 0 0 0 0 553 309278 16763
23.366625 0.194824 -0.218665 5.99773 45847 1.0000007 281203 103254 6 2 503458.3 9.3867431 22.1003 23.366625 93 1039022 227398 40790 40 0 0 0 0 0 0 553 309227 16888
23.373375 0.194824 -0.217959 5.99775 45849 1.0000007 281256 103376 5 2 501908.1 9.3867431 22.1003 23.373375 89 1039770 227558 40985 41 0 0 0 0 0 0 553 309285 16836
23.38 0.194824 -0.217265 5.99778 45850 1.0000007 281043 103176 5 2 494127.27 9.3867431 22.1003 23.38 93 1038359 226683 40850 42 0 0 0 0 0 0 553 309052 16575
23.386625 0.194824 -0.216572 5.9978 45852 1.0000007 281267 103239 5 2 500805.07 9.3867431 22.1003 23.386625 90 1042189 228173 41091 43 0 0 0 0 0 0 553 309298 16799
23.393375 0.194824 -0.215865 5.99783 45853 1.0000007 281134 103225 5 2 496571.82 9.3867431 22.1003 23.393375 88 1041577 227556 40980 44 0 0 0 0 0 0 553 309159 16657
23.4 0.194824 -0.215172 5.99785 45855 1.0000007 281044 103130 5 2 504293.03 9.3867431 22.1003 23.4 89 1040516 227362 40802 45 0 0 0 0 0 0 553 309060 16916
23.406625 0.194824 -0.214478 5.99788 45856 1.0000007 281071 103123 6 2 504531.52 9.3867431 22.1003 23.406625 85 1042000 227927 40938 46 0 0 0 0 0 0 553 309098 16924
23.413375 0.194824 -0.213772 5.9979 45858 1.0000007 280957 103133 5 2 506260.59 9.3867431 22.1003 23.413375 95 1041767 228056 41147 47 0 0 0 0 0 0 553 308962 16982
23.42 0.194824 -0.213078 5.99793 45859 1.0000007 280961 103062 5 2 517618.81 9.3867431 22.1003 23.42 90 1044628 228598 41545 48 0 0 0 0 0 0 553 308953 17363
23.426625 0.194824 -0.212384 5.99795 45861 1.0000007 280886 103044 6 2 508794.58 9.3867431 22.1003 23.426625 87 1043699 228451 41215 49 0 0 0 0 0 0 553 308911 17067
23.433375 0.194824 -0.211678 5.99798 45862 1.0000007 280823 103058 5 2 507721.36 9.3867431 22.1003 23.433375 86 1041118 227727 41233 50 0 0 0 0 0 0 553 308828 17031
23.44 0.194824 -0.210984 5.998 45864 1.0000007 280870 103004 6 2 510016.85 9.3867431 22.1003 23.44 94 1043051 228521 41405 51 0 0 0 0 0 0 553 308871 17108
23.446625 0.194824 -0.210291 5.99803 45865 1.0000007 280842 102995 7 2 507244.37 9.3867431 22.1003 23.446625 91 1042309 228365 41056 52 0 0 0 0 0 0 553 308851 17015
23.453375 0.194824 -0.209584 5.99805 45867 1.0000007 280804 102975 6 2 508556.08 9.3867431 22.1003 23.453375 86 1047196 229570 41259 53 0 0 0 0 0 0 553 308809 17059
23.46 0.194824 -0.208891 5.99808 45868 1.0000007 280730 102942 5 2 502146.59 9.3867431 22.1003 23.46 90 1047306 229966 41134 54 0 0 0 0 0 0 553 308726 16844
23.466625 0.194824 -0.208197 5.9981 45870 1.0000007 280743 102891 6 2 506320.21 9.3867431 22.1003 23.466625 88 1045256 229250 41315 55 0 0 0 0 0 0 553 308765 16984
23.473375 0.194824 -0.20749 5.99812 45871 1.0000007 280714 102913 5 2 506022.1 9.3867431 22.1003 23.473375 98 1046152 229064 41257 56 0 0 0 0 0 0 553 308732 16974
23.48 0.194824 -0.206797 5.99815 45872 1.0000007 280573 102800 5 2 508407.03 9.3867431 22.1003 23.48 91 1047248 229680 41257 57 0 0 0 0 0 0 553 308607 17054
23.486625 0.194824 -0.206103 5.99817 45874 1.0000007 280548 102754 5 2 511477.62 9.3867431 22.1003 23.486625 92 1045932 228420 41298 58 0 0 0 0 0 0 553 308557 17157
23.493375 0.194824 -0.205397 5.9982 45875 1.0000007 280275 102653 5 2 510821.77 9.3867431 22.1003 23.493375 88 1046967 229729 41443 59 0 0 0 0 0 0 553 308283 17135
23.5 0.194824 -0.204703 5.99822 45877 1.0000007 280613 102842 6 2 510941.01 9.3867431 22.1003 23.5 87 1048242 230178 41614 60 0 0 0 0 0 0 553 308646 17139
23.506625 0.194824 -0.20401 5.99824 45878 1.0000007 280493 102769 5 2 512640.27 9.3867431 22.1003 23.506625 91 1049946 229760 41602 61 0 0 0 0 0 0 553 308509 17196
23.513375 0.194824 -0.203303 5.99827 45880 1.0000007 280417 102716 6 2 507274.19 9.3867431 22.1003 23.513375 89 1048646 229812 41260 62 0 0 0 0 0 0 553 308445 17016
23.52 0.194824 -0.202609 5.99829 45881 1.0000007 280504 102778 6 2 509152.32 9.3867431 22.1003 23.52 90 1050524 230860 41512 63 0 0 0 0 0 0 553 308534 17079
23.526625 0.194824 -0.201916 5.99831 45883 1.0000007 280344 102603 7 2 514101.04 9.3867431 22.1003 23.526625 93 1050026 230582 41810 64 0 0 0 0 0 0 553 308372 17245
23.533375 0.194824 -0.201209 5.99834 45884 1.0000007 280312 102669 6 2 516605.22 9.3867431 22.1003 23.533375 93 1052514 232432 41916 65 0 0 0 0 0 0 553 308342 17329
23.54 0.194824 -0.200516 5.99836 45886 1.0000007 280172 102579 5 2 515412.75 9.3867431 22.1003 23.54 93 1051576 231139 41934 66 0 0 0 0 0 0 553 308200 17289
23.546625 0.194824 -0.199822 5.99838 45887 1.0000007 280258 102600 5 2 513594.24 9.3867431 22.1003 23.546625 91 1053502 231415 41711 67 0 0 0 0 0 0 553 308295 17228
23.553375 0.194824 -0.199115 5.99841 45889 1.0000007 280274 102592 6 2 510344.78 9.3867431 22.1003 23.553375 88 1052715 231511 41542 68 0 0 0 0 0 0 553 308314 17119
23.56 0.194824 -0.198422 5.99843 45890 1.0000007 280140 102492 6 2 517141.83 9.3867431 22.1003 23.56 89 1053180 232422 41869 69 0 0 0 0 0 0 553 308162 17347
23.566625 0.194824 -0.197728 5.99845 45892 1.0000007 280226 102530 6 2 517916.93 9.3867431 22.1003 23.566625 92 1054038 232033 41909 70 0 0 0 0 0 0 553 308263 17373
23.573375 0.194824 -0.197021 5.99848 45893 1.0000007 280002 102439 5 2 521553.94 9.3867431 22.1003 23.573375 91 1056412 232598 42076 71 0 0 0 0 0 0 553 308032 17495
23.58 0.194824 -0.196328 5.9985 45895 1.0000007 280175 102546 5 2 505038.32 9.3867431 22.1003 23.58 87 1056429 233417 41755 72 0 0 0 0 0 0 553 308218 16941
23.586625 0.194824 -0.195634 5.99852 45896 1.0000007 280077 102522 6 2 520629.78 9.3867431 22.1003 23.586625 84 1055705 233973 42364 73 0 0 0 0 0 0 553 308115 17464
23.593375 0.194824 -0.194928 5.99855 45898 1.0000007 280055 102441 5 2 513743.3 9.3867431 22.1003 23.593375 92 1057575 233546 42263 74 0 0 0 0 0 0 553 308095 17233
23.6 0.194824 -0.194234 5.99857 45899 1.0000007 280013 102444 5 2 524713.97 9.3867431 22.1003 23.6 95 1060986 234967 42528 75 0 0 0 0 0 0 553 308040 17601
23.606625 0.194824 -0.19354 5.99859 45901 1.0000007 279954 102327 5 2 524386.04 9.3867431 22.1003 23.606625 88 1057662 234333 42485 76 0 0 0 0 0 0 553 307993 17590
23.613375 0.194824 -0.192834 5.99861 45902 1.0000007 279918 102333 4 2 523640.75 9.3867431 22.1003 23.613375 91 1061010 235523 42892 77 0 0 0 0 0 0 553 307946 17565
23.62 0.194824 -0.19214 5.99864 45904 1.0000007 279981 102407 5 2 532047.63 9.3867431 22.1003 23.62 92 1062676 235813 42659 78 0 0 0 0 0 0 553 308024 17847
23.626625 0.194824 -0.191446 5.99866 45905 1.0000007 279903 102365 5 2 530914.78 9.3867431 22.1003 23.626625 91 1063501 236067 42695 79 0 0 0 0 0 0 553 307936 17809
23.633375 0.194824 -0.19074 5.99868 45907 1.0000007 279865 102328 5 2 529424.2 9.3867431 22.1003 23.633375 91 1062914 235843 42839 80 0 0 0 0 0 0 553 307892 17759
23.64 0.194824 -0.190046 5.9987 45908 1.0000007 279893 102328 5 2 530855.16 9.3867431 22.1003 23.64 92 1063714 237634 43144 81 0 0 0 0 0 0 553 307921 17807
23.646625 0.194824 -0.189352 5.99872 45910 1.0000007 279802 102291 4 2 528261.55 9.3867431 22.1003 23.646625 90 1067529 237178 43040 82 0 0 0 0 0 0 553 307829 17720
23.653375 0.194824 -0.188646 5.99875 45911 1.0000007 279760 102239 5 2 542690.37 9.3867431 22.1003 23.653375 88 1067218 237419 43478 83 0 0 0 0 0 0 553 307785 18204
23.66 0.194824 -0.187952 5.99877 45913 1.0000007 279742 102205 6 2 530914.78 9.3867431 22.1003 23.66 89 1068146 238334 43319 84 0 0 0 0 0 0 553 307781 17809
23.666625 0.194824 -0.187259 5.99879 45914 1.0000007 279670 102214 5 2 541676.77 9.3867431 22.1003 23.666625 92 1071998 239751 43718 85 0 0 0 0 0 0 553 307690 18170
23.673375 0.194824 -0.186552 5.99881 45916 1.0000007 279581 102087 5 2 534760.48 9.3867431 22.1003 23.673375 95 1071722 240106 43666 86 0 0 0 0 0 0 553 307640 17938
23.68 0.194824 -0.185858 5.99883 45917 1.0000007 279695 102163 7 2 536221.25 9.3867431 22.1003 23.68 86 1073430 241126 44019 87 0 0 0 0 0 0 553 307745 17987
23.686625 0.194824 -0.185165 5.99886 45919 1.0000007 279569 102121 5 2 548414.19 9.3867431 22.1003 23.686625 90 1075749 241844 44115 88 0 0 0 0 0 0 553 307607 18396
23.693375 0.194824 -0.184458 5.99888 45920 1.0000007 279447 102016 6 2 537115.6 9.3867431 22.1003 23.693375 91 1077815 242399 44129 89 0 0 0 0 0 0 553 307492 18017
23.7 0.194824 -0.183764 5.9989 45922 1.0000007 279528 102075 5 2 548444.01 9.3867431 22.1003 23.7 91 1078741 243140 44285 90 0 0 0 0 0 0 553 307567 18397
23.706625 0.194824 -0.183071 5.99892 45923 1.0000007 279432 102033 6 2 543942.45 9.3867431 22.1003 23.706625 95 1078257 243449 44302 91 0 0 0 0 0 0 553 307460 18246
23.713375 0.194824 -0.182364 5.99894 45925 1.0000007 279322 101958 5 2 547013.05 9.3867431 22.1003 23.713375 88 1080331 244815 44656 92 0 0 0 0 0 0 553 307343 18349
23.72 0.194824 -0.18167 5.99896 45926 1.0000007 279347 101931 5 2 552766.69 9.3867431 22.1003 23.72 90 1083629 245665 44796 93 0 0 0 0 0 0 553 307369 18542
23.726625 0.194824 -0.180976 5.99898 45928 1.0000007 279205 101847 5 2 553273.48 9.3867431 22.1003 23.726625 91 1082386 246368 45013 94 0 0 0 0 0 0 553 307246 18559
23.733375 0.194824 -0.18027 5.999 45929 1.0000007 279399 101967 5 2 562216.96 9.3867431 22.1003 23.733375 93 1087928 248959 45396 95 0 0 0 0 0 0 553 307444 18859
23.74 0.194824 -0.179576 5.99902 45931 1.0000007 279179 101804 6 2 563319.99 9.3867431 22.1003 23.74 96 1087921 248752 45741 96 0 0 0 0 0 0 553 307228 18896
23.746625 0.194824 -0.178882 5.99905 45932 1.0000007 279226 101829 4 2 562693.95 9.3867431 22.1003 23.746625 97 1091353 250633 45884 97 0 0 0 0 0 0 553 307268 18875
23.753375 0.194824 -0.178176 5.99907 45933 1.0000007 279017 101766 5 2 565376.99 9.3867431 22.1003 23.753375 102 1093334 252491 46556 98 0 0 0 0 0 0 553 307040 18965
23.76 0.194824 -0.177482 5.99909 45935 1.0000007 279100 101774 6 2 572978.95 9.3867431 22.1003 23.76 102 1095772 254220 46774 99 0 0 0 0 0 0 553 307149 19220
23.766625 0.194824 -0.176788 5.99911 45936 1.0000007 280224 102204 6 2 572263.47 9.3867431 22.1003 23.766625 110 1102225 256552 47160 100 0 0 0 0 0 0 553 308264 19196
23.773375 0.194824 -0.176082 5.99913 45938 1.0000007 280180 102176 6 2 581833 9.3867431 22.1003 23.773375 111 1107426 259436 47519 101 0 0 0 0 0 0 553 308232 19517
23.78 0.194824 -0.175388 5.99915 45939 1.0000007 280164 102186 5 2 585887.37 9.3867431 22.1003 23.78 124 1109314 261944 48114 102 0 0 0 0 0 0 553 308221 19653
23.786625 0.194824 -0.174694 5.99917 45941 1.0000007 280206 102183 5 2 590806.29 9.3867431 22.1003 23.786625 124 1113866 264232 48520 103 0 0 0 0 0 0 553 308236 19818
23.793375 0.194824 -0.173988 5.99919 45942 1.0000007 280216 102215 4 2 591432.33 9.3867431 22.1003 23.793375 139 1118006 266749 48830 104 0 0 0 0 0 0 553 308274 19839
23.8 0.194824 -0.173294 5.99921 45944 1.0000007 280240 102226 6 2 599153.54 9.3867431 22.1003 23.8 149 1123582 271392 49765 105 0 0 0 0 0 0 553 308278 20098
23.806625 0.194824 -0.1726 5.99923 45945 1.0000007 280144 102185 5 2 599809.39 9.3867431 22.1003 23.806625 144 1124720 273301 49763 106 0 0 0 0 0 0 553 308180 20120
23.813375 0.194824 -0.171893 5.99925 45947 1.0000007 279928 102059 5 2 604191.7 9.3867431 22.1003 23.813375 173 1130485 278991 50710 107 0 0 0 0 0 0 553 307960 20267
23.82 0.194824 -0.1712 5.99927 45948 1.0000007 280029 102113 5 2 625149.25 9.3867431 22.1003 23.82 208 1138344 283628 51665 108 0 0 0 0 0 0 553 308092 20970
23.826625 0.194824 -0.170506 5.99929 45950 1.0000007 280047 102165 5 2 619455.24 9.3867431 22.1003 23.826625 233 1144847 289862 52580 109 0 0 0 0 0 0 553 308107 20779
23.833375 0.194824 -0.169799 5.99931 45951 1.0000007 280117 102159 4 2 642887.15 9.3867431 22.1003 23.833375 268 1152725 297849 53815 110 0 0 0 0 0 0 553 308162 21565
23.84 0.194824 -0.169106 5.99933 45953 1.0000007 279914 102108 5 2 647418.52 9.3867431 22.1003 23.84 336 1163744 305899 54689 111 0 0 0 0 0 0 553 307956 21717
23.846625 0.194824 -0.168412 5.99935 45954 1.0000007 280042 102075 5 2 652605.74 9.3867431 22.1003 23.846625 428 1173652 316258 56248 112 0 0 0 0 0 0 553 308072 21891
23.853375 0.194824 -0.167705 5.99937 45956 1.0000007 279994 102080 6 2 662920.55 9.3867431 22.1003 23.853375 531 1186326 330000 57492 113 0 0 0 0 0 0 553 308017 22237
23.86 0.194824 -0.167011 5.99939 45957 1.0000007 279968 102066 5 2 672400.64 9.3867431 22.1003 23.86 812 1205063 346365 58694 114 0 0 0 0 0 0 553 308022 22555
23.866625 0.194824 -0.166318 5.99941 45959 1.0000007 280000 102104 5 2 686263.03 9.3867431 22.1003 23.866625 1149 1226625 368337 60913 115 0 0 0 0 0 0 553 308045 23020
23.873375 0.194824 -0.165611 5.99943 45960 1.0000007 279984 102056 5 2 704328.86 9.3867431 22.1003 23.873375 1814 1256886 398723 63308 116 0 0 0 0 0 0 553 308017 23626
23.88 0.194824 -0.164917 5.99945 45962 1.0000007 279824 102014 5 2 728863.81 9.3867431 22.1003 23.88 3073 1297497 440180 65583 117 0 0 0 0 0 0 553 307855 24449
23.886625 0.194824 -0.164223 5.99946 45963 1.0000007 279969 102097 5 2 730324.58 9.3867431 22.1003 23.886625 4977 1357663 499590 67765 118 0 0 0 0 0 0 553 308017 24498
23.893375 0.194824 -0.163517 5.99948 45965 1.0000007 279756 101993 6 2 749314.57 9.3867431 22.1003 23.893375 8777 1446903 590047 71774 119 0 0 0 0 0 0 553 307786 25135
23.9 0.194824 -0.162823 5.9995 45966 1.0000007 279930 102033 5 2 778500.12 9.3867431 22.1003 23.9 14669 1581376 721327 75889 120 0 0 0 0 0 0 553 307994 26114
23.906625 0.194824 -0.162129 5.99952 45968 1.0000007 280032 102161 5 2 796446.71 9.3867431 22.1003 23.906625 24318 1770071 910493 80461 121 0 0 0 0 0 0 553 308072 26716
23.913375 0.194824 -0.161422 5.99954 45969 1.0000007 280046 102136 5 2 828673.05 9.3867431 22.1003 23.913375 44770 2056500 1198304 87624 122 0 0 0 0 0 0 553 308078 27797
23.92 0.194824 -0.160729 5.99956 45971 1.0000007 279985 102123 6 2 847543.79 9.3867431 22.1003 23.92 90889 2525273 1667577 94699 123 0 0 0 0 0 0 553 308024 28430
23.926625 0.194824 -0.160035 5.99958 45972 1.0000007 279910 102105 7 2 878905.59 9.3867431 22.1003 23.926625 175376 3291829 2432355 104952 124 0 0 0 0 0 0 553 307935 29482
23.933375 0.194824 -0.159328 5.9996 45973 1.0000007 280076 102191 5 2 915782.54 9.3867431 22.1003 23.933375 289037 4307232 3445584 118193 125 0 0 0 0 0 0 553 308096 30719
23.94 0.194824 -0.158635 5.99962 45975 1.0000007 279999 102101 5 2 965180.36 9.3867431 22.1003 23.94 402403 5326696 4463819 135164 126 0 0 0 0 0 0 553 308043 32376
23.946625 0.194824 -0.157941 5.99963 45976 1.0000007 280049 102162 5 2 991831.93 9.3867431 22.1003 23.946625 523233 6228483 5367134 152724 127 0 0 0 0 0 0 553 308065 33270
23.953375 0.194824 -0.157234 5.99965 45978 1.0000007 279952 102098 5 2 1052975.5 9.3867431 22.1003 23.953375 558172 6954120 6090845 174732 128 0 0 0 0 0 0 553 307969 35321
23.96 0.194824 -0.15654 5.99967 45979 1.0000007 280158 102337 6 2 1100584.6 9.3867431 22.1003 23.96 502987 7771095 6907381 201702 129 0 0 0 0 0 0 553 308197 36918
23.966625 0.194824 -0.155846 5.99969 45981 1.0000007 280187 102294 6 2 1155020.6 9.3867431 22.1003 23.966625 556131 8442092 7577443 232173 130 0 0 0 0 0 0 553 308227 38744
23.973375 0.194824 -0.15514 5.99971 45982 1.0000007 280192 102249 6 2 1199738 9.3867431 22.1003 23.973375 567490 8438430 7575084 262064 131 0 0 0 0 0 0 553 308257 40244
23.98 0.194824 -0.154446 5.99972 45984 1.0000007 280328 102388 5 2 1228297.5 9.3867431 22.1003 23.98 560349 7845602 6981419 296650 132 0 0 0 0 0 0 553 308367 41202
23.986625 0.194824 -0.153752 5.99974 45985 1.0000007 280166 102316 5 2 1276294.2 9.3867431 22.1003 23.986625 557478 7300246 6437595 333544 133 0 0 0 0 0 0 553 308185 42812
23.993375 0.194824 -0.153045 5.99976 45987 1.0000007 280211 102403 5 2 1281153.5 9.3867431 22.1003 23.993375 451306 6591310 5730121 369686 134 0 0 0 0 0 0 553 308227 42975
24 0.194824 -0.152352 5.99978 45988 1.0000007 280358 102473 6 2 1297579.7 9.3867431 22.1003 24 346278 5359935 4498065 393103 135 0 0 0 0 0 0 553 308381 43526
24.006625 0.194824 -0.151658 5.9998 45990 1.0000007 280377 102516 5 2 1281242.9 9.3867431 22.1003 24.006625 203861 4374338 3512694 408060 136 0 0 0 0 0 0 553 308393 42978
24.013375 0.194824 -0.150951 5.99981 45991 1.0000007 280380 102518 5 2 1261925 9.3867431 22.1003 24.013375 185534 3975378 3115421 426127 137 0 0 0 0 0 0 553 308391 42330
24.02 0.194824 -0.150257 5.99983 45993 1.0000007 280306 102475 5 2 1269228.9 9.3867431 22.1003 24.02 194815 3758166 2898014 438853 138 0 0 0 0 0 0 553 308329 42575
24.026625 0.194824 -0.149564 5.99985 45994 1.0000007 280461 102582 6 2 1248181.9 9.3867431 22.1003 24.026625 162679 3281354 2421856 410780 139 0 0 0 0 0 0 553 308496 41869
24.033375 0.194824 -0.148857 5.99987 45995 1.0000007 280368 102619 6 2 1214345.7 9.3867431 22.1003 24.033375 113494 2692098 1833519 347076 140 0 0 0 0 0 0 553 308412 40734
24.04 0.194824 -0.148163 5.99988 45997 1.0000007 280530 102669 5 2 1179525.8 9.3867431 22.1003 24.04 68682 2188023 1329763 281035 141 0 0 0 0 0 0 553 308569 39566
24.046625 0.194824 -0.147469 5.9999 45998 1.0000007 280561 102680 5 2 1172400.8 9.3867431 22.1003 24.046625 32607 1852282 994443 231994 142 0 0 0 0 0 0 553 308575 39327
24.053375 0.194824 -0.146762 5.99992 46000 1.0000007 280745 102794 6 2 1167601.1 9.3867431 22.1003 24.053375 14789 1640378 781037 196535 143 0 0 0 0 0 0 553 308773 39166
24.06 0.194824 -0.146069 5.99993 46001 1.0000007 280711 102798 5 2 1156809.3 9.3867431 22.1003 24.06 6954 1515430 656137 170547 144 0 0 0 0 0 0 553 308737 38804
24.066625 0.194824 -0.145375 5.99995 46003 1.0000007 280701 102727 6 2 1159343.3 9.3867431 22.1003 24.066625 3899 1435519 577491 150461 145 0 0 0 0 0 0 553 308724 38889
24.073375 0.194824 -0.144668 5.99997 46004 1.0000007 280776 102787 6 2 1182179 9.3867431 22.1003 24.073375 2170 1386458 527212 135338 146 0 0 0 0 0 0 553 308773 39655
24.08 0.194824 -0.143974 5.99998 46006 1.0000007 280743 102843 6 2 1172877.8 9.3867431 22.1003 24.08 1250 1351084 491580 123998 147 0 0 0 0 0 0 553 308779 39343
24.086625 0.194824 -0.14328 6 46007 1.0000007 280880 102912 5 2 1181672.2 9.3867431 22.1003 24.086625 852 1327079 466767 116845 148 0 0 0 0 0 0 553 308895 39638
24.093375 0.194824 -0.142574 6.00002 46009 1.0000007 280779 102905 6 2 1203017.3 9.3867431 22.1003 24.093375 673 1308604 450230 112399 149 0 0 0 0 0 0 553 308803 40354
24.1 0.194824 -0.14188 6.00003 46010 1.0000007 280898 102939 5 2 1226657.9 9.3867431 22.1003 24.1 519 1295849 436528 108611 150 0 0 0 0 0 0 553 308905 41147
24.106625 0.194824 -0.141186 6.00005 46012 1.0000007 280910 102953 5 2 1238731.6 9.3867431 22.1003 24.106625 436 1284987 426296 105768 151 0 0 0 0 0 0 553 308946 41552
24.113375 0.194824 -0.140479 6.00007 46013 1.0000007 280925 102985 6 2 1269527 9.3867431 22.1003 24.113375 356 1277664 416832 103850 152 0 0 0 0 0 0 553 308938 42585
24.12 0.194824 -0.139785 6.00008 46015 1.0000007 280857 102975 5 2 1279066.7 9.3867431 22.1003 24.12 299 1270269 410564 102383 153 0 0 0 0 0 0 553 308865 42905
24.126625 0.194824 -0.139092 6.0001 46016 1.0000007 280989 103044 5 2 1320713.5 9.3867431 22.1003 24.126625 265 1264543 406667 102245 154 0 0 0 0 0 0 553 309012 44302
24.133375 0.194824 -0.138385 6.00012 46018 1.0000007 281123 103132 4 2 1320117.3 9.3867431 22.1003 24.133375 274 1258648 399348 100361 155 0 0 0 0 0 0 553 309152 44282
24.14 0.194824 -0.137691 6.00013 46019 1.0000007 281912 103541 6 2 1343191.4 9.3867431 22.1003 24.14 286 1261201 398419 100603 156 0 0 0 0 0 0 553 309907 45056
24.146625 0.194824 -0.136997 6.00015 46021 1.0000007 282088 103477 5 2 1369604.5 9.3867431 22.1003 24.146625 332 1259778 396692 101324 157 0 0 0 0 0 0 553 310074 45942
24.153375 0.194824 -0.13629 6.00016 46022 1.0000007 281527 103235 6 2 1365699.2 9.3867431 22.1003 24.153375 316 1250743 391699 100386 158 0 0 0 0 0 0 553 309518 45811
24.16 0.194824 -0.135597 6.00018 46023 1.0000007 282189 103680 5 2 1409403 9.3867431 22.1003 24.16 345 1255077 393610 102646 159 0 0 0 0 0 0 553 310166 47277
24.166625 0.194824 -0.134903 6.0002 46025 1.0000007 281959 103458 6 2 1420194.8 9.3867431 22.1003 24.166625 347 1253544 391956 102833 160 0 0 0 0 0 0 553 309946 47639
24.173375 0.194824 -0.134196 6.00021 46026 1.0000007 282137 103628 5 2 1442016.9 9.3867431 22.1003 24.173375 373 1253677 392412 104018 161 0 0 0 0 0 0 553 310138 48371
24.18 0.194824 -0.133502 6.00023 46028 1.0000007 281990 103555 5 2 1440287.8 9.3867431 22.1003 24.18 371 1253385 391066 103507 162 0 0 0 0 0 0 553 309975 48313
24.186625 0.194824 -0.132808 6.00024 46029 1.0000007 282104 103652 5 2 1462765.8 9.3867431 22.1003 24.186625 362 1252713 392212 104676 163 0 0 0 0 0 0 553 310089 49067
24.193375 0.194824 -0.132101 6.00026 46031 1.0000007 282062 103620 6 2 1470278.3 9.3867431 22.1003 24.193375 352 1255131 393492 105287 164 0 0 0 0 0 0 553 310043 49319
24.2 0.194824 -0.131408 6.00027 46033 1.0000007 282071 103610 6 2 1472365.1 9.3867431 22.1003 24.2 367 1257867 395600 106150 165 0 0 0 0 0 0 553 310076 49389
24.206625 0.194824 -0.130714 6.00029 46034 1.0000007 282101 103677 5 2 1463004.3 9.3867431 22.1003 24.206625 428 1256984 397078 105790 166 0 0 0 0 0 0 553 310075 49075
24.213375 0.194824 -0.130007 6.0003 46035 1.0000007 282275 103784 6 2 1441033.1 9.3867431 22.1003 24.213375 514 1260207 399955 105439 167 0 0 0 0 0 0 553 310258 48338
24.22 0.194824 -0.129313 6.00032 46037 1.0000007 282324 103777 5 2 1421864.3 9.3867431 22.1003 24.22 688 1265260 403569 105276 168 0 0 0 0 0 0 553 310323 47695
24.226625 0.194824 -0.128619 6.00033 46038 1.0000007 282297 103816 5 2 1431314.5 9.3867431 22.1003 24.226625 895 1269643 410328 105996 169 0 0 0 0 0 0 553 310268 48012
24.233375 0.194824 -0.127912 6.00035 46040 1.0000007 282331 103836 6 2 1426455.2 9.3867431 22.1003 24.233375 1410 1277826 418391 106204 170 0 0 0 0 0 0 553 310321 47849
24.24 0.194824 -0.127219 6.00036 46041 1.0000007 282301 103847 7 2 1411191.7 9.3867431 22.1003 24.24 2079 1290278 431407 107151 171 0 0 0 0 0 0 553 310282 47337
24.246625 0.194824 -0.126525 6.00038 46043 1.0000007 282341 103869 5 2 1407197 9.3867431 22.1003 24.246625 3038 1306498 448215 107424 172 0 0 0 0 0 0 553 310314 47203
24.253375 0.194824 -0.125818 6.00039 46044 1.0000007 282303 103833 6 2 1427409.2 9.3867431 22.1003 24.253375 4123 1327984 470067 109220 173 0 0 0 0 0 0 553 310284 47881
24.26 0.194824 -0.125124 6.00041 46046 1.0000007 282321 103969 5 2 1421834.5 9.3867431 22.1003 24.26 6628 1356483 497660 110056 174 0 0 0 0 0 0 553 310306 47694
24.266625 0.194824 -0.12443 6.00042 46047 1.0000007 282408 103971 5 2 1420969.9 9.3867431 22.1003 24.266625 9568 1383732 525951 111511 175 0 0 0 0 0 0 553 310360 47665
24.273375 0.194824 -0.123723 6.00044 46049 1.0000007 282483 104031 6 2 1437724 9.3867431 22.1003 24.273375 10274 1410016 552693 113579 176 0 0 0 0 0 0 553 310440 48227
24.28 0.194824 -0.123029 6.00045 46050 1.0000007 282309 103903 6 2 1439095.4 9.3867431 22.1003 24.28 11045 1438121 581763 115254 177 0 0 0 0 0 0 553 310300 48273
24.286625 0.194824 -0.122336 6.00047 46052 1.0000007 282375 103929 5 2 1437962.5 9.3867431 22.1003 24.286625 11516 1469384 613231 117232 178 0 0 0 0 0 0 553 310339 48235
24.293375 0.194824 -0.121629 6.00048 46053 1.0000007 282462 103961 6 2 1399952.7 9.3867431 22.1003 24.293375 12819 1483587 627232 117488 179 0 0 0 0 0 0 553 310443 46960
24.3 0.194824 -0.120935 6.00049 46055 1.0000007 282362 103936 6 2 1407882.6 9.3867431 22.1003 24.3 13053 1511696 656355 121300 180 0 0 0 0 0 0 553 310327 47226
24.306625 0.194824 -0.120241 6.00051 46056 1.0000007 282499 104005 6 2 1425382 9.3867431 22.1003 24.306625 14070 1530686 672708 125001 181 0 0 0 0 0 0 553 310477 47813
24.313375 0.194824 -0.119534 6.00052 46057 1.0000007 282315 103930 5 2 1432179.1 9.3867431 22.1003 24.313375 13495 1544977 690217 128974 182 0 0 0 0 0 0 553 310285 48041
24.32 0.194824 -0.11884 6.00054 46059 1.0000007 282492 104022 6 2 1430986.6 9.3867431 22.1003 24.32 11545 1545259 690379 128751 183 0 0 0 0 0 0 553 310501 48001
24.326625 0.194824 -0.118147 6.00055 46060 1.0000007 282496 104020 5 2 1433103.2 9.3867431 22.1003 24.326625 9609 1562395 707151 130011 184 0 0 0 0 0 0 553 310465 48072
24.333375 0.194824 -0.11744 6.00056 46062 1.0000007 282406 103946 6 2 1402427.1 9.3867431 22.1003 24.333375 8303 1576258 722092 129767 185 0 0 0 0 0 0 553 310368 47043
24.34 0.194824 -0.116746 6.00058 46063 1.0000007 282239 103907 5 2 1394705.9 9.3867431 22.1003 24.34 7117 1616980 762904 130453 186 0 0 0 0 0 0 553 310199 46784
24.346625 0.194824 -0.116052 6.00059 46065 1.0000007 282408 103951 5 2 1361644.8 9.3867431 22.1003 24.346625 6930 1651105 798189 128921 187 0 0 0 0 0 0 553 310371 45675
24.353375 0.194824 -0.115345 6.0006 46066 1.0000007 282247 103923 6 2 1326735.4 9.3867431 22.1003 24.353375 14998 1758501 904085 131582 188 0 0 0 0 0 0 553 310225 44504
24.36 0.194824 -0.114651 6.00062 46068 1.0000007 282234 103901 5 2 1275638.4 9.3867431 22.1003 24.36 66425 2012003 1158376 129815 189 0 0 0 0 0 0 553 310223 42790
24.366625 0.194824 -0.113957 6.00063 46069 1.0000007 282231 103886 5 2 1244843 9.3867431 22.1003 24.366625 247862 2603451 1749561 132025 190 0 0 0 0 0 0 553 310210 41757
24.373375 0.194824 -0.11325 6.00064 46071 1.0000007 282173 103900 6 2 1236167.8 9.3867431 22.1003 24.373375 238532 2924217 2072556 135560 191 0 0 0 0 0 0 553 310143 41466
24.38 0.194824 -0.112557 6.00066 46072 1.0000007 282066 103801 5 2 1249791.7 9.3867431 22.1003 24.38 224672 3151674 2298521 142383 192 0 0 0 0 0 0 553 310041 41923
24.386625 0.194824 -0.111863 6.00067 46074 1.0000007 282106 103945 6 2 1255277 9.3867431 22.1003 24.386625 268797 3404698 2552839 147493 193 0 0 0 0 0 0 553 310088 42107
24.393375 0.194824 -0.111156 6.00068 46075 1.0000007 282075 103867 6 2 1297013.3 9.3867431 22.1003 24.393375 383824 4079691 3228144 155071 194 0 0 0 0 0 0 553 310062 43507
24.4 0.194824 -0.110462 6.0007 46077 1.0000007 282101 103969 4 2 1383675.6 9.3867431 22.1003 24.4 528891 5266585 4413544 164918 195 0 0 0 0 0 0 553 310097 46414
24.406625 0.194824 -0.109768 6.00071 46078 1.0000007 281839 103774 6 2 1504382.8 9.3867431 22.1003 24.406625 720730 6316632 5463912 177047 196 0 0 0 0 0 0 553 309808 50463
24.413375 0.194824 -0.109061 6.00072 46080 1.0000007 281872 103791 6 2 1634331.5 9.3867431 22.1003 24.413375 738495 6154215 5301293 189571 197 0 0 0 0 0 0 553 309873 54822
24.42 0.194824 -0.108367 6.00073 46081 1.0000007 281932 103798 4 2 1773223.8 9.3867431 22.1003 24.42 501438 4934477 4084322 201479 198 0 0 0 0 0 0 553 309922 59481
24.426625 0.194824 -0.107673 6.00075 46083 1.0000007 281844 103837 6 2 2032048.1 9.3867431 22.1003 24.426625 265756 3769469 2921984 216106 199 0 0 0 0 0 0 553 309852 68163
24.433375 0.194824 -0.106966 6.00076 46084 1.0000007 281716 103736 4 2 2398611.5 9.3867431 22.1003 24.433375 113853 3003540 2157273 238315 200 0 0 0 0 0 0 553 309687 80459
24.44 0.194824 -0.106273 6.00077 46086 1.0000007 281713 103714 5 2 2800978.7 9.3867431 22.1003 24.44 54896 2579492 1734583 283498 201 0 0 0 0 0 0 553 309695 93956
24.446625 0.194824 -0.105579 6.00078 46087 1.0000007 281822 103759 5 2 3177976.2 9.3867431 22.1003 24.446625 35440 2353615 1507528 367658 202 0 0 0 0 0 0 553 309814 106602
24.453375 0.194824 -0.104872 6.0008 46089 1.0000007 281690 103726 5 2 3568776.4 9.3867431 22.1003 24.453375 22952 2230152 1386751 463364 203 0 0 0 0 0 0 553 309685 119711
24.46 0.194824 -0.104178 6.00081 46090 1.0000007 281704 103679 4 2 3935459.1 9.3867431 22.1003 24.46 14368 2132338 1290906 522419 204 0 0 0 0 0 0 553 309691 132011
24.466625 0.194824 -0.103484 6.00082 46092 1.0000007 281728 103696 5 2 4389430.2 9.3867431 22.1003 24.466625 18235 2109618 1265258 601115 205 0 0 0 0 0 0 553 309702 147239
24.473375 0.194824 -0.102777 6.00083 46093 1.0000007 281720 103686 5 2 4743174.6 9.3867431 22.1003 24.473375 30927 2136219 1291736 705628 206 0 0 0 0 0 0 553 309703 159105
24.48 0.194824 -0.102083 6.00084 46095 1.0000007 281627 103643 5 2 4937725.1 9.3867431 22.1003 24.48 39950 2135870 1292465 771199 207 0 0 0 0 0 0 553 309627 165631
24.486625 0.194824 -0.101389 6.00086 46096 1.0000007 281663 103633 6 2 4782108.6 9.3867431 22.1003 24.486625 37913 2032891 1190240 723165 208 0 0 0 0 0 0 553 309630 160411
24.493375 0.194824 -0.100682 6.00087 46098 1.0000007 281701 103702 5 2 4331237.9 9.3867431 22.1003 24.493375 27331 1819063 976813 554149 209 0 0 0 0 0 0 553 309677 145287
24.5 0.194824 -0.0999886 6.00088 46099 1.0000007 281773 103654 5 2 3586335.5 9.3867431 22.1003 24.5 14122 1596381 755109 371067 210 0 0 0 0 0 0 553 309760 120300
24.506625 0.194824 -0.0992947 6.00089 46101 1.0000007 281651 103670 5 2 2841850.4 9.3867431 22.1003 24.506625 6139 1441267 600386 245416 211 0 0 0 0 0 0 553 309635 95327
24.513375 0.194824 -0.0985877 6.0009 46102 1.0000007 281703 103674 6 2 2215389.4 9.3867431 22.1003 24.513375 2609 1344333 503731 172274 212 0 0 0 0 0 0 553 309687 74313
24.52 0.194824 -0.0978938 6.00091 46104 1.0000007 281645 103563 4 2 1784254.1 9.3867431 22.1003 24.52 1152 1285163 445985 131758 213 0 0 0 0 0 0 553 309636 59851
24.526625 0.194824 -0.0972 6.00092 46105 1.0000007 281717 103602 5 2 1498241.6 9.3867431 22.1003 24.526625 734 1250453 410542 110228 214 0 0 0 0 0 0 553 309718 50257
24.533375 0.194824 -0.096493 6.00094 46107 1.0000007 281774 103632 4 2 1299905 9.3867431 22.1003 24.533375 592 1224009 383669 96903 215 0 0 0 0 0 0 553 309756 43604
24.54 0.194824 -0.0957991 6.00095 46108 1.0000007 281814 103570 5 2 1159939.5 9.3867431 22.1003 24.54 493 1203442 364294 87147 216 0 0 0 0 0 0 553 309786 38909
24.546625 0.194824 -0.0951052 6.00096 46110 1.0000007 281752 103607 5 2 1056612.5 9.3867431 22.1003 24.546625 413 1187621 349785 81019 217 0 0 0 0 0 0 553 309720 35443
24.553375 0.194824 -0.0943983 6.00097 46111 1.0000007 281705 103549 5 2 981845.05 9.3867431 22.1003 24.553375 358 1175368 338435 75898 218 0 0 0 0 0 0 553 309711 32935
24.56 0.194824 -0.0937044 6.00098 46113 1.0000007 281716 103574 5 2 913397.61 9.3867431 22.1003 24.56 296 1165662 327537 71699 219 0 0 0 0 0 0 553 309690 30639
24.566625 0.194824 -0.0930105 6.00099 46114 1.0000007 281746 103592 6 2 877385.2 9.3867431 22.1003 24.566625 292 1155256 319762 69027 220 0 0 0 0 0 0 553 309756 29431
24.573375 0.194824 -0.0923035 6.001 46116 1.0000007 280397 102990 5 2 830253.06 9.3867431 22.1003 24.573375 245 1139263 309767 65442 221 0 0 0 0 0 0 553 308330 27850
24.58 0.194824 -0.0916097 6.00101 46117 1.0000007 282179 103794 5 2 795611.98 9.3867431 22.1003 24.58 233 1143473 305012 62989 222 0 0 0 0 0 0 553 310182 26688
24.586625 0.194824 -0.0909158 6.00102 46119 1.0000007 282073 103701 5 2 776383.5 9.3867431 22.1003 24.586625 208 1135999 300019 61392 223 0 0 0 0 0 0 553 310065 26043
24.593375 0.194824 -0.0902088 6.00103 46120 1.0000007 282219 103772 5 2 745051.51 9.3867431 22.1003 24.593375 190 1132912 294576 59467 224 0 0 0 0 0 0 553 310219 24992
24.6 0.194824 -0.0895149 6.00104 46122 1.0000007 282235 103711 5 2 726150.95 9.3867431 22.1003 24.6 188 1126606 290066 58060 225 0 0 0 0 0 0 553 310211 24358
24.606625 0.194824 -0.088821 6.00105 46123 1.0000007 282275 103771 6 2 698783.9 9.3867431 22.1003 24.606625 170 1123689 286582 56495 226 0 0 0 0 0 0 553 310246 23440
24.613375 0.194824 -0.088114 6.00107 46125 1.0000007 282384 103834 6 2 686769.83 9.3867431 22.1003 24.613375 145 1119147 283014 55519 227 0 0 0 0 0 0 553 310390 23037
24.62 0.194824 -0.0874201 6.00108 46126 1.0000007 282337 103815 6 2 671774.59 9.3867431 22.1003 24.62 143 1116316 279723 54337 228 0 0 0 0 0 0 553 310322 22534
24.626625 0.194824 -0.0867262 6.00109 46128 1.0000007 282428 103831 5 2 659581.65 9.3867431 22.1003 24.626625 138 1112386 276238 53197 229 0 0 0 0 0 0 553 310416 22125
24.633375 0.194824 -0.0860193 6.0011 46129 1.0000007 282120 103701 4 2 647329.08 9.3867431 22.1003 24.633375 128 1107940 273527 52414 230 0 0 0 0 0 0 553 310103 21714
24.64 0.194824 -0.0853254 6.00111 46130 1.0000007 282243 103742 5 2 624403.96 9.3867431 22.1003 24.64 126 1106893 271096 51111 231 0 0 0 0 0 0 553 310257 20945
24.646625 0.194824 -0.0846315 6.00112 46132 1.0000007 281952 103605 4 2 627116.82 9.3867431 22.1003 24.646625 130 1102223 269415 51003 232 0 0 0 0 0 0 553 309932 21036
24.653375 0.194824 -0.0839245 6.00113 46134 1.0000007 282147 103703 5 2 618262.77 9.3867431 22.1003 24.653375 126 1100822 266811 50359 233 0 0 0 0 0 0 553 310153 20739
24.66 0.194824 -0.0832306 6.00113 46135 1.0000007 282033 103645 4 2 619246.56 9.3867431 22.1003 24.66 115 1098294 265216 49898 234 0 0 0 0 0 0 553 310034 20772
24.666625 0.194824 -0.0825367 6.00114 46137 1.0000007 281938 103588 5 2 613552.54 9.3867431 22.1003 24.666625 105 1097253 264266 49695 235 0 0 0 0 0 0 553 309945 20581
24.673375 0.194824 -0.0818297 6.00115 46138 1.0000007 282142 103736 5 2 600763.36 9.3867431 22.1003 24.673375 102 1094878 262030 48852 236 0 0 0 0 0 0 553 310143 20152
24.68 0.194824 -0.0811358 6.00116 46140 1.0000007 282382 103832 6 2 601627.9 9.3867431 22.1003 24.68 100 1093686 259665 48720 237 0 0 0 0 0 0 553 310362 20181
24.686625 0.194824 -0.0804419 6.00117 46141 1.0000007 282210 103783 6 2 586125.87 9.3867431 22.1003 24.686625 101 1091113 258197 48018 238 0 0 0 0 0 0 553 310208 19661
24.693375 0.194824 -0.0797349 6.00118 46142 1.0000007 282271 103777 5 2 588480.98 9.3867431 22.1003 24.693375 93 1089027 256282 47325 239 0 0 0 0 0 0 553 310284 19740
24.7 0.194824 -0.079041 6.00119 46144 1.0000007 282346 103885 6 2 580491.48 9.3867431 22.1003 24.7 97 1088073 255637 47175 240 0 0 0 0 0 0 553 310358 19472
24.706625 0.194824 -0.0783471 6.0012 46145 1.0000007 282407 103900 6 2 579835.62 9.3867431 22.1003 24.706625 95 1085979 255616 47137 241 0 0 0 0 0 0 553 310397 19450
24.713375 0.194824 -0.0776401 6.00121 46147 1.0000007 282261 103807 6 2 578374.85 9.3867431 22.1003 24.713375 97 1083897 253331 46890 242 0 0 0 0 0 0 553 310251 19401
24.72 0.194824 -0.0769462 6.00122 46148 1.0000007 282360 103880 6 2 575811.05 9.3867431 22.1003 24.72 90 1083189 252743 46620 243 0 0 0 0 0 0 553 310374 19315
24.726625 0.194824 -0.0762522 6.00123 46150 1.0000007 282315 103890 6 2 575632.18 9.3867431 22.1003 24.726625 88 1082117 252410 46659 244 0 0 0 0 0 0 553 310317 19309
24.733375 0.194824 -0.0755452 6.00124 46151 1.0000007 282073 103762 6 2 569341.94 9.3867431 22.1003 24.733375 92 1080452 250494 46284 245 0 0 0 0 0 0 553 310048 19098
24.74 0.194824 -0.0748513 6.00125 46153 1.0000007 282064 103731 5 2 569222.69 9.3867431 22.1003 24.74 95 1078950 249772 45856 246 0 0 0 0 0 0 553 310062 19094
24.746625 0.194824 -0.0741574 6.00125 46154 1.0000007 282065 103822 5 2 557506.73 9.3867431 22.1003 24.746625 89 1076409 248231 45583 247 0 0 0 0 0 0 553 310065 18701
24.753375 0.194824 -0.0734504 6.00126 46156 1.0000007 281841 103670 6 2 556970.12 9.3867431 22.1003 24.753375 90 1072704 246875 45186 248 0 0 0 0 0 0 553 309823 18683
24.76 0.194824 -0.0727565 6.00127 46157 1.0000007 282035 103742 4 2 565734.73 9.3867431 22.1003 24.76 93 1074222 247765 45520 249 0 0 0 0 0 0 553 310031 18977
24.766625 0.194824 -0.0720626 6.00128 46159 1.0000007 281861 103717 6 2 557864.47 9.3867431 22.1003 24.766625 89 1072445 246112 45254 250 0 0 0 0 0 0 553 309869 18713
24.773375 0.194824 -0.0713556 6.00129 46160 1.0000007 281797 103664 4 2 553750.47 9.3867431 22.1003 24.773375 93 1071084 245290 44839 251 0 0 0 0 0 0 553 309783 18575
24.78 0.194824 -0.0706617 6.0013 46162 1.0000007 281655 103555 6 2 553631.22 9.3867431 22.1003 24.78 89 1068264 244622 44841 252 0 0 0 0 0 0 553 309647 18571
24.786625 0.194824 -0.0699677 6.0013 46163 1.0000007 281753 103612 5 2 546595.69 9.3867431 22.1003 24.786625 98 1070580 244191 44809 253 0 0 0 0 0 0 553 309784 18335
24.793375 0.194824 -0.0692607 6.00131 46165 1.0000007 281776 103697 5 2 543793.4 9.3867431 22.1003 24.793375 99 1068268 243440 44391 254 0 0 0 0 0 0 553 309806 18241
24.8 0.194824 -0.0685668 6.00132 46166 1.0000007 281624 103552 5 2 541945.08 9.3867431 22.1003 24.8 90 1066118 242378 43893 255 0 0 0 0 0 0 553 309612 18179
24.806625 0.194824 -0.0678729 6.00133 46167 1.0000007 281592 103563 5 2 542690.37 9.3867431 22.1003 24.806625 89 1065841 241464 43918 256 0 0 0 0 0 0 553 309591 18204
24.813375 0.194824 -0.0671659 6.00134 46169 1.0000007 281635 103558 5 2 541825.83 9.3867431 22.1003 24.813375 92 1063592 241405 43863 257 0 0 0 0 0 0 553 309644 18175
24.82 0.194824 -0.0664719 6.00134 46170 1.0000007 281556 103517 4 2 538159 9.3867431 22.1003 24.82 86 1063719 240646 43738 258 0 0 0 0 0 0 553 309545 18052
24.826625 0.194824 -0.065778 6.00135 46172 1.0000007 281620 103521 5 2 543048.11 9.3867431 22.1003 24.826625 94 1064183 240537 44228 259 0 0 0 0 0 0 553 309645 18216
24.833375 0.194824 -0.065071 6.00136 46173 1.0000007 281459 103418 6 2 540812.24 9.3867431 22.1003 24.833375 89 1061777 240131 43793 260 0 0 0 0 0 0 553 309472 18141
24.84 0.194824 -0.0643771 6.00137 46175 1.0000007 281491 103489 5 2 533955.57 9.3867431 22.1003 24.84 89 1060517 239036 43364 261 0 0 0 0 0 0 553 309524 17911
24.846625 0.194824 -0.0636831 6.00137 46176 1.0000007 282826 103978 5 2 537831.08 9.3867431 22.1003 24.846625 97 1065458 239333 43375 262 0 0 0 0 0 0 553 310841 18041
24.853375 0.194824 -0.0629761 6.00138 46178 1.0000007 282542 103852 5 2 539560.15 9.3867431 22.1003 24.853375 86 1064417 239550 43361 263 0 0 0 0 0 0 553 310527 18099
24.86 0.194824 -0.0622822 6.00139 46179 1.0000007 282485 103740 5 2 528529.86 9.3867431 22.1003 24.86 89 1062314 238242 43185 264 0 0 0 0 0 0 553 310514 17729
24.866625 0.194824 -0.0615883 6.0014 46181 1.0000007 282697 103919 5 2 530318.55 9.3867431 22.1003 24.866625 97 1061250 237707 43097 265 0 0 0 0 0 0 553 310717 17789
24.873375 0.194824 -0.0608812 6.0014 46182 1.0000007 282717 103847 6 2 535893.32 9.3867431 22.1003 24.873375 93 1060467 237332 43280 266 0 0 0 0 0 0 553 310737 17976
24.88 0.194824 -0.0601873 6.00141 46184 1.0000007 282787 103884 5 2 532703.48 9.3867431 22.1003 24.88 92 1062576 237969 43133 267 0 0 0 0 0 0 553 310819 17869
24.886625 0.194824 -0.0594934 6.00142 46185 1.0000007 282674 103826 5 2 528321.18 9.3867431 22.1003 24.886625 90 1061334 237903 43077 268 0 0 0 0 0 0 553 310692 17722
24.893375 0.194824 -0.0587864 6.00142 46187 1.0000007 282496 103708 5 2 528678.91 9.3867431 22.1003 24.893375 84 1056574 236464 42646 269 0 0 0 0 0 0 553 310528 17734
24.9 0.194824 -0.0580924 6.00143 46188 1.0000007 282424 103680 5 2 532017.81 9.3867431 22.1003 24.9 95 1058757 236435 43126 270 0 0 0 0 0 0 553 310439 17846
24.906625 0.194824 -0.0573985 6.00144 46190 1.0000007 282649 103827 5 2 528678.91 9.3867431 22.1003 24.906625 91 1059345 236272 42786 271 0 0 0 0 0 0 553 310690 17734
24.913375 0.194824 -0.0566915 6.00144 46191 1.0000007 282663 103831 5 2 527963.44 9.3867431 22.1003 24.913375 96 1056870 235388 42732 272 0 0 0 0 0 0 553 310711 17710
24.92 0.194824 -0.0559975 6.00145 46193 1.0000007 282332 103586 5 2 522150.17 9.3867431 22.1003 24.92 92 1055164 235146 42577 273 0 0 0 0 0 0 553 310324 17515
24.926625 0.194824 -0.0553036 6.00146 46194 1.0000007 282434 103658 5 2 523253.2 9.3867431 22.1003 24.926625 90 1055061 234488 42282 274 0 0 0 0 0 0 553 310446 17552
24.933375 0.194824 -0.0545966 6.00146 46196 1.0000007 282587 103750 5 2 522746.41 9.3867431 22.1003 24.933375 89 1053529 234062 42221 275 0 0 0 0 0 0 553 310614 17535
24.94 0.194824 -0.0539026 6.00147 46197 1.0000007 282395 103643 5 2 520450.91 9.3867431 22.1003 24.94 90 1053831 234280 42410 276 0 0 0 0 0 0 553 310428 17458
24.946625 0.194824 -0.0532087 6.00148 46198 1.0000007 282328 103601 6 2 519526.75 9.3867431 22.1003 24.946625 93 1053297 233327 42301 277 0 0 0 0 0 0 553 310382 17427
24.953375 0.194824 -0.0525016 6.00148 46200 1.0000007 282381 103586 5 2 517887.12 9.3867431 22.1003 24.953375 99 1052495 233385 42249 278 0 0 0 0 0 0 553 310402 17372
24.96 0.194824 -0.0518077 6.00149 46201 1.0000007 282148 103448 6 2 519765.25 9.3867431 22.1003 24.96 90 1050510 232638 42231 279 0 0 0 0 0 0 553 310132 17435
24.966625 0.194824 -0.0511138 6.00149 46203 1.0000007 282324 103529 5 2 518423.72 9.3867431 22.1003 24.966625 94 1049500 232460 41737 280 0 0 0 0 0 0 553 310381 17390
24.973375 0.194824 -0.0504067 6.0015 46204 1.0000007 282354 103489 5 2 515174.26 9.3867431 22.1003 24.973375 87 1049666 232376 42094 281 0 0 0 0 0 0 553 310392 17281
24.98 0.194824 -0.0497128 6.00151 46206 1.0000007 282304 103446 5 2 515442.56 9.3867431 22.1003 24.98 95 1049427 231906 41955 282 0 0 0 0 0 0 553 310311 17290
24.986625 0.194824 -0.0490188 6.00151 46207 1.0000007 282169 103374 6 2 508466.65 9.3867431 22.1003 24.986625 88 1049382 232396 41377 283 0 0 0 0 0 0 553 310194 17056
24.993375 0.194824 -0.0483118 6.00152 46209 1.0000007 282450 103513 6 2 522865.65 9.3867431 22.1003 24.993375 89 1050566 232872 42330 284 0 0 0 0 0 0 553 310493 17539
25 0.194824 -0.0476179 6.00152 46210 1.0000007 282139 103332 5 2 516694.65 9.3867431 22.1003 25 95 1046541 231535 41800 285 0 0 0 0 0 0 553 310161 17332
25.006625 0.194824 -0.0469239 6.00153 46212 1.0000007 282263 103394 6 2 507035.69 9.3867431 22.1003 25.006625 86 1047105 230961 41797 286 0 0 0 0 0 0 553 310287 17008
25.013375 0.194824 -0.0462169 6.00153 46213 1.0000007 282304 103422 4 2 513773.11 9.3867431 22.1003 25.013375 92 1046646 231108 41575 287 0 0 0 0 0 0 553 310325 17234
25.02 0.194824 -0.0455229 6.00154 46215 1.0000007 282272 103344 6 2 520808.65 9.3867431 22.1003 25.02 92 1046601 230326 41800 288 0 0 0 0 0 0 553 310300 17470
25.026625 0.194824 -0.044829 6.00154 46216 1.0000007 282044 103185 4 2 512133.48 9.3867431 22.1003 25.026625 87 1044036 229955 41694 289 0 0 0 0 0 0 553 310065 17179
25.033375 0.194824 -0.0441219 6.00155 46218 1.0000007 282271 103297 5 2 508436.84 9.3867431 22.1003 25.033375 90 1044181 229282 41095 290 0 0 0 0 0 0 553 310300 17055
25.04 0.194824 -0.043428 6.00155 46219 1.0000007 282131 103255 5 2 512729.71 9.3867431 22.1003 25.04 90 1043970 229732 41355 291 0 0 0 0 0 0 553 310142 17199
25.046625 0.194824 -0.042734 6.00156 46221 1.0000007 282025 103175 5 2 507482.87 9.3867431 22.1003 25.046625 93 1044702 230102 41246 292 0 0 0 0 0 0 553 310048 17023
25.053375 0.194824 -0.042027 6.00156 46222 1.0000007 282054 103183 5 2 505038.32 9.3867431 22.1003 25.053375 87 1041718 228952 41220 293 0 0 0 0 0 0 553 310090 16941
25.06 0.194824 -0.0413331 6.00157 46223 1.0000007 282157 103181 5 2 506737.58 9.3867431 22.1003 25.06 92 1042135 228902 41212 294 0 0 0 0 0 0 553 310169 16998
25.066625 0.194824 -0.0406391 6.00157 46225 1.0000007 282042 103102 5 2 499344.3 9.3867431 22.1003 25.066625 89 1040737 228300 40793 295 0 0 0 0 0 0 553 310057 16750
25.073375 0.194824 -0.0399321 6.00158 46226 1.0000007 281961 103090 6 2 506797.2 9.3867431 22.1003 25.073375 90 1041365 229681 41297 296 0 0 0 0 0 0 553 309988 17000
25.08 0.194824 -0.0392381 6.00158 46228 1.0000007 281983 103028 5 2 509122.5 9.3867431 22.1003 25.08 95 1041820 228328 41116 297 0 0 0 0 0 0 553 310013 17078
25.086625 0.194824 -0.0385442 6.00159 46229 1.0000007 281862 102986 5 2 503875.66 9.3867431 22.1003 25.086625 88 1039646 228719 41021 298 0 0 0 0 0 0 553 309848 16902
25.093375 0.194824 -0.0378371 6.00159 46231 1.0000007 281849 102930 4 2 508228.16 9.3867431 22.1003 25.093375 93 1039047 227811 41256 299 0 0 0 0 0 0 553 309894 17048
25.1 0.194824 -0.0371432 6.0016 46232 1.0000007 281741 102891 5 2 503994.91 9.3867431 22.1003 25.1 89 1038833 227802 40981 300 0 0 0 0 0 0 553 309769 16906