Eta  H  K  L  Epoch  Sec  ion1  Hubmon  scan_bar  Filters  Correct  Qmag  Energy  Graze  p_peak  p_total  p_del_s  p_nu_s  p_image  p_xcen  p_xsig  p_ycen  p_ysig  power  tempsp  gun_on  ion0  p_point
23.1 0.194824 -0.246573 5.99664 47159 1.0000007 282172 103848 6 2 496154.46 9.3867431 22.1003 23.1 84 1030899 225120 40208 0 0 0 0 0 0 0 553 310185 16643
23.106625 0.194824 -0.24588 5.99667 47161 1.0000007 282307 103907 5 2 500119.4 9.3867431 22.1003 23.106625 88 1034083 225936 40833 1 0 0 0 0 0 0 553 310318 16776
23.113375 0.194824 -0.245173 5.9967 47162 1.0000007 282153 103855 4 2 504143.97 9.3867431 22.1003 23.113375 96 1030531 224701 40693 2 0 0 0 0 0 0 553 310162 16911
23.12 0.194824 -0.24448 5.99673 47163 1.0000007 282209 103897 5 2 504591.14 9.3867431 22.1003 23.12 87 1032894 225401 40628 3 0 0 0 0 0 0 553 310205 16926
23.126625 0.194824 -0.243787 5.99676 47165 1.0000007 282076 103785 6 2 498897.13 9.3867431 22.1003 23.126625 89 1033041 225005 40306 4 0 0 0 0 0 0 553 310084 16735
23.133375 0.194824 -0.24308 5.99679 47166 1.0000007 282003 103757 5 2 496214.08 9.3867431 22.1003 23.133375 86 1030442 223969 40280 5 0 0 0 0 0 0 553 310000 16645
23.14 0.194824 -0.242387 5.99682 47168 1.0000007 282174 103836 5 2 497853.72 9.3867431 22.1003 23.14 98 1034360 225771 40542 6 0 0 0 0 0 0 553 310199 16700
23.146625 0.194824 -0.241693 5.99684 47169 1.0000007 282114 103856 6 2 491384.6 9.3867431 22.1003 23.146625 88 1033069 225279 40496 7 0 0 0 0 0 0 553 310134 16483
23.153375 0.194824 -0.240987 5.99687 47171 1.0000007 282013 103693 5 2 500447.33 9.3867431 22.1003 23.153375 91 1033080 225181 40254 8 0 0 0 0 0 0 553 310026 16787
23.16 0.194824 -0.240293 5.9969 47172 1.0000007 282052 103788 4 2 499672.23 9.3867431 22.1003 23.16 87 1033817 225364 40789 9 0 0 0 0 0 0 553 310078 16761
23.166625 0.194824 -0.2396 5.99693 47174 1.0000007 282058 103789 4 2 492517.44 9.3867431 22.1003 23.166625 92 1032976 225977 40153 10 0 0 0 0 0 0 553 310072 16521
23.173375 0.194824 -0.238894 5.99696 47175 1.0000007 281932 103700 4 2 502563.95 9.3867431 22.1003 23.173375 90 1031854 224261 40522 11 0 0 0 0 0 0 553 309921 16858
23.18 0.194824 -0.2382 5.99698 47177 1.0000007 281920 103704 6 2 504680.58 9.3867431 22.1003 23.18 92 1032344 225058 40591 12 0 0 0 0 0 0 553 309945 16929
23.186625 0.194824 -0.237507 5.99701 47178 1.0000007 282052 103795 6 2 502295.65 9.3867431 22.1003 23.186625 90 1033687 225548 40564 13 0 0 0 0 0 0 553 310060 16849
23.193375 0.194824 -0.2368 5.99704 47180 1.0000007 281944 103696 5 2 500298.27 9.3867431 22.1003 23.193375 89 1032976 225631 40791 14 0 0 0 0 0 0 553 309964 16782
23.2 0.194824 -0.236107 5.99707 47181 1.0000007 281819 103647 6 2 502444.71 9.3867431 22.1003 23.2 88 1034716 225906 40689 15 0 0 0 0 0 0 553 309829 16854
23.206625 0.194824 -0.235413 5.99709 47183 1.0000007 281891 103688 5 2 501133 9.3867431 22.1003 23.206625 87 1032304 225169 40418 16 0 0 0 0 0 0 553 309901 16810
23.213375 0.194824 -0.234707 5.99712 47184 1.0000007 281746 103570 4 2 496035.21 9.3867431 22.1003 23.213375 92 1033714 225535 40585 17 0 0 0 0 0 0 553 309758 16639
23.22 0.194824 -0.234013 5.99715 47186 1.0000007 281787 103548 5 2 494932.18 9.3867431 22.1003 23.22 85 1031577 224657 40171 18 0 0 0 0 0 0 553 309809 16602
23.226625 0.194824 -0.23332 5.99718 47187 1.0000007 281832 103587 6 2 499672.23 9.3867431 22.1003 23.226625 84 1033616 225461 40691 19 0 0 0 0 0 0 553 309865 16761
23.233375 0.194824 -0.232613 5.9972 47189 1.0000007 281846 103604 4 2 497645.04 9.3867431 22.1003 23.233375 89 1033059 225102 40605 20 0 0 0 0 0 0 553 309886 16693
23.24 0.194824 -0.23192 5.99723 47190 1.0000007 281751 103558 6 2 495588.04 9.3867431 22.1003 23.24 86 1032524 224947 40446 21 0 0 0 0 0 0 553 309775 16624
23.246625 0.194824 -0.231227 5.99726 47192 1.0000007 281695 103457 5 2 497704.66 9.3867431 22.1003 23.246625 91 1034288 225525 40644 22 0 0 0 0 0 0 553 309718 16695
23.253375 0.194824 -0.23052 5.99728 47193 1.0000007 281760 103557 6 2 500894.5 9.3867431 22.1003 23.253375 85 1034664 225658 40606 23 0 0 0 0 0 0 553 309792 16802
23.26 0.194824 -0.229827 5.99731 47194 1.0000007 281506 103412 4 2 497466.17 9.3867431 22.1003 23.26 96 1034623 225687 40494 24 0 0 0 0 0 0 553 309507 16687
23.266625 0.194824 -0.229133 5.99734 47196 1.0000007 280105 102987 6 2 494544.63 9.3867431 22.1003 23.266625 89 1029373 223769 40431 25 0 0 0 0 0 0 553 308031 16589
23.273375 0.194824 -0.228427 5.99736 47197 1.0000007 282909 104062 5 2 507661.74 9.3867431 22.1003 23.273375 88 1039795 227038 41247 26 0 0 0 0 0 0 553 310941 17029
23.28 0.194824 -0.227733 5.99739 47199 1.0000007 282782 103955 4 2 494306.14 9.3867431 22.1003 23.28 88 1039747 226985 40490 27 0 0 0 0 0 0 553 310812 16581
23.286625 0.194824 -0.22704 5.99742 47201 1.0000007 282958 104027 5 2 504859.45 9.3867431 22.1003 23.286625 92 1041482 227716 41034 28 0 0 0 0 0 0 553 310996 16935
23.293375 0.194824 -0.226333 5.99744 47202 1.0000007 282941 104052 5 2 503249.62 9.3867431 22.1003 23.293375 90 1042504 226990 41118 29 0 0 0 0 0 0 553 310968 16881
23.3 0.194824 -0.22564 5.99747 47203 1.0000007 282863 104005 6 2 504948.88 9.3867431 22.1003 23.3 89 1041180 228019 41051 30 0 0 0 0 0 0 553 310909 16938
23.306625 0.194824 -0.224946 5.9975 47205 1.0000007 282687 103950 5 2 503786.23 9.3867431 22.1003 23.306625 89 1040350 227468 40904 31 0 0 0 0 0 0 553 310704 16899
23.313375 0.194824 -0.22424 5.99752 47206 1.0000007 282895 104010 6 2 498479.76 9.3867431 22.1003 23.313375 91 1041308 227868 40953 32 0 0 0 0 0 0 553 310933 16721
23.32 0.194824 -0.223546 5.99755 47208 1.0000007 282830 103968 5 2 508168.53 9.3867431 22.1003 23.32 88 1043253 228697 41225 33 0 0 0 0 0 0 553 310852 17046
23.326625 0.194824 -0.222853 5.99757 47209 1.0000007 282781 104026 6 2 503100.56 9.3867431 22.1003 23.326625 89 1040762 227590 40785 34 0 0 0 0 0 0 553 310789 16876
23.333375 0.194824 -0.222146 5.9976 47211 1.0000007 282865 104030 5 2 499016.37 9.3867431 22.1003 23.333375 91 1043400 228244 40778 35 0 0 0 0 0 0 553 310893 16739
23.34 0.194824 -0.221452 5.99763 47212 1.0000007 282865 103943 5 2 506946.26 9.3867431 22.1003 23.34 96 1044208 228843 41407 36 0 0 0 0 0 0 553 310889 17005
23.346625 0.194824 -0.220759 5.99765 47214 1.0000007 282823 104024 6 2 508347.4 9.3867431 22.1003 23.346625 91 1040820 227793 41206 37 0 0 0 0 0 0 553 310825 17052
23.353375 0.194824 -0.220052 5.99768 47215 1.0000007 282936 104044 4 2 510583.27 9.3867431 22.1003 23.353375 92 1044427 228703 41371 38 0 0 0 0 0 0 553 310946 17127
23.36 0.194824 -0.219359 5.9977 47217 1.0000007 282773 103981 6 2 508764.77 9.3867431 22.1003 23.36 89 1045557 228645 41558 39 0 0 0 0 0 0 553 310784 17066
23.366625 0.194824 -0.218665 5.99773 47218 1.0000007 282620 103875 5 2 511537.24 9.3867431 22.1003 23.366625 88 1043305 228382 41101 40 0 0 0 0 0 0 553 310652 17159
23.373375 0.194824 -0.217959 5.99775 47220 1.0000007 282830 104025 5 2 505247 9.3867431 22.1003 23.373375 92 1046096 229062 41074 41 0 0 0 0 0 0 553 310868 16948
23.38 0.194824 -0.217265 5.99778 47221 1.0000007 282893 104071 6 2 500894.5 9.3867431 22.1003 23.38 89 1045717 229483 40945 42 0 0 0 0 0 0 553 310941 16802
23.386625 0.194824 -0.216572 5.9978 47223 1.0000007 282711 103994 6 2 502921.69 9.3867431 22.1003 23.386625 91 1045337 229150 41103 43 0 0 0 0 0 0 553 310732 16870
23.393375 0.194824 -0.215865 5.99783 47224 1.0000007 282617 103849 5 2 511030.45 9.3867431 22.1003 23.393375 90 1045203 229434 41316 44 0 0 0 0 0 0 553 310634 17142
23.4 0.194824 -0.215172 5.99785 47226 1.0000007 282675 103871 5 2 514518.4 9.3867431 22.1003 23.4 90 1045144 229149 41420 45 0 0 0 0 0 0 553 310691 17259
23.406625 0.194824 -0.214478 5.99788 47227 1.0000007 282650 103879 4 2 508615.71 9.3867431 22.1003 23.406625 89 1045869 229067 41229 46 0 0 0 0 0 0 553 310670 17061
23.413375 0.194824 -0.213772 5.9979 47229 1.0000007 282761 103933 6 2 500536.76 9.3867431 22.1003 23.413375 92 1047647 228886 41211 47 0 0 0 0 0 0 553 310789 16790
23.42 0.194824 -0.213078 5.99793 47230 1.0000007 282533 103768 5 2 507721.36 9.3867431 22.1003 23.42 89 1045114 229021 41375 48 0 0 0 0 0 0 553 310543 17031
23.426625 0.194824 -0.212384 5.99795 47232 1.0000007 282394 103755 6 2 504293.03 9.3867431 22.1003 23.426625 87 1045189 228641 41026 49 0 0 0 0 0 0 553 310395 16916
23.433375 0.194824 -0.211678 5.99798 47234 1.0000007 282603 103828 5 2 511060.26 9.3867431 22.1003 23.433375 90 1046694 229194 41283 50 0 0 0 0 0 0 553 310641 17143
23.44 0.194824 -0.210984 5.998 47235 1.0000007 282472 103796 5 2 509897.61 9.3867431 22.1003 23.44 92 1047147 230662 41393 51 0 0 0 0 0 0 553 310490 17104
23.446625 0.194824 -0.210291 5.99803 47237 1.0000007 282568 103827 6 2 504322.84 9.3867431 22.1003 23.446625 96 1048507 229634 41211 52 0 0 0 0 0 0 553 310610 16917
23.453375 0.194824 -0.209584 5.99805 47238 1.0000007 282382 103702 6 2 509271.56 9.3867431 22.1003 23.453375 91 1047360 230246 41405 53 0 0 0 0 0 0 553 310387 17083
23.46 0.194824 -0.208891 5.99808 47240 1.0000007 282410 103744 5 2 513236.51 9.3867431 22.1003 23.46 89 1047131 230206 41523 54 0 0 0 0 0 0 553 310420 17216
23.466625 0.194824 -0.208197 5.9981 47241 1.0000007 282435 103689 5 2 517857.3 9.3867431 22.1003 23.466625 91 1048623 231011 42058 55 0 0 0 0 0 0 553 310456 17371
23.473375 0.194824 -0.20749 5.99812 47243 1.0000007 282376 103722 5 2 513862.55 9.3867431 22.1003 23.473375 87 1048315 230117 41722 56 0 0 0 0 0 0 553 310400 17237
23.48 0.194824 -0.206797 5.99815 47244 1.0000007 282501 103780 5 2 508049.29 9.3867431 22.1003 23.48 95 1050209 231949 41585 57 0 0 0 0 0 0 553 310525 17042
23.486625 0.194824 -0.206103 5.99817 47246 1.0000007 282269 103672 6 2 510642.9 9.3867431 22.1003 23.486625 101 1049338 230939 41457 58 0 0 0 0 0 0 553 310247 17129
23.493375 0.194824 -0.205397 5.9982 47247 1.0000007 282272 103678 6 2 519824.87 9.3867431 22.1003 23.493375 91 1048727 231700 41888 59 0 0 0 0 0 0 553 310281 17437
23.5 0.194824 -0.204703 5.99822 47249 1.0000007 282388 103731 6 2 511209.32 9.3867431 22.1003 23.5 91 1051174 230963 41521 60 0 0 0 0 0 0 553 310401 17148
23.506625 0.194824 -0.20401 5.99824 47250 1.0000007 282334 103697 5 2 510076.48 9.3867431 22.1003 23.506625 93 1051612 231273 41635 61 0 0 0 0 0 0 553 310370 17110
23.513375 0.194824 -0.203303 5.99827 47252 1.0000007 282376 103683 5 2 520063.36 9.3867431 22.1003 23.513375 88 1051561 231692 41968 62 0 0 0 0 0 0 553 310393 17445
23.52 0.194824 -0.202609 5.99829 47253 1.0000007 282240 103578 5 2 507810.79 9.3867431 22.1003 23.52 93 1050466 232020 41546 63 0 0 0 0 0 0 553 310253 17034
23.526625 0.194824 -0.201916 5.99831 47255 1.0000007 282225 103656 4 2 514965.58 9.3867431 22.1003 23.526625 92 1053665 232204 41903 64 0 0 0 0 0 0 553 310240 17274
23.533375 0.194824 -0.201209 5.99834 47256 1.0000007 282312 103632 5 2 520421.1 9.3867431 22.1003 23.533375 90 1052990 232859 42294 65 0 0 0 0 0 0 553 310333 17457
23.54 0.194824 -0.200516 5.99836 47258 1.0000007 282263 103676 5 2 521732.81 9.3867431 22.1003 23.54 89 1053989 232610 41981 66 0 0 0 0 0 0 553 310272 17501
23.546625 0.194824 -0.199822 5.99838 47259 1.0000007 282204 103565 6 2 517231.26 9.3867431 22.1003 23.546625 88 1054886 233120 42148 67 0 0 0 0 0 0 553 310207 17350
23.553375 0.194824 -0.199115 5.99841 47261 1.0000007 282215 103606 5 2 521941.49 9.3867431 22.1003 23.553375 87 1053234 232916 42161 68 0 0 0 0 0 0 553 310237 17508
23.56 0.194824 -0.198422 5.99843 47262 1.0000007 282180 103617 6 2 521136.58 9.3867431 22.1003 23.56 92 1054608 233061 42143 69 0 0 0 0 0 0 553 310205 17481
23.566625 0.194824 -0.197728 5.99845 47264 1.0000007 282168 103565 5 2 511239.13 9.3867431 22.1003 23.566625 93 1054320 232014 41544 70 0 0 0 0 0 0 553 310194 17149
23.573375 0.194824 -0.197021 5.99848 47265 1.0000007 282125 103484 5 2 516038.8 9.3867431 22.1003 23.573375 95 1056379 232817 41762 71 0 0 0 0 0 0 553 310145 17310
23.58 0.194824 -0.196328 5.9985 47267 1.0000007 282056 103506 5 2 522746.41 9.3867431 22.1003 23.58 89 1055300 233401 42349 72 0 0 0 0 0 0 553 310093 17535
23.586625 0.194824 -0.195634 5.99852 47268 1.0000007 282055 103450 4 2 512252.72 9.3867431 22.1003 23.586625 92 1057849 233930 41931 73 0 0 0 0 0 0 553 310075 17183
23.593375 0.194824 -0.194928 5.99855 47270 1.0000007 282067 103500 6 2 520272.04 9.3867431 22.1003 23.593375 94 1055357 233668 42360 74 0 0 0 0 0 0 553 310101 17452
23.6 0.194824 -0.194234 5.99857 47271 1.0000007 282048 103434 6 2 521076.96 9.3867431 22.1003 23.6 92 1059204 234046 42324 75 0 0 0 0 0 0 553 310080 17479
23.606625 0.194824 -0.19354 5.99859 47273 1.0000007 281950 103453 4 2 522209.8 9.3867431 22.1003 23.606625 88 1057528 234530 42175 76 0 0 0 0 0 0 553 309993 17517
23.613375 0.194824 -0.192834 5.99861 47275 1.0000007 281914 103398 6 2 520808.65 9.3867431 22.1003 23.613375 88 1057646 234525 42365 77 0 0 0 0 0 0 553 309951 17470
23.62 0.194824 -0.19214 5.99864 47276 1.0000007 281859 103357 4 2 521941.49 9.3867431 22.1003 23.62 90 1058021 235373 42695 78 0 0 0 0 0 0 553 309865 17508
23.626625 0.194824 -0.191446 5.99866 47278 1.0000007 281922 103435 4 2 528857.78 9.3867431 22.1003 23.626625 89 1061224 235681 42664 79 0 0 0 0 0 0 553 309934 17740
23.633375 0.194824 -0.19074 5.99868 47279 1.0000007 281900 103411 6 2 526830.6 9.3867431 22.1003 23.633375 89 1060187 235704 42699 80 0 0 0 0 0 0 553 309925 17672
23.64 0.194824 -0.190046 5.9987 47281 1.0000007 281969 103407 5 2 528857.78 9.3867431 22.1003 23.64 87 1058620 236271 42604 81 0 0 0 0 0 0 553 310008 17740
23.646625 0.194824 -0.189352 5.99872 47282 1.0000007 281739 103302 5 2 529185.71 9.3867431 22.1003 23.646625 92 1060480 236229 42799 82 0 0 0 0 0 0 553 309775 17751
23.653375 0.194824 -0.188646 5.99875 47284 1.0000007 281872 103366 6 2 530288.74 9.3867431 22.1003 23.653375 86 1061716 236262 42746 83 0 0 0 0 0 0 553 309915 17788
23.66 0.194824 -0.187952 5.99877 47285 1.0000007 281660 103247 5 2 533001.6 9.3867431 22.1003 23.66 88 1062555 237266 43354 84 0 0 0 0 0 0 553 309669 17879
23.666625 0.194824 -0.187259 5.99879 47287 1.0000007 281727 103296 5 2 532077.44 9.3867431 22.1003 23.666625 89 1063349 237078 43118 85 0 0 0 0 0 0 553 309747 17848
23.673375 0.194824 -0.186552 5.99881 47288 1.0000007 281670 103293 4 2 533001.6 9.3867431 22.1003 23.673375 87 1065227 238316 43417 86 0 0 0 0 0 0 553 309716 17879
23.68 0.194824 -0.185858 5.99883 47290 1.0000007 281775 103341 5 2 533120.84 9.3867431 22.1003 23.68 90 1064759 238677 43220 87 0 0 0 0 0 0 553 309812 17883
23.686625 0.194824 -0.185165 5.99886 47291 1.0000007 281745 103275 4 2 534551.8 9.3867431 22.1003 23.686625 88 1066191 238427 43477 88 0 0 0 0 0 0 553 309760 17931
23.693375 0.194824 -0.184458 5.99888 47293 1.0000007 281706 103253 6 2 542571.12 9.3867431 22.1003 23.693375 85 1066405 239004 43544 89 0 0 0 0 0 0 553 309762 18200
23.7 0.194824 -0.183764 5.9989 47294 1.0000007 281661 103263 4 2 538218.63 9.3867431 22.1003 23.7 88 1066212 238304 43666 90 0 0 0 0 0 0 553 309654 18054
23.706625 0.194824 -0.183071 5.99892 47296 1.0000007 281688 103233 6 2 540037.13 9.3867431 22.1003 23.706625 87 1066034 239188 43781 91 0 0 0 0 0 0 553 309730 18115
23.713375 0.194824 -0.182364 5.99894 47297 1.0000007 281628 103225 6 2 539351.47 9.3867431 22.1003 23.713375 90 1067239 239826 43779 92 0 0 0 0 0 0 553 309656 18092
23.72 0.194824 -0.18167 5.99896 47299 1.0000007 281599 103164 6 2 533955.57 9.3867431 22.1003 23.72 92 1068827 240761 43710 93 0 0 0 0 0 0 553 309614 17911
23.726625 0.194824 -0.180976 5.99898 47300 1.0000007 281530 103183 4 2 543435.66 9.3867431 22.1003 23.726625 93 1069442 240957 44225 94 0 0 0 0 0 0 553 309564 18229
23.733375 0.194824 -0.18027 5.999 47302 1.0000007 281601 103145 5 2 545433.03 9.3867431 22.1003 23.733375 93 1072872 242059 44061 95 0 0 0 0 0 0 553 309617 18296
23.74 0.194824 -0.179576 5.99902 47303 1.0000007 281559 103166 5 2 534730.67 9.3867431 22.1003 23.74 91 1070214 241002 43935 96 0 0 0 0 0 0 553 309600 17937
23.746625 0.194824 -0.178882 5.99905 47305 1.0000007 281589 103139 4 2 546059.08 9.3867431 22.1003 23.746625 92 1072966 242482 44448 97 0 0 0 0 0 0 553 309632 18317
23.753375 0.194824 -0.178176 5.99907 47306 1.0000007 281596 103236 5 2 549666.28 9.3867431 22.1003 23.753375 91 1071946 241979 44322 98 0 0 0 0 0 0 553 309640 18438
23.76 0.194824 -0.177482 5.99909 47308 1.0000007 281538 103171 6 2 546088.89 9.3867431 22.1003 23.76 97 1074667 243601 44310 99 0 0 0 0 0 0 553 309548 18318
23.766625 0.194824 -0.176788 5.99911 47309 1.0000007 281507 103127 6 2 546387 9.3867431 22.1003 23.766625 91 1076772 244258 44578 100 0 0 0 0 0 0 553 309532 18328
23.773375 0.194824 -0.176082 5.99913 47311 1.0000007 281539 103169 4 2 554853.5 9.3867431 22.1003 23.773375 87 1076817 245118 45064 101 0 0 0 0 0 0 553 309574 18612
23.78 0.194824 -0.175388 5.99915 47312 1.0000007 281580 103217 6 2 552319.51 9.3867431 22.1003 23.78 90 1076106 244145 44638 102 0 0 0 0 0 0 553 309600 18527
23.786625 0.194824 -0.174694 5.99917 47314 1.0000007 281459 103143 4 2 551514.6 9.3867431 22.1003 23.786625 88 1076439 245340 45060 103 0 0 0 0 0 0 553 309490 18500
23.793375 0.194824 -0.173988 5.99919 47315 1.0000007 281495 103076 6 2 557596.17 9.3867431 22.1003 23.793375 97 1078298 245493 45173 104 0 0 0 0 0 0 553 309513 18704
23.8 0.194824 -0.173294 5.99921 47317 1.0000007 281389 103124 4 2 552528.19 9.3867431 22.1003 23.8 88 1080999 246664 45179 105 0 0 0 0 0 0 553 309427 18534
23.806625 0.194824 -0.1726 5.99923 47318 1.0000007 281502 103146 5 2 556314.27 9.3867431 22.1003 23.806625 94 1081941 247101 45310 106 0 0 0 0 0 0 553 309534 18661
23.813375 0.194824 -0.171893 5.99925 47320 1.0000007 281565 103238 5 2 560726.38 9.3867431 22.1003 23.813375 95 1082765 248232 45611 107 0 0 0 0 0 0 553 309593 18809
23.82 0.194824 -0.1712 5.99927 47321 1.0000007 281481 103137 5 2 565257.75 9.3867431 22.1003 23.82 86 1083790 248275 45805 108 0 0 0 0 0 0 553 309518 18961
23.826625 0.194824 -0.170506 5.99929 47323 1.0000007 281364 103108 6 2 574290.66 9.3867431 22.1003 23.826625 90 1085652 249364 46241 109 0 0 0 0 0 0 553 309390 19264
23.833375 0.194824 -0.169799 5.99931 47324 1.0000007 281389 103123 5 2 577092.95 9.3867431 22.1003 23.833375 94 1088122 251234 46540 110 0 0 0 0 0 0 553 309420 19358
23.84 0.194824 -0.169106 5.99933 47326 1.0000007 281286 103020 6 2 572114.42 9.3867431 22.1003 23.84 90 1087138 251510 46515 111 0 0 0 0 0 0 553 309309 19191
23.846625 0.194824 -0.168412 5.99935 47327 1.0000007 281242 103056 6 2 579686.56 9.3867431 22.1003 23.846625 90 1088971 252210 46969 112 0 0 0 0 0 0 553 309267 19445
23.853375 0.194824 -0.167705 5.99937 47329 1.0000007 281427 103164 5 2 578106.55 9.3867431 22.1003 23.853375 89 1093359 254124 47111 113 0 0 0 0 0 0 553 309462 19392
23.86 0.194824 -0.167011 5.99939 47330 1.0000007 281343 103076 5 2 581028.08 9.3867431 22.1003 23.86 93 1091926 255344 47440 114 0 0 0 0 0 0 553 309364 19490
23.866625 0.194824 -0.166318 5.99941 47332 1.0000007 281260 103025 5 2 583711.13 9.3867431 22.1003 23.866625 89 1095686 256979 47944 115 0 0 0 0 0 0 553 309304 19580
23.873375 0.194824 -0.165611 5.99943 47333 1.0000007 281404 103081 5 2 592714.23 9.3867431 22.1003 23.873375 93 1099398 258724 48226 116 0 0 0 0 0 0 553 309435 19882
23.88 0.194824 -0.164917 5.99945 47334 1.0000007 281440 103162 4 2 598467.87 9.3867431 22.1003 23.88 90 1099656 260060 48606 117 0 0 0 0 0 0 553 309476 20075
23.886625 0.194824 -0.164223 5.99946 47336 1.0000007 281356 103106 6 2 601508.65 9.3867431 22.1003 23.886625 94 1103606 262184 48835 118 0 0 0 0 0 0 553 309372 20177
23.893375 0.194824 -0.163517 5.99948 47338 1.0000007 281375 103111 6 2 602522.25 9.3867431 22.1003 23.893375 98 1104796 263935 49374 119 0 0 0 0 0 0 553 309397 20211
23.9 0.194824 -0.162823 5.9995 47339 1.0000007 281318 103112 5 2 603655.09 9.3867431 22.1003 23.9 108 1106045 265214 49484 120 0 0 0 0 0 0 553 309345 20249
23.906625 0.194824 -0.162129 5.99952 47340 1.0000007 281225 103039 5 2 613641.97 9.3867431 22.1003 23.906625 121 1108454 269327 50339 121 0 0 0 0 0 0 553 309259 20584
23.913375 0.194824 -0.161422 5.99954 47342 1.0000007 281189 103056 6 2 609289.48 9.3867431 22.1003 23.913375 120 1113865 270826 50544 122 0 0 0 0 0 0 553 309201 20438
23.92 0.194824 -0.160729 5.99956 47343 1.0000007 281321 103051 6 2 625685.86 9.3867431 22.1003 23.92 135 1118910 274429 51374 123 0 0 0 0 0 0 553 309344 20988
23.926625 0.194824 -0.160035 5.99958 47345 1.0000007 281226 103011 4 2 629531.56 9.3867431 22.1003 23.926625 172 1123896 280158 52415 124 0 0 0 0 0 0 553 309234 21117
23.933375 0.194824 -0.159328 5.9996 47346 1.0000007 281346 103113 5 2 642827.53 9.3867431 22.1003 23.933375 205 1131599 285447 53204 125 0 0 0 0 0 0 553 309369 21563
23.94 0.194824 -0.158635 5.99962 47348 1.0000007 281287 103000 6 2 647478.14 9.3867431 22.1003 23.94 242 1137542 290874 54176 126 0 0 0 0 0 0 553 309310 21719
23.946625 0.194824 -0.157941 5.99963 47349 1.0000007 281338 103100 6 2 658895.98 9.3867431 22.1003 23.946625 313 1143603 298330 55337 127 0 0 0 0 0 0 553 309351 22102
23.953375 0.194824 -0.157234 5.99965 47351 1.0000007 281388 103044 4 2 664649.62 9.3867431 22.1003 23.953375 410 1154774 307766 56629 128 0 0 0 0 0 0 553 309409 22295
23.96 0.194824 -0.15654 5.99967 47352 1.0000007 281314 103041 4 2 669926.28 9.3867431 22.1003 23.96 593 1163275 318801 58065 129 0 0 0 0 0 0 553 309326 22472
23.966625 0.194824 -0.155846 5.99969 47354 1.0000007 281289 103067 5 2 692434.03 9.3867431 22.1003 23.966625 835 1180327 333648 60626 130 0 0 0 0 0 0 553 309314 23227
23.973375 0.194824 -0.15514 5.99971 47355 1.0000007 281235 103088 5 2 699946.56 9.3867431 22.1003 23.973375 1178 1198534 352273 62671 131 0 0 0 0 0 0 553 309276 23479
23.98 0.194824 -0.154446 5.99972 47357 1.0000007 281140 103019 4 2 714703.3 9.3867431 22.1003 23.98 1727 1225851 377962 65234 132 0 0 0 0 0 0 553 309158 23974
23.986625 0.194824 -0.153752 5.99974 47358 1.0000007 281281 103085 5 2 723944.89 9.3867431 22.1003 23.986625 2514 1255548 408619 68001 133 0 0 0 0 0 0 553 309330 24284
23.993375 0.194824 -0.153045 5.99976 47360 1.0000007 281251 103079 4 2 748330.78 9.3867431 22.1003 23.993375 3994 1302801 454086 72230 134 0 0 0 0 0 0 553 309285 25102
24 0.194824 -0.152352 5.99978 47361 1.0000007 281203 103068 5 2 766575.48 9.3867431 22.1003 24 6300 1367531 518969 77562 135 0 0 0 0 0 0 553 309224 25714
24.006625 0.194824 -0.151658 5.9998 47363 1.0000007 281414 103186 6 2 777337.47 9.3867431 22.1003 24.006625 9929 1456489 607819 84061 136 0 0 0 0 0 0 553 309464 26075
24.013375 0.194824 -0.150951 5.99981 47364 1.0000007 281271 103107 6 2 792362.52 9.3867431 22.1003 24.013375 17031 1601304 753353 92643 137 0 0 0 0 0 0 553 309309 26579
24.02 0.194824 -0.150257 5.99983 47366 1.0000007 281143 102963 5 2 819252.58 9.3867431 22.1003 24.02 29926 1826216 977841 106427 138 0 0 0 0 0 0 553 309168 27481
24.026625 0.194824 -0.149564 5.99985 47367 1.0000007 281196 103048 5 2 846858.12 9.3867431 22.1003 24.026625 52191 2144759 1295519 122417 139 0 0 0 0 0 0 553 309249 28407
24.033375 0.194824 -0.148857 5.99987 47369 1.0000007 281116 102959 5 2 881350.14 9.3867431 22.1003 24.033375 107962 2693953 1844836 145090 140 0 0 0 0 0 0 553 309142 29564
24.04 0.194824 -0.148163 5.99988 47370 1.0000007 281251 103016 5 2 917779.92 9.3867431 22.1003 24.04 215398 3476050 2624008 174489 141 0 0 0 0 0 0 553 309289 30786
24.046625 0.194824 -0.147469 5.9999 47372 1.0000007 281046 102931 4 2 963659.97 9.3867431 22.1003 24.046625 322533 4317407 3466073 214309 142 0 0 0 0 0 0 553 309073 32325
24.053375 0.194824 -0.146762 5.99992 47373 1.0000007 280986 102920 5 2 1031153.4 9.3867431 22.1003 24.053375 332295 4907308 4053465 271195 143 0 0 0 0 0 0 553 309022 34589
24.06 0.194824 -0.146069 5.99993 47375 1.0000007 281302 103133 5 2 1048563.4 9.3867431 22.1003 24.06 306080 4994484 4140787 336030 144 0 0 0 0 0 0 553 309315 35173
24.066625 0.194824 -0.145375 5.99995 47376 1.0000007 282423 103590 5 2 1072472.3 9.3867431 22.1003 24.066625 219980 4656411 3799312 400701 145 0 0 0 0 0 0 553 310463 35975
24.073375 0.194824 -0.144668 5.99997 47378 1.0000007 282409 103611 4 2 1044002.2 9.3867431 22.1003 24.073375 147951 3895863 3037905 428039 146 0 0 0 0 0 0 553 310441 35020
24.08 0.194824 -0.143974 5.99998 47379 1.0000007 282421 103501 5 2 1045015.8 9.3867431 22.1003 24.08 99136 3029137 2172221 388701 147 0 0 0 0 0 0 553 310445 35054
24.086625 0.194824 -0.14328 6 47381 1.0000007 282344 103527 5 2 1042124.1 9.3867431 22.1003 24.086625 69525 2461598 1603685 341334 148 0 0 0 0 0 0 553 310380 34957
24.093375 0.194824 -0.142574 6.00002 47382 1.0000007 282270 103463 5 2 1023193.7 9.3867431 22.1003 24.093375 49837 2115777 1259437 298384 149 0 0 0 0 0 0 553 310301 34322
24.1 0.194824 -0.14188 6.00003 47384 1.0000007 282279 103469 5 2 1042303 9.3867431 22.1003 24.1 36719 1905289 1047781 269111 150 0 0 0 0 0 0 553 310311 34963
24.106625 0.194824 -0.141186 6.00005 47385 1.0000007 282299 103440 5 2 1056493.3 9.3867431 22.1003 24.106625 24455 1727813 870728 247071 151 0 0 0 0 0 0 553 310347 35439
24.113375 0.194824 -0.140479 6.00007 47387 1.0000007 282448 103554 6 2 1079150.1 9.3867431 22.1003 24.113375 19398 1597538 739600 229071 152 0 0 0 0 0 0 553 310465 36199
24.12 0.194824 -0.139785 6.00008 47388 1.0000007 282261 103473 6 2 1095963.9 9.3867431 22.1003 24.12 11865 1499397 642015 210108 153 0 0 0 0 0 0 553 310303 36763
24.126625 0.194824 -0.139092 6.0001 47390 1.0000007 282291 103517 6 2 1114655.7 9.3867431 22.1003 24.126625 9061 1430677 575037 188679 154 0 0 0 0 0 0 553 310325 37390
24.133375 0.194824 -0.138385 6.00012 47391 1.0000007 282226 103473 5 2 1165246 9.3867431 22.1003 24.133375 6225 1391016 533732 171655 155 0 0 0 0 0 0 553 310274 39087
24.14 0.194824 -0.137691 6.00013 47393 1.0000007 282205 103427 6 2 1214554.4 9.3867431 22.1003 24.14 4895 1369108 510307 160407 156 0 0 0 0 0 0 553 310247 40741
24.146625 0.194824 -0.136997 6.00015 47394 1.0000007 282296 103472 5 2 1264906.2 9.3867431 22.1003 24.146625 3467 1351856 492792 151351 157 0 0 0 0 0 0 553 310324 42430
24.153375 0.194824 -0.13629 6.00016 47396 1.0000007 282234 103426 5 2 1335857.8 9.3867431 22.1003 24.153375 1872 1342482 483811 144566 158 0 0 0 0 0 0 553 310261 44810
24.16 0.194824 -0.135597 6.00018 47397 1.0000007 282266 103408 6 2 1420284.2 9.3867431 22.1003 24.16 1206 1341983 480975 142844 159 0 0 0 0 0 0 553 310300 47642
24.166625 0.194824 -0.134903 6.0002 47399 1.0000007 282102 103396 6 2 1515353.4 9.3867431 22.1003 24.166625 808 1338673 479315 142132 160 0 0 0 0 0 0 553 310122 50831
24.173375 0.194824 -0.134196 6.00021 47400 1.0000007 282247 103478 6 2 1622079 9.3867431 22.1003 24.173375 850 1344770 483851 144600 161 0 0 0 0 0 0 553 310283 54411
24.18 0.194824 -0.133502 6.00023 47402 1.0000007 282237 103442 6 2 1740132.9 9.3867431 22.1003 24.18 982 1348328 488020 146849 162 0 0 0 0 0 0 553 310278 58371
24.186625 0.194824 -0.132808 6.00024 47403 1.0000007 282238 103457 5 2 1855742.3 9.3867431 22.1003 24.186625 954 1353823 492441 149520 163 0 0 0 0 0 0 553 310270 62249
24.193375 0.194824 -0.132101 6.00026 47405 1.0000007 281986 103293 6 2 1997258 9.3867431 22.1003 24.193375 925 1360355 498569 153319 164 0 0 0 0 0 0 553 310041 66996
24.2 0.194824 -0.131408 6.00027 47406 1.0000007 282184 103456 5 2 2129949.4 9.3867431 22.1003 24.2 893 1365318 503607 158112 165 0 0 0 0 0 0 553 310202 71447
24.206625 0.194824 -0.130714 6.00029 47408 1.0000007 282137 103386 5 2 2289739.6 9.3867431 22.1003 24.206625 838 1373451 512469 164385 166 0 0 0 0 0 0 553 310162 76807
24.213375 0.194824 -0.130007 6.0003 47409 1.0000007 282140 103333 4 2 2436412.6 9.3867431 22.1003 24.213375 818 1380194 519879 170175 167 0 0 0 0 0 0 553 310182 81727
24.22 0.194824 -0.129313 6.00032 47411 1.0000007 281993 103365 5 2 2569193.5 9.3867431 22.1003 24.22 748 1386479 525805 175009 168 0 0 0 0 0 0 553 310013 86181
24.226625 0.194824 -0.128619 6.00033 47412 1.0000007 281943 103297 5 2 2684832.7 9.3867431 22.1003 24.226625 728 1391731 530930 180772 169 0 0 0 0 0 0 553 309957 90060
24.233375 0.194824 -0.127912 6.00035 47414 1.0000007 281911 103276 6 2 2792869.9 9.3867431 22.1003 24.233375 710 1398725 537452 185831 170 0 0 0 0 0 0 553 309937 93684
24.24 0.194824 -0.127219 6.00036 47415 1.0000007 281964 103300 4 2 2924696.8 9.3867431 22.1003 24.24 693 1407352 545077 192808 171 0 0 0 0 0 0 553 309980 98106
24.246625 0.194824 -0.126525 6.00038 47416 1.0000007 281907 103287 5 2 3044509.6 9.3867431 22.1003 24.246625 686 1414636 552266 198400 172 0 0 0 0 0 0 553 309912 102125
24.253375 0.194824 -0.125818 6.00039 47418 1.0000007 281843 103231 6 2 3133586.7 9.3867431 22.1003 24.253375 694 1418417 559406 203828 173 0 0 0 0 0 0 553 309869 105113
24.26 0.194824 -0.125124 6.00041 47419 1.0000007 282000 103379 5 2 3247496.8 9.3867431 22.1003 24.26 693 1430497 569734 211176 174 0 0 0 0 0 0 553 310030 108934
24.266625 0.194824 -0.12443 6.00042 47421 1.0000007 281868 103227 4 2 3333026.3 9.3867431 22.1003 24.266625 668 1440613 579651 218502 175 0 0 0 0 0 0 553 309895 111803
24.273375 0.194824 -0.123723 6.00044 47422 1.0000007 281957 103242 5 2 3397866.5 9.3867431 22.1003 24.273375 675 1451655 587539 224065 176 0 0 0 0 0 0 553 309983 113978
24.28 0.194824 -0.123029 6.00045 47424 1.0000007 281886 103279 5 2 3497019.9 9.3867431 22.1003 24.28 701 1461533 598959 230853 177 0 0 0 0 0 0 553 309880 117304
24.286625 0.194824 -0.122336 6.00047 47425 1.0000007 281878 103241 4 2 3590061.9 9.3867431 22.1003 24.286625 709 1476630 613899 239296 178 0 0 0 0 0 0 553 309910 120425
24.293375 0.194824 -0.121629 6.00048 47427 1.0000007 281861 103298 5 2 3704240.4 9.3867431 22.1003 24.293375 716 1493737 629998 248957 179 0 0 0 0 0 0 553 309890 124255
24.3 0.194824 -0.120935 6.00049 47429 1.0000007 281774 103239 6 2 3770332.7 9.3867431 22.1003 24.3 730 1505438 644041 257312 180 0 0 0 0 0 0 553 309806 126472
24.306625 0.194824 -0.120241 6.00051 47430 1.0000007 281884 103305 6 2 3844146.2 9.3867431 22.1003 24.306625 800 1523067 663539 267257 181 0 0 0 0 0 0 553 309895 128948
24.313375 0.194824 -0.119534 6.00052 47431 1.0000007 281759 103193 5 2 3926128.1 9.3867431 22.1003 24.313375 797 1544254 683355 276950 182 0 0 0 0 0 0 553 309796 131698
24.32 0.194824 -0.11884 6.00054 47433 1.0000007 281939 103250 6 2 4030856.2 9.3867431 22.1003 24.32 959 1574603 711031 290152 183 0 0 0 0 0 0 553 309964 135211
24.326625 0.194824 -0.118147 6.00055 47434 1.0000007 282005 103281 5 2 4072681.9 9.3867431 22.1003 24.326625 1176 1604528 740721 302080 184 0 0 0 0 0 0 553 310030 136614
24.333375 0.194824 -0.11744 6.00056 47436 1.0000007 281691 103107 4 2 4072681.9 9.3867431 22.1003 24.333375 1176 1604528 740721 302080 185 0 0 0 0 0 0 553 309701 136614
24.34 0.194824 -0.116746 6.00058 47437 1.0000007 281733 103225 5 2 4198785 9.3867431 22.1003 24.34 1654 1673365 812558 331425 186 0 0 0 0 0 0 553 309779 140844
24.346625 0.194824 -0.116052 6.00059 47439 1.0000007 281848 103262 4 2 4276086.5 9.3867431 22.1003 24.346625 2071 1718416 856069 347233 187 0 0 0 0 0 0 553 309872 143437
24.353375 0.194824 -0.115345 6.0006 47440 1.0000007 281874 103267 5 2 4317166.9 9.3867431 22.1003 24.353375 2581 1767780 904777 363565 188 0 0 0 0 0 0 553 309905 144815
24.36 0.194824 -0.114651 6.00062 47442 1.0000007 281817 103234 4 2 4356607.6 9.3867431 22.1003 24.36 3068 1824137 962723 383790 189 0 0 0 0 0 0 553 309845 146138
24.366625 0.194824 -0.113957 6.00063 47443 1.0000007 281947 103251 5 2 4383676.5 9.3867431 22.1003 24.366625 3667 1893195 1030776 406041 190 0 0 0 0 0 0 553 309980 147046
24.373375 0.194824 -0.11325 6.00064 47445 1.0000007 281755 103176 5 2 4360304.2 9.3867431 22.1003 24.373375 4430 1966686 1105343 426396 191 0 0 0 0 0 0 553 309759 146262
24.38 0.194824 -0.112557 6.00066 47447 1.0000007 281843 103254 6 2 4378578.8 9.3867431 22.1003 24.38 5511 2070698 1207306 452098 192 0 0 0 0 0 0 553 309871 146875
24.386625 0.194824 -0.111863 6.00067 47448 1.0000007 281722 103208 4 2 4343639.6 9.3867431 22.1003 24.386625 7368 2189964 1326893 478300 193 0 0 0 0 0 0 553 309753 145703
24.393375 0.194824 -0.111156 6.00068 47449 1.0000007 281831 103217 4 2 4348558.5 9.3867431 22.1003 24.393375 9985 2342990 1479933 505246 194 0 0 0 0 0 0 553 309867 145868
24.4 0.194824 -0.110462 6.0007 47451 1.0000007 281820 103223 6 2 4333921 9.3867431 22.1003 24.4 13866 2540156 1675940 535332 195 0 0 0 0 0 0 553 309853 145377
24.406625 0.194824 -0.109768 6.00071 47452 1.0000007 281745 103205 4 2 4293258 9.3867431 22.1003 24.406625 21810 2796293 1933890 564930 196 0 0 0 0 0 0 553 309755 144013
24.413375 0.194824 -0.109061 6.00072 47454 1.0000007 281802 103259 5 2 4304705.6 9.3867431 22.1003 24.413375 36102 3144667 2280929 592732 197 0 0 0 0 0 0 553 309848 144397
24.42 0.194824 -0.108367 6.00073 47455 1.0000007 281697 103115 5 2 4237331.4 9.3867431 22.1003 24.42 55770 3574191 2711112 613926 198 0 0 0 0 0 0 553 309714 142137
24.426625 0.194824 -0.107673 6.00075 47457 1.0000007 281728 103195 4 2 4221262.9 9.3867431 22.1003 24.426625 75331 4138493 3275254 640938 199 0 0 0 0 0 0 553 309758 141598
24.433375 0.194824 -0.106966 6.00076 47458 1.0000007 281812 103266 5 2 4217834.6 9.3867431 22.1003 24.433375 93501 4783246 3919488 662610 200 0 0 0 0 0 0 553 309844 141483
24.44 0.194824 -0.106273 6.00077 47460 1.0000007 281759 103155 4 2 4191093.6 9.3867431 22.1003 24.44 107321 5418186 4552894 675410 201 0 0 0 0 0 0 553 309782 140586
24.446625 0.194824 -0.105579 6.00078 47461 1.0000007 281822 103275 4 2 4163428.4 9.3867431 22.1003 24.446625 127045 6121742 5256271 681922 202 0 0 0 0 0 0 553 309838 139658
24.453375 0.194824 -0.104872 6.0008 47463 1.0000007 281711 103196 4 2 4159642.4 9.3867431 22.1003 24.453375 173903 6956627 6089620 683806 203 0 0 0 0 0 0 553 309743 139531
24.46 0.194824 -0.104178 6.00081 47464 1.0000007 281646 103168 5 2 4182686.7 9.3867431 22.1003 24.46 233119 7592994 6726674 681063 204 0 0 0 0 0 0 553 309697 140304
24.466625 0.194824 -0.103484 6.00082 47466 1.0000007 281704 103197 5 2 4181732.8 9.3867431 22.1003 24.466625 262077 7987640 7120159 667662 205 0 0 0 0 0 0 553 309733 140272
24.473375 0.194824 -0.102777 6.00083 47467 1.0000007 281453 103016 5 2 4199053.3 9.3867431 22.1003 24.473375 294800 8298139 7432983 645507 206 0 0 0 0 0 0 553 309449 140853
24.48 0.194824 -0.102083 6.00084 47469 1.0000007 281683 103170 6 2 4284046.2 9.3867431 22.1003 24.48 332671 8682673 7814487 626924 207 0 0 0 0 0 0 553 309746 143704
24.486625 0.194824 -0.101389 6.00086 47470 1.0000007 281635 103173 5 2 4341284.4 9.3867431 22.1003 24.486625 350328 8779237 7910729 601019 208 0 0 0 0 0 0 553 309672 145624
24.493375 0.194824 -0.100682 6.00087 47472 1.0000007 281553 103087 5 2 4384272.8 9.3867431 22.1003 24.493375 331506 8442750 7575434 572649 209 0 0 0 0 0 0 553 309608 147066
24.5 0.194824 -0.0999886 6.00088 47473 1.0000007 281447 103076 6 2 4423743.3 9.3867431 22.1003 24.5 321369 7597563 6731235 548308 210 0 0 0 0 0 0 553 309474 148390
24.506625 0.194824 -0.0992947 6.00089 47474 1.0000007 281462 103038 5 2 4528471.5 9.3867431 22.1003 24.506625 274344 6337396 5472162 525435 211 0 0 0 0 0 0 553 309486 151903
24.513375 0.194824 -0.0985877 6.0009 47476 1.0000007 281535 103068 5 2 4635703.8 9.3867431 22.1003 24.513375 204443 5261515 4396732 507342 212 0 0 0 0 0 0 553 309562 155500
24.52 0.194824 -0.0978938 6.00091 47478 1.0000007 281448 103014 5 2 4637134.8 9.3867431 22.1003 24.52 131293 4395654 3533063 487752 213 0 0 0 0 0 0 553 309491 155548
24.526625 0.194824 -0.0972 6.00092 47479 1.0000007 281482 103094 6 2 4593281.9 9.3867431 22.1003 24.526625 76271 3630508 2767066 462543 214 0 0 0 0 0 0 553 309511 154077
24.533375 0.194824 -0.096493 6.00094 47481 1.0000007 281379 103008 6 2 4517977.8 9.3867431 22.1003 24.533375 40838 3036348 2175978 440004 215 0 0 0 0 0 0 553 309390 151551
24.54 0.194824 -0.0957991 6.00095 47482 1.0000007 281496 103063 6 2 4469623.4 9.3867431 22.1003 24.54 22696 2644258 1781797 426426 216 0 0 0 0 0 0 553 309538 149929
24.546625 0.194824 -0.0951052 6.00096 47484 1.0000007 281551 103123 4 2 4383438 9.3867431 22.1003 24.546625 14049 2374654 1512506 409531 217 0 0 0 0 0 0 553 309588 147038
24.553375 0.194824 -0.0943983 6.00097 47485 1.0000007 281403 103013 4 2 4183283 9.3867431 22.1003 24.553375 9169 2162684 1301666 380294 218 0 0 0 0 0 0 553 309432 140324
24.56 0.194824 -0.0937044 6.00098 47487 1.0000007 281573 103178 4 2 3851330.8 9.3867431 22.1003 24.56 5913 1992680 1131721 341386 219 0 0 0 0 0 0 553 309618 129189
24.566625 0.194824 -0.0930105 6.00099 47488 1.0000007 281566 103121 5 2 3426455.9 9.3867431 22.1003 24.566625 4305 1846102 984286 297068 220 0 0 0 0 0 0 553 309590 114937
24.573375 0.194824 -0.0923035 6.001 47490 1.0000007 281572 103093 5 2 2966850.4 9.3867431 22.1003 24.573375 3239 1724526 864182 256372 221 0 0 0 0 0 0 553 309609 99520
24.58 0.194824 -0.0916097 6.00101 47491 1.0000007 281401 102998 6 2 2584069.5 9.3867431 22.1003 24.58 2503 1628592 768539 221218 222 0 0 0 0 0 0 553 309440 86680
24.586625 0.194824 -0.0909158 6.00102 47492 1.0000007 281547 103082 6 2 2267917.5 9.3867431 22.1003 24.586625 1990 1554992 694014 193353 223 0 0 0 0 0 0 553 309570 76075
24.593375 0.194824 -0.0902088 6.00103 47494 1.0000007 281590 103129 5 2 2015830.6 9.3867431 22.1003 24.593375 1602 1492791 631357 168253 224 0 0 0 0 0 0 553 309618 67619
24.6 0.194824 -0.0895149 6.00104 47495 1.0000007 279902 102411 4 2 1776592.5 9.3867431 22.1003 24.6 1327 1429407 575720 146390 225 0 0 0 0 0 0 553 307889 59594
24.606625 0.194824 -0.088821 6.00105 47497 1.0000007 281780 103267 5 2 1621244.2 9.3867431 22.1003 24.606625 1119 1402902 540817 132787 226 0 0 0 0 0 0 553 309839 54383
24.613375 0.194824 -0.088114 6.00107 47498 1.0000007 281646 103176 6 2 1482173.1 9.3867431 22.1003 24.613375 930 1364630 506007 119985 227 0 0 0 0 0 0 553 309713 49718
24.62 0.194824 -0.0874201 6.00108 47500 1.0000007 281593 103187 6 2 1366027.1 9.3867431 22.1003 24.62 819 1339940 480070 111612 228 0 0 0 0 0 0 553 309627 45822
24.626625 0.194824 -0.0867262 6.00109 47501 1.0000007 281685 103281 6 2 1265025.4 9.3867431 22.1003 24.626625 727 1315508 457512 103174 229 0 0 0 0 0 0 553 309734 42434
24.633375 0.194824 -0.0860193 6.0011 47503 1.0000007 281615 103140 5 2 1184027.3 9.3867431 22.1003 24.633375 624 1295787 437196 96578 230 0 0 0 0 0 0 553 309670 39717
24.64 0.194824 -0.0853254 6.00111 47504 1.0000007 281580 103165 5 2 1115311.6 9.3867431 22.1003 24.64 526 1280564 420886 91081 231 0 0 0 0 0 0 553 309629 37412
24.646625 0.194824 -0.0846315 6.00112 47506 1.0000007 281423 103011 6 2 1041199.9 9.3867431 22.1003 24.646625 462 1261549 405205 85386 232 0 0 0 0 0 0 553 309466 34926
24.653375 0.194824 -0.0839245 6.00113 47507 1.0000007 281622 103179 6 2 993501.38 9.3867431 22.1003 24.653375 404 1250044 392276 81406 233 0 0 0 0 0 0 553 309665 33326
24.66 0.194824 -0.0832306 6.00113 47509 1.0000007 281521 103084 6 2 941509.95 9.3867431 22.1003 24.66 393 1238462 381428 77944 234 0 0 0 0 0 0 553 309573 31582
24.666625 0.194824 -0.0825367 6.00114 47510 1.0000007 281533 103075 5 2 902546.19 9.3867431 22.1003 24.666625 325 1226901 370419 74497 235 0 0 0 0 0 0 553 309552 30275
24.673375 0.194824 -0.0818297 6.00115 47512 1.0000007 281533 103135 6 2 869216.82 9.3867431 22.1003 24.673375 314 1217588 360143 71578 236 0 0 0 0 0 0 553 309581 29157
24.68 0.194824 -0.0811358 6.00116 47513 1.0000007 281431 103067 6 2 841939.21 9.3867431 22.1003 24.68 285 1210550 353691 69365 237 0 0 0 0 0 0 553 309484 28242
24.686625 0.194824 -0.0804419 6.00117 47515 1.0000007 281592 103209 5 2 807417.37 9.3867431 22.1003 24.686625 267 1200630 346925 67075 238 0 0 0 0 0 0 553 309628 27084
24.693375 0.194824 -0.0797349 6.00118 47516 1.0000007 281464 103132 6 2 776800.86 9.3867431 22.1003 24.693375 233 1193315 337697 64553 239 0 0 0 0 0 0 553 309500 26057
24.7 0.194824 -0.079041 6.00119 47518 1.0000007 281707 103184 6 2 776920.11 9.3867431 22.1003 24.7 225 1190213 333464 63686 240 0 0 0 0 0 0 553 309743 26061
24.706625 0.194824 -0.0783471 6.0012 47519 1.0000007 281700 103200 6 2 749165.51 9.3867431 22.1003 24.706625 210 1183499 328138 62229 241 0 0 0 0 0 0 553 309748 25130
24.713375 0.194824 -0.0776401 6.00121 47520 1.0000007 281754 103197 6 2 728595.5 9.3867431 22.1003 24.713375 197 1178348 323102 60721 242 0 0 0 0 0 0 553 309784 24440
24.72 0.194824 -0.0769462 6.00122 47522 1.0000007 281597 103200 6 2 728506.07 9.3867431 22.1003 24.72 196 1174743 318363 60016 243 0 0 0 0 0 0 553 309645 24437
24.726625 0.194824 -0.0762522 6.00123 47523 1.0000007 281632 103184 5 2 709575.7 9.3867431 22.1003 24.726625 175 1168835 313491 58794 244 0 0 0 0 0 0 553 309669 23802
24.733375 0.194824 -0.0755452 6.00124 47525 1.0000007 281691 103128 6 2 696846.15 9.3867431 22.1003 24.733375 177 1163030 309872 57736 245 0 0 0 0 0 0 553 309736 23375
24.74 0.194824 -0.0748513 6.00125 47526 1.0000007 281691 103179 5 2 693388 9.3867431 22.1003 24.74 166 1161960 306914 57060 246 0 0 0 0 0 0 553 309725 23259
24.746625 0.194824 -0.0741574 6.00125 47528 1.0000007 281770 103243 5 2 684027.16 9.3867431 22.1003 24.746625 153 1156190 303182 56426 247 0 0 0 0 0 0 553 309804 22945
24.753375 0.194824 -0.0734504 6.00126 47529 1.0000007 281627 103112 5 2 672460.26 9.3867431 22.1003 24.753375 143 1152193 298720 55151 248 0 0 0 0 0 0 553 309691 22557
24.76 0.194824 -0.0727565 6.00127 47531 1.0000007 281727 103173 6 2 664321.69 9.3867431 22.1003 24.76 145 1149205 297360 55114 249 0 0 0 0 0 0 553 309773 22284
24.766625 0.194824 -0.0720626 6.00128 47532 1.0000007 281651 103160 6 2 658180.5 9.3867431 22.1003 24.766625 145 1146058 293516 54264 250 0 0 0 0 0 0 553 309704 22078
24.773375 0.194824 -0.0713556 6.00129 47534 1.0000007 281647 103176 5 2 652188.37 9.3867431 22.1003 24.773375 132 1141990 291111 53594 251 0 0 0 0 0 0 553 309683 21877
24.78 0.194824 -0.0706617 6.0013 47535 1.0000007 281635 103199 5 2 649773.63 9.3867431 22.1003 24.78 126 1139144 288457 53202 252 0 0 0 0 0 0 553 309676 21796
24.786625 0.194824 -0.0699677 6.0013 47537 1.0000007 281651 103177 5 2 654245.37 9.3867431 22.1003 24.786625 121 1135850 286410 52678 253 0 0 0 0 0 0 553 309701 21946
24.793375 0.194824 -0.0692607 6.00131 47538 1.0000007 281500 103042 4 2 636239.17 9.3867431 22.1003 24.793375 123 1132639 284070 52165 254 0 0 0 0 0 0 553 309548 21342
24.8 0.194824 -0.0685668 6.00132 47540 1.0000007 281513 103015 6 2 631230.82 9.3867431 22.1003 24.8 116 1130568 281030 51526 255 0 0 0 0 0 0 553 309550 21174
24.806625 0.194824 -0.0678729 6.00133 47541 1.0000007 281636 103106 6 2 639429.01 9.3867431 22.1003 24.806625 113 1129021 279302 51441 256 0 0 0 0 0 0 553 309679 21449
24.813375 0.194824 -0.0671659 6.00134 47543 1.0000007 281599 103131 5 2 629322.88 9.3867431 22.1003 24.813375 110 1125911 277592 51150 257 0 0 0 0 0 0 553 309622 21110
24.82 0.194824 -0.0664719 6.00134 47544 1.0000007 281483 103111 5 2 619157.12 9.3867431 22.1003 24.82 115 1123828 275590 50584 258 0 0 0 0 0 0 553 309523 20769
24.826625 0.194824 -0.065778 6.00135 47545 1.0000007 281471 103017 4 2 611763.84 9.3867431 22.1003 24.826625 107 1120321 273358 49975 259 0 0 0 0 0 0 553 309513 20521
24.833375 0.194824 -0.065071 6.00136 47547 1.0000007 281434 103011 4 2 605533.22 9.3867431 22.1003 24.833375 104 1119704 271414 49291 260 0 0 0 0 0 0 553 309446 20312
24.84 0.194824 -0.0643771 6.00137 47548 1.0000007 281311 102986 5 2 603625.28 9.3867431 22.1003 24.84 101 1114109 270218 49312 261 0 0 0 0 0 0 553 309357 20248
24.846625 0.194824 -0.0636831 6.00137 47550 1.0000007 281405 102970 4 2 599302.59 9.3867431 22.1003 24.846625 108 1113954 268282 49020 262 0 0 0 0 0 0 553 309440 20103
24.853375 0.194824 -0.0629761 6.00138 47551 1.0000007 281396 102971 5 2 598139.94 9.3867431 22.1003 24.853375 100 1111311 265652 48690 263 0 0 0 0 0 0 553 309419 20064
24.86 0.194824 -0.0622822 6.00139 47553 1.0000007 281191 102880 4 2 597185.97 9.3867431 22.1003 24.86 99 1108538 264808 48415 264 0 0 0 0 0 0 553 309236 20032
24.866625 0.194824 -0.0615883 6.0014 47554 1.0000007 281215 102934 5 2 589315.71 9.3867431 22.1003 24.866625 104 1106517 262679 48021 265 0 0 0 0 0 0 553 309253 19768
24.873375 0.194824 -0.0608812 6.0014 47556 1.0000007 281230 102897 5 2 589733.07 9.3867431 22.1003 24.873375 96 1105491 263051 47903 266 0 0 0 0 0 0 553 309282 19782
24.88 0.194824 -0.0601873 6.00141 47557 1.0000007 281126 102843 4 2 585380.58 9.3867431 22.1003 24.88 91 1104057 261750 47657 267 0 0 0 0 0 0 553 309165 19636
24.886625 0.194824 -0.0594934 6.00142 47559 1.0000007 281215 102848 5 2 576765.03 9.3867431 22.1003 24.886625 95 1102591 259991 47227 268 0 0 0 0 0 0 553 309257 19347
24.893375 0.194824 -0.0587864 6.00142 47560 1.0000007 281151 102888 5 2 585410.39 9.3867431 22.1003 24.893375 94 1100722 259384 47494 269 0 0 0 0 0 0 553 309175 19637
24.9 0.194824 -0.0580924 6.00143 47562 1.0000007 280967 102717 4 2 572174.04 9.3867431 22.1003 24.9 92 1096653 257760 46717 270 0 0 0 0 0 0 553 308987 19193
24.906625 0.194824 -0.0573985 6.00144 47563 1.0000007 280904 102634 5 2 577778.62 9.3867431 22.1003 24.906625 96 1096453 256590 46829 271 0 0 0 0 0 0 553 308967 19381
24.913375 0.194824 -0.0566915 6.00144 47565 1.0000007 280941 102686 6 2 575930.3 9.3867431 22.1003 24.913375 93 1092844 255866 46661 272 0 0 0 0 0 0 553 309001 19319
24.92 0.194824 -0.0559975 6.00145 47566 1.0000007 281013 102741 5 2 569073.63 9.3867431 22.1003 24.92 89 1094148 254668 46124 273 0 0 0 0 0 0 553 309068 19089
24.926625 0.194824 -0.0553036 6.00146 47568 1.0000007 280845 102635 6 2 570683.46 9.3867431 22.1003 24.926625 92 1091124 253155 46135 274 0 0 0 0 0 0 553 308908 19143
24.933375 0.194824 -0.0545966 6.00146 47570 1.0000007 280817 102614 6 2 561978.47 9.3867431 22.1003 24.933375 89 1091709 252227 45860 275 0 0 0 0 0 0 553 308887 18851
24.94 0.194824 -0.0539026 6.00147 47571 1.0000007 280675 102466 5 2 561233.18 9.3867431 22.1003 24.94 90 1087349 251041 45904 276 0 0 0 0 0 0 553 308718 18826
24.946625 0.194824 -0.0532087 6.00148 47572 1.0000007 280629 102535 5 2 556880.69 9.3867431 22.1003 24.946625 88 1085436 250507 45668 277 0 0 0 0 0 0 553 308658 18680
24.953375 0.194824 -0.0525016 6.00148 47574 1.0000007 280743 102546 5 2 559444.49 9.3867431 22.1003 24.953375 94 1085716 249858 45539 278 0 0 0 0 0 0 553 308784 18766
24.96 0.194824 -0.0518077 6.00149 47575 1.0000007 280623 102474 5 2 549636.47 9.3867431 22.1003 24.96 91 1083396 249161 45048 279 0 0 0 0 0 0 553 308673 18437
24.966625 0.194824 -0.0511138 6.00149 47577 1.0000007 280694 102467 6 2 558162.59 9.3867431 22.1003 24.966625 87 1082569 248091 45182 280 0 0 0 0 0 0 553 308744 18723
24.973375 0.194824 -0.0504067 6.0015 47578 1.0000007 280691 102459 6 2 550441.38 9.3867431 22.1003 24.973375 91 1078884 247243 44645 281 0 0 0 0 0 0 553 308737 18464
24.98 0.194824 -0.0497128 6.00151 47580 1.0000007 280507 102328 4 2 551991.59 9.3867431 22.1003 24.98 89 1078924 246083 44709 282 0 0 0 0 0 0 553 308562 18516
24.986625 0.194824 -0.0490188 6.00151 47581 1.0000007 280576 102423 5 2 550709.69 9.3867431 22.1003 24.986625 97 1077084 245093 44216 283 0 0 0 0 0 0 553 308634 18473
24.993375 0.194824 -0.0483118 6.00152 47583 1.0000007 280336 102248 6 2 540335.25 9.3867431 22.1003 24.993375 88 1076359 244026 44267 284 0 0 0 0 0 0 553 308366 18125
25 0.194824 -0.0476179 6.00152 47584 1.0000007 280420 102273 6 2 543525.09 9.3867431 22.1003 25 91 1074809 243958 44207 285 0 0 0 0 0 0 553 308464 18232
25.006625 0.194824 -0.0469239 6.00153 47586 1.0000007 280473 102326 5 2 543733.77 9.3867431 22.1003 25.006625 90 1073653 243201 44178 286 0 0 0 0 0 0 553 308531 18239
25.013375 0.194824 -0.0462169 6.00153 47587 1.0000007 280400 102355 5 2 547549.66 9.3867431 22.1003 25.013375 90 1074331 242628 44616 287 0 0 0 0 0 0 553 308457 18367
25.02 0.194824 -0.0455229 6.00154 47589 1.0000007 280223 102184 5 2 533806.51 9.3867431 22.1003 25.02 94 1072162 242096 43779 288 0 0 0 0 0 0 553 308257 17906
25.026625 0.194824 -0.044829 6.00154 47590 1.0000007 280506 102356 4 2 538188.81 9.3867431 22.1003 25.026625 92 1072323 241910 43707 289 0 0 0 0 0 0 553 308551 18053
25.033375 0.194824 -0.0441219 6.00155 47592 1.0000007 280365 102231 6 2 534402.74 9.3867431 22.1003 25.033375 87 1069559 241448 43775 290 0 0 0 0 0 0 553 308437 17926
25.04 0.194824 -0.043428 6.00155 47593 1.0000007 280406 102263 5 2 537622.39 9.3867431 22.1003 25.04 92 1070059 240949 43507 291 0 0 0 0 0 0 553 308460 18034
25.046625 0.194824 -0.042734 6.00156 47595 1.0000007 280366 102284 5 2 530706.1 9.3867431 22.1003 25.046625 87 1067182 239718 43018 292 0 0 0 0 0 0 553 308406 17802
25.053375 0.194824 -0.042027 6.00156 47596 1.0000007 280366 102282 5 2 533597.83 9.3867431 22.1003 25.053375 85 1066446 238599 43298 293 0 0 0 0 0 0 553 308414 17899
25.06 0.194824 -0.0413331 6.00157 47598 1.0000007 280417 102261 6 2 532196.68 9.3867431 22.1003 25.06 86 1067450 239148 43263 294 0 0 0 0 0 0 553 308483 17852
25.066625 0.194824 -0.0406391 6.00157 47599 1.0000007 280356 102289 5 2 531361.96 9.3867431 22.1003 25.066625 93 1062775 238740 42810 295 0 0 0 0 0 0 553 308413 17824
25.073375 0.194824 -0.0399321 6.00158 47601 1.0000007 280440 102305 6 2 535803.89 9.3867431 22.1003 25.073375 94 1064940 238853 43567 296 0 0 0 0 0 0 553 308485 17973
25.08 0.194824 -0.0392381 6.00158 47602 1.0000007 280315 102214 6 2 530974.41 9.3867431 22.1003 25.08 90 1061137 237326 42956 297 0 0 0 0 0 0 553 308374 17811
25.086625 0.194824 -0.0385442 6.00159 47604 1.0000007 280393 102322 5 2 529871.38 9.3867431 22.1003 25.086625 91 1062278 237430 42827 298 0 0 0 0 0 0 553 308446 17774
25.093375 0.194824 -0.0378371 6.00159 47605 1.0000007 280309 102273 6 2 532792.92 9.3867431 22.1003 25.093375 97 1060911 237808 42970 299 0 0 0 0 0 0 553 308363 17872
25.1 0.194824 -0.0371432 6.0016 47607 1.0000007 280172 102201 4 2 531004.22 9.3867431 22.1003 25.1 86 1060302 236491 42920 300 0 0 0 0 0 0 553 308223 17812
