Eta  H  K  L  Epoch  Sec  ion1  Hubmon  scan_bar  Filters  Correct  Qmag  Energy  Graze  p_peak  p_total  p_del_s  p_nu_s  p_image  p_xcen  p_xsig  p_ycen  p_ysig  power  tempsp  gun_on  ion0  p_point
23.78 6.23277e-05 -0.171066 5.99756 1071 0.5000007 140925 104180 5 2 263146.99 9.3791289 22.1003 23.78 88 545256 118686 21287 0 0 0 0 0 0 0 553 154795 8827
23.79 6.14164e-05 -0.170019 5.99759 1072 0.5000007 141014 104372 5 2 267141.75 9.3791289 22.1003 23.79 72 547115 120258 21825 1 0 0 0 0 0 0 553 154867 8961
23.8 6.05107e-05 -0.168973 5.99762 1073 0.5000007 141001 104341 4 2 262491.14 9.3791289 22.1003 23.8 75 547547 119780 21516 2 0 0 0 0 0 0 553 154869 8805
23.81 5.96106e-05 -0.167927 5.99765 1074 0.5000007 141083 104450 4 2 267171.56 9.3791289 22.1003 23.81 79 547983 119912 21527 3 0 0 0 0 0 0 553 154937 8962
23.82 5.8716e-05 -0.16688 5.99768 1075 0.5000007 141054 104411 5 2 266933.07 9.3791289 22.1003 23.82 70 548215 120110 21624 4 0 0 0 0 0 0 553 154912 8954
23.83 5.7827e-05 -0.165834 5.99771 1076 0.5000007 141011 104323 4 2 267231.18 9.3791289 22.1003 23.83 71 548639 120393 21436 5 0 0 0 0 0 0 553 154891 8964
23.84 5.69437e-05 -0.164788 5.99774 1077 0.5000007 141096 104429 4 2 261119.8 9.3791289 22.1003 23.84 69 547985 119784 21488 6 0 0 0 0 0 0 553 154960 8759
23.85 5.60659e-05 -0.163741 5.99777 1078 0.5000007 141113 104508 4 2 271553.86 9.3791289 22.1003 23.85 71 549228 120057 21951 7 0 0 0 0 0 0 553 154972 9109
23.86 5.51937e-05 -0.162695 5.9978 1079 0.5000007 141093 104403 5 2 265472.3 9.3791289 22.1003 23.86 74 549020 119974 21477 8 0 0 0 0 0 0 553 154946 8905
23.87 5.43271e-05 -0.161649 5.99782 1080 0.5000007 141198 104609 5 2 265203.99 9.3791289 22.1003 23.87 73 550107 120161 21603 9 0 0 0 0 0 0 553 155062 8896
23.88 5.34661e-05 -0.160602 5.99785 1081 0.5000007 141176 104544 4 2 263951.91 9.3791289 22.1003 23.88 72 550887 120518 21615 10 0 0 0 0 0 0 553 155035 8854
23.89 5.26107e-05 -0.159556 5.99788 1082 0.5000007 141260 104688 4 2 268125.53 9.3791289 22.1003 23.89 79 551099 120848 21697 11 0 0 0 0 0 0 553 155135 8994
23.9 5.17609e-05 -0.15851 5.99791 1083 0.5000007 141134 104564 5 2 264727.01 9.3791289 22.1003 23.9 74 550515 120745 21778 12 0 0 0 0 0 0 553 154995 8880
23.91 5.09167e-05 -0.157463 5.99794 1084 0.5000007 141210 104646 5 2 270778.76 9.3791289 22.1003 23.91 75 551941 121172 21938 13 0 0 0 0 0 0 553 155053 9083
23.92 5.0078e-05 -0.156417 5.99796 1085 0.5000007 141265 104709 5 2 272239.53 9.3791289 22.1003 23.92 76 550737 120677 21956 14 0 0 0 0 0 0 553 155116 9132
23.93 4.9245e-05 -0.155371 5.99799 1086 0.5000007 141347 104803 4 2 265919.47 9.3791289 22.1003 23.93 67 551306 120938 21724 15 0 0 0 0 0 0 553 155220 8920
23.94 4.84175e-05 -0.154324 5.99802 1087 0.5000007 141347 104823 5 2 266247.4 9.3791289 22.1003 23.94 70 553078 121558 21824 16 0 0 0 0 0 0 553 155200 8931
23.95 4.75957e-05 -0.153278 5.99804 1088 0.5000007 141336 104842 4 2 268125.53 9.3791289 22.1003 23.95 68 552988 121465 21660 17 0 0 0 0 0 0 553 155215 8994
23.96 4.67794e-05 -0.152232 5.99807 1089 0.5000007 141397 104896 5 2 273282.94 9.3791289 22.1003 23.96 70 553456 121699 22067 18 0 0 0 0 0 0 553 155259 9167
23.97 4.59687e-05 -0.151185 5.9981 1090 0.5000007 141242 104678 5 2 262401.7 9.3791289 22.1003 23.97 69 551197 121178 21987 19 0 0 0 0 0 0 553 155121 8802
23.98 4.51636e-05 -0.150139 5.99812 1092 0.5000007 141520 104993 5 2 266843.63 9.3791289 22.1003 23.98 70 553643 121367 21835 20 0 0 0 0 0 0 553 155377 8951
23.99 4.43641e-05 -0.149092 5.99815 1093 0.5000007 141421 104950 6 2 272716.52 9.3791289 22.1003 23.99 81 555189 121926 22077 21 0 0 0 0 0 0 553 155277 9148
24 4.35702e-05 -0.148046 5.99818 1094 0.5000007 141318 104786 5 2 270331.59 9.3791289 22.1003 24 79 554359 121755 21968 22 0 0 0 0 0 0 553 155178 9068
24.01 4.27819e-05 -0.147 5.9982 1095 0.5000007 141363 104863 5 2 270957.63 9.3791289 22.1003 24.01 75 554490 121712 21980 23 0 0 0 0 0 0 553 155209 9089
24.02 4.19992e-05 -0.145953 5.99823 1096 0.5000007 141420 104950 5 2 271941.42 9.3791289 22.1003 24.02 74 555493 122304 22185 24 0 0 0 0 0 0 553 155273 9122
24.03 4.12221e-05 -0.144907 5.99825 1097 0.5000007 141325 104826 4 2 270659.52 9.3791289 22.1003 24.03 78 555749 122076 22143 25 0 0 0 0 0 0 553 155182 9079
24.04 4.04505e-05 -0.143861 5.99828 1098 0.5000007 141416 104965 4 2 276800.71 9.3791289 22.1003 24.04 66 557642 123288 22455 26 0 0 0 0 0 0 553 155258 9285
24.05 3.96846e-05 -0.142814 5.9983 1099 0.5000007 141314 104874 4 2 276830.52 9.3791289 22.1003 24.05 65 558004 122736 22238 27 0 0 0 0 0 0 553 155173 9286
24.06 3.89242e-05 -0.141768 5.99833 1100 0.5000007 141408 104992 5 2 266336.83 9.3791289 22.1003 24.06 63 557348 122759 22031 28 0 0 0 0 0 0 553 155268 8934
24.07 3.81695e-05 -0.140721 5.99835 1101 0.5000007 141395 104932 4 2 275280.31 9.3791289 22.1003 24.07 68 556999 123133 22475 29 0 0 0 0 0 0 553 155264 9234
24.08 3.74203e-05 -0.139675 5.99838 1102 0.5000007 141372 104886 6 2 276144.85 9.3791289 22.1003 24.08 78 558751 123184 22288 30 0 0 0 0 0 0 553 155228 9263
24.09 3.66767e-05 -0.138628 5.9984 1103 0.5000007 141397 104939 5 2 279185.63 9.3791289 22.1003 24.09 70 557516 122999 22524 31 0 0 0 0 0 0 553 155259 9365
24.1 3.59387e-05 -0.137582 5.99842 1104 0.5000007 141344 104876 4 2 277873.92 9.3791289 22.1003 24.1 82 556575 122529 22169 32 0 0 0 0 0 0 553 155196 9321
24.11 3.52063e-05 -0.136536 5.99845 1105 0.5000007 141370 104877 5 2 274713.89 9.3791289 22.1003 24.11 65 559889 123461 22399 33 0 0 0 0 0 0 553 155224 9215
24.12 3.44795e-05 -0.135489 5.99847 1106 0.5000007 141358 104919 4 2 278559.59 9.3791289 22.1003 24.12 74 559654 124066 22441 34 0 0 0 0 0 0 553 155219 9344
24.13 3.37583e-05 -0.134443 5.9985 1107 0.5000007 141411 105030 5 2 277605.62 9.3791289 22.1003 24.13 75 559560 123440 22488 35 0 0 0 0 0 0 553 155276 9312
24.14 3.30427e-05 -0.133396 5.99852 1108 0.5000007 141392 104931 5 2 281302.26 9.3791289 22.1003 24.14 66 560406 124459 22625 36 0 0 0 0 0 0 553 155252 9436
24.15 3.23327e-05 -0.13235 5.99854 1109 0.5000007 141372 104913 6 2 278112.42 9.3791289 22.1003 24.15 77 559387 123636 22466 37 0 0 0 0 0 0 553 155238 9329
24.16 3.16282e-05 -0.131303 5.99857 1110 0.5000007 141378 104945 5 2 277695.05 9.3791289 22.1003 24.16 74 560333 124202 22557 38 0 0 0 0 0 0 553 155231 9315
24.17 3.09294e-05 -0.130257 5.99859 1111 0.5000007 141245 104743 5 2 277188.26 9.3791289 22.1003 24.17 69 559475 124181 22668 39 0 0 0 0 0 0 553 155098 9298
24.18 3.02361e-05 -0.12921 5.99861 1112 0.5000007 141437 104981 4 2 278380.72 9.3791289 22.1003 24.18 70 563471 124603 22534 40 0 0 0 0 0 0 553 155288 9338
24.19 2.95485e-05 -0.128164 5.99863 1113 0.5000007 141326 104915 5 2 282912.08 9.3791289 22.1003 24.19 79 562802 125307 22909 41 0 0 0 0 0 0 553 155174 9490
24.2 2.88664e-05 -0.127117 5.99866 1114 0.5000007 141251 104820 5 2 279811.68 9.3791289 22.1003 24.2 73 560700 124935 22737 42 0 0 0 0 0 0 553 155109 9386
24.21 2.81899e-05 -0.126071 5.99868 1115 0.5000007 141390 104902 5 2 287204.95 9.3791289 22.1003 24.21 72 563584 125414 22907 43 0 0 0 0 0 0 553 155256 9634
24.22 2.7519e-05 -0.125025 5.9987 1116 0.5000007 141342 104902 4 2 280258.85 9.3791289 22.1003 24.22 72 564440 124907 22658 44 0 0 0 0 0 0 553 155194 9401
24.23 2.68537e-05 -0.123978 5.99872 1117 0.5000007 141279 104768 6 2 279752.05 9.3791289 22.1003 24.23 72 562853 125575 23002 45 0 0 0 0 0 0 553 155138 9384
24.24 2.6194e-05 -0.122932 5.99874 1118 0.5000007 141235 104776 4 2 285088.33 9.3791289 22.1003 24.24 66 564233 126390 23138 46 0 0 0 0 0 0 553 155085 9563
24.25 2.55399e-05 -0.121885 5.99876 1119 0.5000007 141275 104851 5 2 285505.69 9.3791289 22.1003 24.25 85 563464 125932 23026 47 0 0 0 0 0 0 553 155159 9577
24.26 2.48914e-05 -0.120839 5.99879 1120 0.5000007 141220 104809 5 2 288069.49 9.3791289 22.1003 24.26 68 565366 126294 23016 48 0 0 0 0 0 0 553 155090 9663
24.27 2.42485e-05 -0.119792 5.99881 1121 0.5000007 141271 104787 4 2 281928.3 9.3791289 22.1003 24.27 77 565883 127032 23189 49 0 0 0 0 0 0 553 155128 9457
24.28 2.36112e-05 -0.118746 5.99883 1122 0.5000007 141258 104754 5 2 287234.77 9.3791289 22.1003 24.28 71 564780 126721 23161 50 0 0 0 0 0 0 553 155102 9635
24.29 2.29794e-05 -0.117699 5.99885 1123 0.5000007 141203 104697 4 2 281451.32 9.3791289 22.1003 24.29 67 566633 126642 22842 51 0 0 0 0 0 0 553 155056 9441
24.3 2.23533e-05 -0.116653 5.99887 1124 0.5000007 141281 104812 4 2 285028.71 9.3791289 22.1003 24.3 77 568446 127796 23453 52 0 0 0 0 0 0 553 155157 9561
24.31 2.17327e-05 -0.115606 5.99889 1125 0.5000007 141271 104799 6 2 290364.98 9.3791289 22.1003 24.31 71 569109 127732 23129 53 0 0 0 0 0 0 553 155123 9740
24.32 2.11177e-05 -0.11456 5.99891 1126 0.5000007 141208 104653 4 2 285446.07 9.3791289 22.1003 24.32 79 568867 127453 23342 54 0 0 0 0 0 0 553 155069 9575
24.33 2.05084e-05 -0.113513 5.99893 1127 0.5000007 141221 104759 5 2 291587.26 9.3791289 22.1003 24.33 72 567746 127616 23538 55 0 0 0 0 0 0 553 155085 9781
24.34 1.99046e-05 -0.112467 5.99895 1129 0.5000007 141173 104646 6 2 286340.42 9.3791289 22.1003 24.34 61 568479 127718 23303 56 0 0 0 0 0 0 553 155027 9605
24.35 1.93064e-05 -0.11142 5.99897 1130 0.5000007 141161 104664 4 2 289530.26 9.3791289 22.1003 24.35 69 569971 128560 23500 57 0 0 0 0 0 0 553 155017 9712
24.36 1.87138e-05 -0.110373 5.99899 1131 0.5000007 141129 104626 5 2 286877.03 9.3791289 22.1003 24.36 71 570340 128280 23668 58 0 0 0 0 0 0 553 154990 9623
24.37 1.81268e-05 -0.109327 5.99901 1132 0.5000007 141112 104572 5 2 294300.12 9.3791289 22.1003 24.37 74 570921 129097 23745 59 0 0 0 0 0 0 553 154991 9872
24.38 1.75454e-05 -0.10828 5.99903 1133 0.5000007 141162 104585 5 2 292809.54 9.3791289 22.1003 24.38 75 571500 128822 23681 60 0 0 0 0 0 0 553 155042 9822
24.39 1.69696e-05 -0.107234 5.99904 1134 0.5000007 141128 104571 4 2 291825.75 9.3791289 22.1003 24.39 67 572453 129739 23930 61 0 0 0 0 0 0 553 154992 9789
24.4 1.63994e-05 -0.106187 5.99906 1135 0.5000007 141078 104489 4 2 293197.09 9.3791289 22.1003 24.4 81 573778 129897 23769 62 0 0 0 0 0 0 553 154945 9835
24.41 1.58347e-05 -0.105141 5.99908 1136 0.5000007 141114 104598 4 2 295015.59 9.3791289 22.1003 24.41 74 573348 130357 24041 63 0 0 0 0 0 0 553 155004 9896
24.42 1.52757e-05 -0.104094 5.9991 1137 0.5000007 141029 104543 5 2 294955.97 9.3791289 22.1003 24.42 72 574091 130310 24041 64 0 0 0 0 0 0 553 154878 9894
24.43 1.47222e-05 -0.103048 5.99912 1138 0.5000007 140993 104464 5 2 302200.19 9.3791289 22.1003 24.43 79 575120 130879 24255 65 0 0 0 0 0 0 553 154848 10137
24.44 1.41744e-05 -0.102001 5.99914 1139 0.5000007 141024 104458 4 2 296386.93 9.3791289 22.1003 24.44 78 576691 131259 24253 66 0 0 0 0 0 0 553 154879 9942
24.45 1.36321e-05 -0.100955 5.99915 1140 0.5000007 141003 104432 5 2 300500.93 9.3791289 22.1003 24.45 70 577006 131722 24504 67 0 0 0 0 0 0 553 154872 10080
24.46 1.30954e-05 -0.099908 5.99917 1141 0.5000007 141069 104524 4 2 301693.39 9.3791289 22.1003 24.46 63 577128 131601 24503 68 0 0 0 0 0 0 553 154943 10120
24.47 1.25644e-05 -0.0988614 5.99919 1142 0.5000007 141062 104485 4 2 305658.33 9.3791289 22.1003 24.47 73 580984 133743 24910 69 0 0 0 0 0 0 553 154929 10253
24.48 1.20389e-05 -0.0978149 5.99921 1143 0.5000007 140913 104305 5 2 310666.68 9.3791289 22.1003 24.48 72 579066 133251 24808 70 0 0 0 0 0 0 553 154772 10421
24.49 1.1519e-05 -0.0967683 5.99922 1144 0.5000007 140968 104331 6 2 308848.18 9.3791289 22.1003 24.49 71 579931 133589 25000 71 0 0 0 0 0 0 553 154824 10360
24.5 1.10047e-05 -0.0957217 5.99924 1145 0.5000007 141005 104398 5 2 305151.54 9.3791289 22.1003 24.5 60 580578 134295 24770 72 0 0 0 0 0 0 553 154855 10236
24.51 1.0496e-05 -0.0946752 5.99926 1146 0.5000007 140965 104391 4 2 310905.18 9.3791289 22.1003 24.51 72 581393 133884 24926 73 0 0 0 0 0 0 553 154830 10429
24.52 9.99286e-06 -0.0936286 5.99927 1147 0.5000007 140849 104275 4 2 309354.97 9.3791289 22.1003 24.52 69 582281 134381 25057 74 0 0 0 0 0 0 553 154719 10377
24.53 9.49533e-06 -0.092582 5.99929 1148 0.5000007 140915 104276 4 2 316629 9.3791289 22.1003 24.53 68 583346 135152 25291 75 0 0 0 0 0 0 553 154788 10621
24.54 9.0034e-06 -0.0915354 5.9993 1149 0.5000007 140793 104162 5 2 316390.51 9.3791289 22.1003 24.54 84 582780 135223 25352 76 0 0 0 0 0 0 553 154652 10613
24.55 8.51706e-06 -0.0904888 5.99932 1150 0.5000007 140827 104216 5 2 317225.24 9.3791289 22.1003 24.55 76 583887 135611 25327 77 0 0 0 0 0 0 553 154668 10641
24.56 8.03632e-06 -0.0894422 5.99934 1151 0.5000007 140918 104300 4 2 318209.02 9.3791289 22.1003 24.56 70 586919 137304 25706 78 0 0 0 0 0 0 553 154788 10674
24.57 7.56117e-06 -0.0883956 5.99935 1152 0.5000007 140845 104167 6 2 323187.56 9.3791289 22.1003 24.57 79 586249 137401 25793 79 0 0 0 0 0 0 553 154702 10841
24.58 7.09161e-06 -0.0873491 5.99937 1153 0.5000007 140727 104100 4 2 319252.42 9.3791289 22.1003 24.58 69 589045 137580 25847 80 0 0 0 0 0 0 553 154600 10709
24.59 6.62764e-06 -0.0863025 5.99938 1154 0.5000007 140706 104041 5 2 318924.5 9.3791289 22.1003 24.59 72 590653 138478 25984 81 0 0 0 0 0 0 553 154595 10698
24.6 6.16926e-06 -0.0852559 5.9994 1155 0.5000007 140730 104035 4 2 325602.3 9.3791289 22.1003 24.6 95 590511 139370 26205 82 0 0 0 0 0 0 553 154590 10922
24.61 5.71648e-06 -0.0842093 5.99941 1156 0.5000007 140743 104044 4 2 329000.82 9.3791289 22.1003 24.61 68 592492 139744 26478 83 0 0 0 0 0 0 553 154600 11036
24.62 5.26929e-06 -0.0831626 5.99943 1157 0.5000007 140705 104036 4 2 330372.15 9.3791289 22.1003 24.62 89 593998 141289 26698 84 0 0 0 0 0 0 553 154567 11082
24.63 4.82769e-06 -0.082116 5.99944 1158 0.5000007 140673 103967 5 2 331385.75 9.3791289 22.1003 24.63 114 596326 141974 26712 85 0 0 0 0 0 0 553 154523 11116
24.64 4.39169e-06 -0.0810694 5.99945 1159 0.5000007 140655 103967 4 2 331057.82 9.3791289 22.1003 24.64 98 595879 142306 26906 86 0 0 0 0 0 0 553 154520 11105
24.65 3.96128e-06 -0.0800228 5.99947 1160 0.5000007 140630 103935 4 2 334009.17 9.3791289 22.1003 24.65 75 597878 143872 27243 87 0 0 0 0 0 0 553 154487 11204
24.66 3.53646e-06 -0.0789762 5.99948 1161 0.5000007 140684 103988 6 2 336095.98 9.3791289 22.1003 24.66 78 600743 144185 27376 88 0 0 0 0 0 0 553 154537 11274
24.67 3.11723e-06 -0.0779296 5.9995 1162 0.5000007 140747 104037 4 2 338123.17 9.3791289 22.1003 24.67 72 602517 145080 27424 89 0 0 0 0 0 0 553 154619 11342
24.68 2.7036e-06 -0.076883 5.99951 1163 0.5000007 140558 103844 5 2 340836.02 9.3791289 22.1003 24.68 73 604341 146199 27753 90 0 0 0 0 0 0 553 154434 11433
24.69 2.29556e-06 -0.0758363 5.99952 1164 0.5000007 140611 103917 5 2 348736.1 9.3791289 22.1003 24.69 79 606562 147370 28077 91 0 0 0 0 0 0 553 154488 11698
24.7 1.89311e-06 -0.0747897 5.99954 1165 0.5000007 140561 103805 5 2 351121.02 9.3791289 22.1003 24.7 85 610080 148721 28291 92 0 0 0 0 0 0 553 154451 11778
24.71 1.49626e-06 -0.0737431 5.99955 1166 0.5000007 140496 103780 4 2 348110.05 9.3791289 22.1003 24.71 105 611022 149609 28095 93 0 0 0 0 0 0 553 154376 11677
24.72 1.10499e-06 -0.0726965 5.99956 1167 0.5000007 140547 103833 4 2 352671.23 9.3791289 22.1003 24.72 141 612892 151087 28615 94 0 0 0 0 0 0 553 154408 11830
24.73 7.19324e-07 -0.0716498 5.99957 1168 0.5000007 140472 103751 5 2 349213.08 9.3791289 22.1003 24.73 138 616026 151498 28489 95 0 0 0 0 0 0 553 154356 11714
24.74 3.39248e-07 -0.0706032 5.99959 1169 0.5000007 140603 103900 4 2 351627.82 9.3791289 22.1003 24.74 130 617905 153457 28767 96 0 0 0 0 0 0 553 154483 11795
24.75 -3.52354e-08 -0.0695566 5.9996 1170 0.5000007 140515 103765 6 2 354728.23 9.3791289 22.1003 24.75 157 620981 154602 28931 97 0 0 0 0 0 0 553 154387 11899
24.76 -4.04126e-07 -0.0685099 5.99961 1171 0.5000007 140444 103747 5 2 359259.59 9.3791289 22.1003 24.76 156 623756 155718 29308 98 0 0 0 0 0 0 553 154311 12051
24.77 -7.67424e-07 -0.0674633 5.99962 1172 0.5000007 140551 103817 5 2 352075 9.3791289 22.1003 24.77 185 628004 157312 29252 99 0 0 0 0 0 0 553 154420 11810
24.78 -1.12513e-06 -0.0664166 5.99963 1174 0.5000007 140466 103687 5 2 364685.3 9.3791289 22.1003 24.78 185 629534 158697 29787 100 0 0 0 0 0 0 553 154327 12233
24.79 -1.47724e-06 -0.06537 5.99965 1175 0.5000007 140498 103704 4 2 356636.17 9.3791289 22.1003 24.79 234 636019 160638 29688 101 0 0 0 0 0 0 553 154380 11963
24.8 -1.82376e-06 -0.0643234 5.99966 1176 0.5000007 140533 103770 4 2 367278.91 9.3791289 22.1003 24.8 336 641594 162999 30274 102 0 0 0 0 0 0 553 154394 12320
24.81 -2.16469e-06 -0.0632767 5.99967 1177 0.5000007 140992 104115 5 2 376371.45 9.3791289 22.1003 24.81 589 651824 166121 30565 103 0 0 0 0 0 0 553 154866 12625
24.82 -2.50002e-06 -0.0622301 5.99968 1178 0.5000007 141051 104183 4 2 370588 9.3791289 22.1003 24.82 822 661297 169242 30728 104 0 0 0 0 0 0 553 154926 12431
24.83 -2.82976e-06 -0.0611834 5.99969 1179 0.5000007 140913 104100 5 2 368471.38 9.3791289 22.1003 24.83 1004 669835 172120 30844 105 0 0 0 0 0 0 553 154765 12360
24.84 -3.15391e-06 -0.0601367 5.9997 1180 0.5000007 140950 104115 4 2 368799.3 9.3791289 22.1003 24.84 1802 685562 175448 31120 106 0 0 0 0 0 0 553 154808 12371
24.85 -3.47246e-06 -0.0590901 5.99971 1181 0.5000007 140879 103982 5 2 372764.25 9.3791289 22.1003 24.85 3360 714031 179693 31580 107 0 0 0 0 0 0 553 154762 12504
24.86 -3.78542e-06 -0.0580434 5.99972 1182 0.5000007 140872 103931 4 2 373598.97 9.3791289 22.1003 24.86 4996 756041 183259 31701 108 0 0 0 0 0 0 553 154736 12532
24.87 -4.09279e-06 -0.0569968 5.99973 1183 0.5000007 140897 103981 4 2 376162.77 9.3791289 22.1003 24.87 5680 810870 189016 31876 109 0 0 0 0 0 0 553 154780 12618
24.88 -4.39456e-06 -0.0559501 5.99974 1184 0.5000007 140839 103987 4 2 377086.93 9.3791289 22.1003 24.88 6489 855337 195048 32213 110 0 0 0 0 0 0 553 154702 12649
24.89 -4.69075e-06 -0.0549035 5.99975 1185 0.5000007 140880 103928 6 2 376401.26 9.3791289 22.1003 24.89 7777 877454 201228 32326 111 0 0 0 0 0 0 553 154769 12626
24.9 -4.98134e-06 -0.0538568 5.99976 1186 0.5000007 140851 103947 5 2 383705.1 9.3791289 22.1003 24.9 8388 882861 208049 32794 112 0 0 0 0 0 0 553 154734 12871
24.91 -5.26633e-06 -0.0528101 5.99977 1187 0.5000007 140840 103884 4 2 373092.17 9.3791289 22.1003 24.91 6907 868877 212277 32918 113 0 0 0 0 0 0 553 154713 12515
24.92 -5.54574e-06 -0.0517635 5.99978 1188 0.5000007 140832 103974 5 2 381230.74 9.3791289 22.1003 24.92 6554 851833 217814 33142 114 0 0 0 0 0 0 553 154705 12788
24.93 -5.81955e-06 -0.0507168 5.99979 1189 0.5000007 140864 103935 5 2 384211.9 9.3791289 22.1003 24.93 6624 833553 222542 33641 115 0 0 0 0 0 0 553 154749 12888
24.94 -6.08776e-06 -0.0496701 5.9998 1190 0.5000007 140858 103981 4 2 378637.13 9.3791289 22.1003 24.94 4811 813584 225746 33556 116 0 0 0 0 0 0 553 154733 12701
24.95 -6.35039e-06 -0.0486234 5.99981 1191 0.5000007 140816 103938 5 2 387729.67 9.3791289 22.1003 24.95 3493 801743 231299 34080 117 0 0 0 0 0 0 553 154683 13006
24.96 -6.60742e-06 -0.0475768 5.99981 1192 0.5000007 140776 103841 5 2 382631.89 9.3791289 22.1003 24.96 3018 793375 238799 34234 118 0 0 0 0 0 0 553 154650 12835
24.97 -6.85886e-06 -0.0465301 5.99982 1193 0.5000007 140745 103833 6 2 385970.79 9.3791289 22.1003 24.97 2696 787604 246277 34627 119 0 0 0 0 0 0 553 154628 12947
24.98 -7.1047e-06 -0.0454834 5.99983 1194 0.5000007 140794 103838 5 2 385285.12 9.3791289 22.1003 24.98 2423 791472 258210 34613 120 0 0 0 0 0 0 553 154693 12924
24.99 -7.34495e-06 -0.0444367 5.99984 1195 0.5000007 140784 103859 4 2 387014.19 9.3791289 22.1003 24.99 2607 802466 271688 34525 121 0 0 0 0 0 0 553 154654 12982
25 -7.57961e-06 -0.0433901 5.99985 1196 0.5000007 140737 103776 5 2 390800.26 9.3791289 22.1003 25 2356 814799 287175 34902 122 0 0 0 0 0 0 553 154605 13109
25.01 -7.80868e-06 -0.0423434 5.99985 1197 0.5000007 140706 103715 5 2 387014.19 9.3791289 22.1003 25.01 1339 830352 307737 34691 123 0 0 0 0 0 0 553 154581 12982
25.02 -8.03215e-06 -0.0412967 5.99986 1198 0.5000007 140716 103810 4 2 399803.37 9.3791289 22.1003 25.02 1159 862678 338670 35324 124 0 0 0 0 0 0 553 154573 13411
25.03 -8.25003e-06 -0.04025 5.99987 1199 0.5000007 140684 103739 4 2 400101.48 9.3791289 22.1003 25.03 1645 893610 368583 35414 125 0 0 0 0 0 0 553 154563 13421
25.04 -8.46231e-06 -0.0392033 5.99987 1201 0.5000007 140739 103795 4 2 405825.31 9.3791289 22.1003 25.04 2192 916817 391009 35605 126 0 0 0 0 0 0 553 154617 13613
25.05 -8.66901e-06 -0.0381566 5.99988 1202 0.5000007 140724 103798 5 2 415812.2 9.3791289 22.1003 25.05 2027 922116 397539 35926 127 0 0 0 0 0 0 553 154599 13948
25.06 -8.87011e-06 -0.03711 5.99989 1203 0.5000007 140743 103843 4 2 416497.86 9.3791289 22.1003 25.06 1690 917478 392158 36241 128 0 0 0 0 0 0 553 154630 13971
25.07 -9.06561e-06 -0.0360633 5.99989 1204 0.5000007 140815 103962 4 2 440555.82 9.3791289 22.1003 25.07 1314 911058 385317 37171 129 0 0 0 0 0 0 553 154700 14778
25.08 -9.25553e-06 -0.0350166 5.9999 1205 0.5000007 140764 103849 4 2 437425.61 9.3791289 22.1003 25.08 1568 914182 386491 37774 130 0 0 0 0 0 0 553 154629 14673
25.09 -9.43985e-06 -0.0339699 5.99991 1206 0.5000007 140854 104007 4 2 445385.3 9.3791289 22.1003 25.09 2023 925222 396078 38436 131 0 0 0 0 0 0 553 154737 14940
25.1 -9.61857e-06 -0.0329232 5.99991 1207 0.5000007 140718 103800 5 2 440585.64 9.3791289 22.1003 25.1 3343 951566 420907 38836 132 0 0 0 0 0 0 553 154600 14779
25.11 -9.79171e-06 -0.0318765 5.99992 1208 0.5000007 140779 103884 4 2 443477.36 9.3791289 22.1003 25.11 5492 1001219 467002 39555 133 0 0 0 0 0 0 553 154648 14876
25.12 -9.95925e-06 -0.0308298 5.99992 1209 0.5000007 140827 104037 6 2 443954.35 9.3791289 22.1003 25.12 19173 1100731 567156 40108 134 0 0 0 0 0 0 553 154689 14892
25.13 -1.01212e-05 -0.0297831 5.99993 1210 0.5000007 140783 103923 5 2 455342.38 9.3791289 22.1003 25.13 34661 1230068 698948 41073 135 0 0 0 0 0 0 553 154648 15274
25.14 -1.02776e-05 -0.0287364 5.99993 1211 0.5000007 140796 103954 5 2 454925.02 9.3791289 22.1003 25.14 34540 1352060 821952 41293 136 0 0 0 0 0 0 553 154651 15260
25.15 -1.04283e-05 -0.0276897 5.99994 1212 0.5000007 140864 104064 4 2 483186.41 9.3791289 22.1003 25.15 44935 1651381 1121067 43133 137 0 0 0 0 0 0 553 154715 16208
25.16 -1.05735e-05 -0.026643 5.99994 1213 0.5000007 140759 103920 5 2 496571.82 9.3791289 22.1003 25.16 331596 3240015 2705819 45469 138 0 0 0 0 0 0 553 154640 16657
25.17 -1.07131e-05 -0.0255963 5.99995 1214 0.5000007 140870 104021 5 2 574290.66 9.3791289 22.1003 25.17 548090 6976090 6428276 54565 139 0 0 0 0 0 0 553 154744 19264
25.18 -1.0847e-05 -0.0245496 5.99995 1215 0.5000007 140842 104042 4 2 577063.14 9.3791289 22.1003 25.18 561872 8698470 8144085 54747 140 0 0 0 0 0 0 553 154720 19357
25.19 -1.09754e-05 -0.0235029 5.99996 1216 0.5000007 140932 104129 6 2 541796.02 9.3791289 22.1003 25.19 551973 6636262 6081099 51596 141 0 0 0 0 0 0 553 154791 18174
25.2 -1.10982e-05 -0.0224562 5.99996 1217 0.5000007 141057 104278 5 2 526055.49 9.3791289 22.1003 25.2 365974 4081472 3524042 49522 142 0 0 0 0 0 0 553 154927 17646
25.21 -1.12154e-05 -0.0214095 5.99996 1218 0.5000007 140957 104209 5 2 525727.57 9.3791289 22.1003 25.21 136312 2700841 2133832 49288 143 0 0 0 0 0 0 553 154812 17635
25.22 -1.1327e-05 -0.0203628 5.99997 1219 0.5000007 141149 104446 5 2 520689.41 9.3791289 22.1003 25.22 110237 2265847 1679233 49532 144 0 0 0 0 0 0 553 155016 17466
25.23 -1.1433e-05 -0.0193161 5.99997 1220 0.5000007 141045 104255 5 2 528708.73 9.3791289 22.1003 25.23 286221 2237586 1609495 50513 145 0 0 0 0 0 0 553 154920 17735
25.24 -1.15335e-05 -0.0182694 5.99997 1221 0.5000007 141033 104323 5 2 529781.94 9.3791289 22.1003 25.24 121844 2079286 1354064 51661 146 0 0 0 0 0 0 553 154885 17771
25.25 -1.16283e-05 -0.0172227 5.99998 1222 0.5000007 141208 104555 5 2 536728.05 9.3791289 22.1003 25.25 116439 2162682 1197068 54077 147 0 0 0 0 0 0 553 155054 18004
25.26 -1.17175e-05 -0.016176 5.99998 1223 0.5000007 141163 104482 4 2 545254.16 9.3791289 22.1003 25.26 95508 2572381 1153067 54983 148 0 0 0 0 0 0 553 155011 18290
25.27 -1.18012e-05 -0.0151293 5.99998 1224 0.5000007 141292 104626 4 2 545075.29 9.3791289 22.1003 25.27 262407 3258733 1213718 56397 149 0 0 0 0 0 0 553 155148 18284
25.28 -1.18792e-05 -0.0140826 5.99999 1225 0.5000007 141168 104547 4 2 548086.27 9.3791289 22.1003 25.28 337668 3722068 1387901 56113 150 0 0 0 0 0 0 553 155003 18385
25.29 -1.19517e-05 -0.0130359 5.99999 1226 0.5000007 141356 104809 4 2 548771.93 9.3791289 22.1003 25.29 194644 3217063 1395445 55672 151 0 0 0 0 0 0 553 155218 18408
25.3 -1.20185e-05 -0.0119892 5.99999 1227 0.5000007 141241 104673 4 2 556552.76 9.3791289 22.1003 25.3 64135 2415964 1131095 55838 152 0 0 0 0 0 0 553 155084 18669
25.31 -1.20798e-05 -0.0109425 5.99999 1228 0.5000007 141398 104769 4 2 572531.78 9.3791289 22.1003 25.31 20848 2165558 915310 56454 153 0 0 0 0 0 0 553 155257 19205
25.32 -1.21355e-05 -0.00989581 5.99999 1229 0.5000007 141377 104771 5 2 575989.92 9.3791289 22.1003 25.32 32072 2457005 828933 56756 154 0 0 0 0 0 0 553 155224 19321
25.33 -1.21856e-05 -0.0088491 6 1230 0.5000007 141488 104911 4 2 587437.58 9.3791289 22.1003 25.33 126464 3581638 806720 55487 155 0 0 0 0 0 0 553 155361 19705
25.34 -1.22301e-05 -0.0078024 6 1231 0.5000007 141486 104955 5 2 599123.73 9.3791289 22.1003 25.34 432066 5293094 864852 55611 156 0 0 0 0 0 0 553 155338 20097
25.35 -1.2269e-05 -0.00675569 6 1232 0.5000007 141531 104979 5 2 581266.58 9.3791289 22.1003 25.35 439186 5096567 979188 53662 157 0 0 0 0 0 0 553 155369 19498
25.36 -1.23023e-05 -0.00570899 6 1233 0.5000007 141569 105100 5 2 594711.61 9.3791289 22.1003 25.36 106023 2882584 1200773 54021 158 0 0 0 0 0 0 553 155422 19949
25.37 -1.233e-05 -0.00466228 6 1234 0.5000007 141533 105029 5 2 591313.09 9.3791289 22.1003 25.37 176359 2750131 1691915 55079 159 0 0 0 0 0 0 553 155403 19835
25.38 -1.23521e-05 -0.00361557 6 1235 0.5000007 141547 105055 6 2 604161.89 9.3791289 22.1003 25.38 65424 2480948 1675500 57060 160 0 0 0 0 0 0 553 155416 20266
25.39 -1.23686e-05 -0.00256887 6 1236 0.5000007 141664 105242 4 2 627593.8 9.3791289 22.1003 25.39 118935 2253604 1571499 61288 161 0 0 0 0 0 0 553 155505 21052
25.4 -1.23795e-05 -0.00152216 6 1237 0.5000007 141702 105263 4 2 658478.62 9.3791289 22.1003 25.4 34721 1785413 1167229 67250 162 0 0 0 0 0 0 553 155549 22088
25.41 -1.23849e-05 -0.000475451 6 1238 0.5000007 141641 105280 4 2 690526.09 9.3791289 22.1003 25.41 17233 1534323 951678 76967 163 0 0 0 0 0 0 553 155488 23163
25.42 -1.23846e-05 0.000571256 6 1239 0.5000007 141713 105320 5 2 731069.87 9.3791289 22.1003 25.42 21956 1410868 845948 92546 164 0 0 0 0 0 0 553 155544 24523
25.43 -1.23788e-05 0.00161796 6 1240 0.5000007 141806 105416 5 2 821667.32 9.3791289 22.1003 25.43 14122 1242502 688495 111855 165 0 0 0 0 0 0 553 155643 27562
25.44 -1.23673e-05 0.00266467 6 1241 0.5000007 141763 105433 5 2 960887.49 9.3791289 22.1003 25.44 2930 1062354 513474 113754 166 0 0 0 0 0 0 553 155623 32232
25.45 -1.23503e-05 0.00371138 6 1243 0.5000007 141828 105497 6 2 1194222.9 9.3791289 22.1003 25.45 1145 983584 439219 108590 167 0 0 0 0 0 0 553 155669 40059
25.46 -1.23277e-05 0.00475808 6 1244 0.5000007 141750 105391 4 2 1319044.1 9.3791289 22.1003 25.46 903 937667 398551 104238 168 0 0 0 0 0 0 553 155572 44246
25.47 -1.22995e-05 0.00580479 6 1245 0.5000007 141823 105473 5 2 1252981.5 9.3791289 22.1003 25.47 671 906338 369782 96511 169 0 0 0 0 0 0 553 155682 42030
25.48 -1.22656e-05 0.0068515 6 1246 0.5000007 141794 105462 4 2 1144050 9.3791289 22.1003 25.48 617 892232 356257 89166 170 0 0 0 0 0 0 553 155640 38376
25.49 -1.22262e-05 0.0078982 6 1247 0.5000007 141830 105519 5 2 1005008.7 9.3791289 22.1003 25.49 829 890108 355729 80980 171 0 0 0 0 0 0 553 155688 33712
25.5 -1.21812e-05 0.00894491 6 1248 0.5000007 141826 105510 6 2 878130.49 9.3791289 22.1003 25.5 1139 909315 373496 72107 172 0 0 0 0 0 0 553 155645 29456
25.51 -1.21306e-05 0.00999162 5.99999 1249 0.5000007 141816 105547 4 2 767231.34 9.3791289 22.1003 25.51 4323 980536 442641 64013 173 0 0 0 0 0 0 553 155669 25736
25.52 -1.20744e-05 0.0110383 5.99999 1250 0.5000007 141769 105417 5 2 688469.09 9.3791289 22.1003 25.52 9169 1105633 562519 57835 174 0 0 0 0 0 0 553 155611 23094
25.53 -1.20127e-05 0.012085 5.99999 1251 0.5000007 141855 105596 5 2 619932.22 9.3791289 22.1003 25.53 11344 1192489 642351 52386 175 0 0 0 0 0 0 553 155688 20795
25.54 -1.19453e-05 0.0131317 5.99999 1252 0.5000007 141883 105649 5 2 567016.63 9.3791289 22.1003 25.54 10172 1331235 768615 48557 176 0 0 0 0 0 0 553 155712 19020
25.55 -1.18723e-05 0.0141784 5.99999 1253 0.5000007 141869 105580 5 2 523909.06 9.3791289 22.1003 25.55 43221 1788134 1214925 44656 177 0 0 0 0 0 0 553 155698 17574
25.56 -1.17938e-05 0.0152251 5.99998 1254 0.5000007 141881 105581 5 2 497883.53 9.3791289 22.1003 25.56 181053 2802597 2222500 42701 178 0 0 0 0 0 0 553 155700 16701
25.57 -1.17096e-05 0.0162718 5.99998 1255 0.5000007 141917 105666 4 2 479161.85 9.3791289 22.1003 25.57 198197 2994066 2415028 40964 179 0 0 0 0 0 0 553 155748 16073
25.58 -1.16199e-05 0.0173185 5.99998 1256 0.5000007 141941 105684 6 2 450781.2 9.3791289 22.1003 25.58 45125 1760015 1182578 38697 180 0 0 0 0 0 0 553 155775 15121
25.59 -1.15245e-05 0.0183652 5.99997 1257 0.5000007 141938 105688 5 2 447412.49 9.3791289 22.1003 25.59 6010 1224825 636895 37803 181 0 0 0 0 0 0 553 155791 15008
25.6 -1.14236e-05 0.019412 5.99997 1258 0.5000007 141902 105587 5 2 434355.01 9.3791289 22.1003 25.6 16231 1228675 607889 36560 182 0 0 0 0 0 0 553 155741 14570
25.61 -1.1317e-05 0.0204587 5.99997 1259 0.5000007 141914 105660 4 2 426007.76 9.3791289 22.1003 25.61 42386 1456455 753314 35796 183 0 0 0 0 0 0 553 155749 14290
25.62 -1.12049e-05 0.0215054 5.99996 1260 0.5000007 141862 105592 5 2 409492.14 9.3791289 22.1003 25.62 100436 1824199 989139 34647 184 0 0 0 0 0 0 553 155703 13736
25.63 -1.10872e-05 0.0225521 5.99996 1261 0.5000007 141947 105698 4 2 411817.44 9.3791289 22.1003 25.63 169705 2142798 1127091 34020 185 0 0 0 0 0 0 553 155771 13814
25.64 -1.09639e-05 0.0235988 5.99996 1262 0.5000007 141871 105600 5 2 404930.96 9.3791289 22.1003 25.64 100320 1756091 773474 33470 186 0 0 0 0 0 0 553 155699 13583
25.65 -1.0835e-05 0.0246455 5.99995 1263 0.5000007 141898 105683 5 2 395719.18 9.3791289 22.1003 25.65 29430 1162096 414899 32895 187 0 0 0 0 0 0 553 155723 13274
25.66 -1.07005e-05 0.0256921 5.99995 1264 0.5000007 141844 105566 4 2 391426.31 9.3791289 22.1003 25.66 7023 905190 289672 32307 188 0 0 0 0 0 0 553 155664 13130
25.67 -1.05604e-05 0.0267388 5.99994 1265 0.5000007 141833 105595 4 2 383794.54 9.3791289 22.1003 25.67 2008 813903 247398 31605 189 0 0 0 0 0 0 553 155667 12874
25.68 -1.04147e-05 0.0277855 5.99994 1266 0.5000007 141867 105537 5 2 378756.38 9.3791289 22.1003 25.68 855 771034 226051 30841 190 0 0 0 0 0 0 553 155732 12705
25.69 -1.02635e-05 0.0288322 5.99993 1267 0.5000007 141624 105302 4 2 363820.77 9.3791289 22.1003 25.69 687 745220 215197 30449 191 0 0 0 0 0 0 553 155471 12204
25.7 -1.01066e-05 0.0298789 5.99993 1268 0.5000007 141774 105447 4 2 372615.19 9.3791289 22.1003 25.7 826 734115 211378 30462 192 0 0 0 0 0 0 553 155627 12499
25.71 -9.94415e-06 0.0309256 5.99992 1269 0.5000007 141724 105382 5 2 370260.07 9.3791289 22.1003 25.71 985 726779 210652 29994 193 0 0 0 0 0 0 553 155568 12420
25.72 -9.77609e-06 0.0319723 5.99992 1270 0.5000007 141767 105451 4 2 364267.94 9.3791289 22.1003 25.72 1711 723733 214128 29596 194 0 0 0 0 0 0 553 155612 12219
25.73 -9.60245e-06 0.033019 5.99991 1271 0.5000007 141656 105343 4 2 354459.92 9.3791289 22.1003 25.73 2225 728201 222346 28938 195 0 0 0 0 0 0 553 155494 11890
25.74 -9.42321e-06 0.0340657 5.99991 1272 0.5000007 141712 105365 4 2 346738.72 9.3791289 22.1003 25.74 3507 736099 235544 28907 196 0 0 0 0 0 0 553 155550 11631
25.75 -9.23838e-06 0.0351124 5.9999 1273 0.5000007 141797 105422 4 2 346142.49 9.3791289 22.1003 25.75 3898 748228 250857 28335 197 0 0 0 0 0 0 553 155651 11611
25.76 -9.04795e-06 0.0361591 5.99989 1274 0.5000007 141649 105304 5 2 343519.07 9.3791289 22.1003 25.76 4745 757158 263353 28138 198 0 0 0 0 0 0 553 155487 11523
25.77 -8.85193e-06 0.0372058 5.99989 1275 0.5000007 141682 105266 5 2 348020.62 9.3791289 22.1003 25.77 4329 759194 269605 27957 199 0 0 0 0 0 0 553 155544 11674
25.78 -8.65032e-06 0.0382525 5.99988 1276 0.5000007 141606 105191 4 2 339673.37 9.3791289 22.1003 25.78 4339 751125 264148 27599 200 0 0 0 0 0 0 553 155472 11394
25.79 -8.44312e-06 0.0392991 5.99987 1277 0.5000007 141589 105169 4 2 333621.62 9.3791289 22.1003 25.79 2856 737201 251139 27216 201 0 0 0 0 0 0 553 155431 11191
25.8 -8.23032e-06 0.0403458 5.99987 1278 0.5000007 141580 105193 4 2 335320.88 9.3791289 22.1003 25.8 3773 718679 236548 27115 202 0 0 0 0 0 0 553 155445 11248
25.81 -8.01193e-06 0.0413925 5.99986 1279 0.5000007 141583 105155 4 2 328553.64 9.3791289 22.1003 25.81 3484 703459 222947 26768 203 0 0 0 0 0 0 553 155423 11021
25.82 -7.78794e-06 0.0424392 5.99985 1280 0.5000007 141598 105176 4 2 330312.53 9.3791289 22.1003 25.82 3939 688821 210331 26507 204 0 0 0 0 0 0 553 155447 11080
25.83 -7.55836e-06 0.0434859 5.99984 1281 0.5000007 141398 105007 6 2 326466.83 9.3791289 22.1003 25.83 2866 674136 197725 26323 205 0 0 0 0 0 0 553 155221 10951
25.84 -7.32319e-06 0.0445325 5.99984 1282 0.5000007 141504 105104 5 2 323783.79 9.3791289 22.1003 25.84 1813 662077 186586 26297 206 0 0 0 0 0 0 553 155332 10861
25.85 -7.08243e-06 0.0455792 5.99983 1283 0.5000007 141484 105080 4 2 317612.79 9.3791289 22.1003 25.85 1315 650969 177245 25863 207 0 0 0 0 0 0 553 155336 10654
25.86 -6.83607e-06 0.0466259 5.99982 1284 0.5000007 141337 104835 6 2 315913.53 9.3791289 22.1003 25.86 763 641975 169521 25813 208 0 0 0 0 0 0 553 155205 10597
25.87 -6.58412e-06 0.0476726 5.99981 1285 0.5000007 141353 104881 4 2 313916.15 9.3791289 22.1003 25.87 735 634145 163039 25487 209 0 0 0 0 0 0 553 155219 10530
25.88 -6.32658e-06 0.0487192 5.9998 1286 0.5000007 141348 104923 6 2 316986.74 9.3791289 22.1003 25.88 794 627786 159414 25485 210 0 0 0 0 0 0 553 155178 10633
25.89 -6.06345e-06 0.0497659 5.9998 1287 0.5000007 141365 104895 4 2 308460.63 9.3791289 22.1003 25.89 625 621785 154783 25286 211 0 0 0 0 0 0 553 155193 10347
25.9 -5.79472e-06 0.0508126 5.99979 1288 0.5000007 141404 104951 4 2 308281.76 9.3791289 22.1003 25.9 428 618332 151861 25057 212 0 0 0 0 0 0 553 155245 10341
25.91 -5.52039e-06 0.0518593 5.99978 1289 0.5000007 141190 104648 7 2 302468.49 9.3791289 22.1003 25.91 289 613939 148746 24486 213 0 0 0 0 0 0 553 155029 10146
25.92 -5.24048e-06 0.0529059 5.99977 1290 0.5000007 141335 104800 5 2 304853.42 9.3791289 22.1003 25.92 250 611580 147084 24671 214 0 0 0 0 0 0 553 155183 10226
25.93 -4.95497e-06 0.0539526 5.99976 1292 0.5000007 141283 104783 5 2 303213.78 9.3791289 22.1003 25.93 256 609639 145798 24776 215 0 0 0 0 0 0 553 155135 10171
25.94 -4.66387e-06 0.0549993 5.99975 1293 0.5000007 141315 104772 5 2 303213.78 9.3791289 22.1003 25.94 236 606311 144335 24588 216 0 0 0 0 0 0 553 155191 10171
25.95 -4.36718e-06 0.0560459 5.99974 1294 0.5000007 141266 104684 6 2 301216.41 9.3791289 22.1003 25.95 231 603869 142226 24286 217 0 0 0 0 0 0 553 155115 10104
25.96 -4.06489e-06 0.0570926 5.99973 1295 0.5000007 141118 104496 5 2 295552.2 9.3791289 22.1003 25.96 202 600824 141072 24137 218 0 0 0 0 0 0 553 154957 9914
25.97 -3.75701e-06 0.0581392 5.99972 1296 0.5000007 141132 104571 5 2 298384.3 9.3791289 22.1003 25.97 218 599034 139645 23993 219 0 0 0 0 0 0 553 154979 10009
25.98 -3.44354e-06 0.0591859 5.99971 1297 0.5000007 141168 104540 5 2 292302.74 9.3791289 22.1003 25.98 245 596167 138481 23902 220 0 0 0 0 0 0 553 155013 9805
25.99 -3.12447e-06 0.0602325 5.9997 1298 0.5000007 141258 104715 5 2 291974.81 9.3791289 22.1003 25.99 229 594333 137049 23732 221 0 0 0 0 0 0 553 155124 9794
26 -2.79981e-06 0.0612792 5.99969 1299 0.5000007 141202 104673 4 2 292123.87 9.3791289 22.1003 26 229 593447 136882 23913 222 0 0 0 0 0 0 553 155053 9799
26.01 -2.46956e-06 0.0623259 5.99968 1300 0.5000007 141103 104465 5 2 286340.42 9.3791289 22.1003 26.01 180 589892 135436 23621 223 0 0 0 0 0 0 553 154965 9605
26.02 -2.13371e-06 0.0633725 5.99967 1301 0.5000007 141090 104431 4 2 292183.49 9.3791289 22.1003 26.02 144 588232 134151 23757 224 0 0 0 0 0 0 553 154945 9801
26.03 -1.79228e-06 0.0644192 5.99966 1302 0.5000007 141052 104418 5 2 292779.72 9.3791289 22.1003 26.03 122 585847 133052 23628 225 0 0 0 0 0 0 553 154901 9821
26.04 -1.44524e-06 0.0654658 5.99965 1303 0.5000007 141085 104460 4 2 284730.59 9.3791289 22.1003 26.04 89 584353 131846 23160 226 0 0 0 0 0 0 553 154942 9551
26.05 -1.09262e-06 0.0665124 5.99963 1304 0.5000007 141148 104458 6 2 291438.2 9.3791289 22.1003 26.05 83 584544 131786 23355 227 0 0 0 0 0 0 553 154989 9776
26.06 -7.34404e-07 0.0675591 5.99962 1305 0.5000007 140950 104239 5 2 283627.56 9.3791289 22.1003 26.06 70 581860 130819 23025 228 0 0 0 0 0 0 553 154805 9514
26.07 -3.70594e-07 0.0686057 5.99961 1306 0.5000007 140936 104220 4 2 281868.68 9.3791289 22.1003 26.07 77 579235 129545 22970 229 0 0 0 0 0 0 553 154800 9455
26.08 -1.19155e-09 0.0696524 5.9996 1307 0.5000007 140965 104279 4 2 281153.2 9.3791289 22.1003 26.08 74 578692 129707 23022 230 0 0 0 0 0 0 553 154835 9431
26.09 3.73804e-07 0.070699 5.99959 1308 0.5000007 140869 104170 4 2 280646.4 9.3791289 22.1003 26.09 78 576633 128570 22910 231 0 0 0 0 0 0 553 154720 9414
26.1 7.54392e-07 0.0717456 5.99957 1309 0.5000007 140913 104217 5 2 280437.72 9.3791289 22.1003 26.1 69 574966 128349 22700 232 0 0 0 0 0 0 553 154763 9407
26.11 1.14057e-06 0.0727923 5.99956 1310 0.5000007 140831 104102 6 2 277695.05 9.3791289 22.1003 26.11 77 573163 127407 22523 233 0 0 0 0 0 0 553 154688 9315
26.12 1.53235e-06 0.0738389 5.99955 1311 0.5000007 140894 104173 5 2 278112.42 9.3791289 22.1003 26.12 82 572685 127427 22945 234 0 0 0 0 0 0 553 154786 9329
26.13 1.92971e-06 0.0748855 5.99954 1312 0.5000007 140835 104099 6 2 280706.03 9.3791289 22.1003 26.13 66 571946 127385 22899 235 0 0 0 0 0 0 553 154698 9416
26.14 2.33267e-06 0.0759321 5.99952 1313 0.5000007 140896 104135 5 2 278470.16 9.3791289 22.1003 26.14 65 570671 126680 22625 236 0 0 0 0 0 0 553 154768 9341
26.15 2.74123e-06 0.0769788 5.99951 1314 0.5000007 140838 104178 5 2 273521.43 9.3791289 22.1003 26.15 80 570036 125829 22534 237 0 0 0 0 0 0 553 154707 9175
26.16 3.15537e-06 0.0780254 5.9995 1315 0.5000007 140719 103958 4 2 281958.11 9.3791289 22.1003 26.16 72 567545 125626 22539 238 0 0 0 0 0 0 553 154583 9458
26.17 3.57511e-06 0.079072 5.99948 1316 0.5000007 140832 104056 5 2 279185.63 9.3791289 22.1003 26.17 67 568558 125702 22417 239 0 0 0 0 0 0 553 154706 9365
26.18 4.00044e-06 0.0801186 5.99947 1317 0.5000007 140724 103927 4 2 277396.94 9.3791289 22.1003 26.18 66 566060 125304 22394 240 0 0 0 0 0 0 553 154575 9305
26.19 4.43136e-06 0.0811652 5.99945 1318 0.5000007 140748 104004 4 2 270510.46 9.3791289 22.1003 26.19 70 564842 124841 22135 241 0 0 0 0 0 0 553 154624 9074
26.2 4.86788e-06 0.0822118 5.99944 1319 0.5000007 140740 104004 5 2 272388.59 9.3791289 22.1003 26.2 71 565737 124670 22359 242 0 0 0 0 0 0 553 154621 9137
26.21 5.30999e-06 0.0832584 5.99942 1320 0.5000007 140671 103868 5 2 273640.68 9.3791289 22.1003 26.21 79 563362 124042 22519 243 0 0 0 0 0 0 553 154537 9179
26.22 5.75769e-06 0.084305 5.99941 1321 0.5000007 140629 103826 5 2 272627.08 9.3791289 22.1003 26.22 81 564031 124569 22205 244 0 0 0 0 0 0 553 154505 9145
26.23 6.21098e-06 0.0853517 5.9994 1322 0.5000007 140733 103989 4 2 269139.12 9.3791289 22.1003 26.23 70 563016 123747 22068 245 0 0 0 0 0 0 553 154608 9028
26.24 6.66987e-06 0.0863983 5.99938 1323 0.5000007 140759 103988 5 2 271941.42 9.3791289 22.1003 26.24 71 563234 123540 22247 246 0 0 0 0 0 0 553 154632 9122
26.25 7.13435e-06 0.0874448 5.99937 1324 0.5000007 140634 103861 5 2 267767.79 9.3791289 22.1003 26.25 72 560826 123228 22014 247 0 0 0 0 0 0 553 154514 8982
26.26 7.60442e-06 0.0884914 5.99935 1325 0.5000007 140720 103918 6 2 272627.08 9.3791289 22.1003 26.26 74 559337 122654 21890 248 0 0 0 0 0 0 553 154574 9145
26.27 8.08009e-06 0.089538 5.99933 1326 0.5000007 140655 103816 4 2 270957.63 9.3791289 22.1003 26.27 71 559476 122796 21967 249 0 0 0 0 0 0 553 154522 9089
26.28 8.56135e-06 0.0905846 5.99932 1327 0.5000007 140646 103819 5 2 271017.26 9.3791289 22.1003 26.28 72 558941 122783 21915 250 0 0 0 0 0 0 553 154510 9091
26.29 9.0482e-06 0.0916312 5.9993 1328 0.5000007 140614 103843 5 2 267618.73 9.3791289 22.1003 26.29 79 556623 121856 21850 251 0 0 0 0 0 0 553 154508 8977
26.3 9.54064e-06 0.0926778 5.99929 1329 0.5000007 140741 103964 5 2 271404.81 9.3791289 22.1003 26.3 74 556991 122081 22079 252 0 0 0 0 0 0 553 154607 9104
26.31 1.00387e-05 0.0937244 5.99927 1330 0.5000007 140567 103736 4 2 269317.99 9.3791289 22.1003 26.31 85 555543 121797 21797 253 0 0 0 0 0 0 553 154424 9034
26.32 1.05423e-05 0.094771 5.99925 1331 0.5000007 140560 103746 6 2 269079.5 9.3791289 22.1003 26.32 70 555518 121526 21843 254 0 0 0 0 0 0 553 154426 9026
26.33 1.10515e-05 0.0958175 5.99924 1332 0.5000007 140604 103803 4 2 272478.02 9.3791289 22.1003 26.33 66 552956 121299 21985 255 0 0 0 0 0 0 553 154453 9140
26.34 1.15663e-05 0.0968641 5.99922 1333 0.5000007 140645 103791 5 2 270182.53 9.3791289 22.1003 26.34 59 554457 121370 22021 256 0 0 0 0 0 0 553 154534 9063
26.35 1.20867e-05 0.0979107 5.9992 1334 0.5000007 140485 103595 5 2 261775.66 9.3791289 22.1003 26.35 69 553123 120644 21559 257 0 0 0 0 0 0 553 154363 8781
26.36 1.26127e-05 0.0989572 5.99919 1335 0.5000007 140567 103723 5 2 269467.05 9.3791289 22.1003 26.36 71 553731 120710 21774 258 0 0 0 0 0 0 553 154433 9039
26.37 1.31443e-05 0.100004 5.99917 1336 0.5000007 140522 103649 4 2 264458.7 9.3791289 22.1003 26.37 74 551114 120144 21635 259 0 0 0 0 0 0 553 154384 8871
26.38 1.36815e-05 0.10105 5.99915 1337 0.5000007 140632 103823 5 2 267141.75 9.3791289 22.1003 26.38 82 552966 120842 21739 260 0 0 0 0 0 0 553 154512 8961
26.39 1.42243e-05 0.102097 5.99913 1338 0.5000007 140555 103754 4 2 266396.46 9.3791289 22.1003 26.39 80 551346 120195 21672 261 0 0 0 0 0 0 553 154424 8936
26.4 1.47727e-05 0.103143 5.99912 1339 0.5000007 140588 103782 4 2 272090.47 9.3791289 22.1003 26.4 68 551521 120309 21937 262 0 0 0 0 0 0 553 154455 9127
26.41 1.53266e-05 0.10419 5.9991 1340 0.5000007 140534 103670 5 2 269139.12 9.3791289 22.1003 26.41 66 549747 119528 21568 263 0 0 0 0 0 0 553 154412 9028
26.42 1.58862e-05 0.105237 5.99908 1341 0.5000007 140459 103635 4 2 264846.25 9.3791289 22.1003 26.42 88 548244 119756 21450 264 0 0 0 0 0 0 553 154338 8884
26.43 1.64513e-05 0.106283 5.99906 1342 0.5000007 140515 103698 5 2 263773.04 9.3791289 22.1003 26.43 73 548683 120089 21608 265 0 0 0 0 0 0 553 154389 8848
26.44 1.70221e-05 0.10733 5.99904 1343 0.5000007 140482 103662 5 2 265830.04 9.3791289 22.1003 26.44 67 547710 119566 21524 266 0 0 0 0 0 0 553 154366 8917
26.45 1.75984e-05 0.108376 5.99902 1344 0.5000007 140488 103713 4 2 264011.53 9.3791289 22.1003 26.45 76 547143 119630 21424 267 0 0 0 0 0 0 553 154369 8856
26.46 1.81803e-05 0.109423 5.999 1345 0.5000007 140635 103866 4 2 262699.82 9.3791289 22.1003 26.46 66 548202 119235 21389 268 0 0 0 0 0 0 553 154498 8812
26.47 1.87678e-05 0.110469 5.99899 1346 0.5000007 140573 103859 4 2 262014.15 9.3791289 22.1003 26.47 68 548596 119525 21391 269 0 0 0 0 0 0 553 154438 8789
26.48 1.93609e-05 0.111516 5.99897 1347 0.5000007 140576 103758 4 2 268572.7 9.3791289 22.1003 26.48 76 547275 119096 21747 270 0 0 0 0 0 0 553 154445 9009
26.49 1.99596e-05 0.112562 5.99895 1348 0.5000007 140516 103748 4 2 258556.01 9.3791289 22.1003 26.49 74 545741 119083 21403 271 0 0 0 0 0 0 553 154390 8673
26.5 2.05639e-05 0.113609 5.99893 1349 0.5000007 140522 103736 4 2 258943.56 9.3791289 22.1003 26.5 70 545351 119233 21436 272 0 0 0 0 0 0 553 154390 8686
26.51 2.11738e-05 0.114655 5.99891 1350 0.5000007 140561 103741 5 2 266456.08 9.3791289 22.1003 26.51 81 544480 118765 21362 273 0 0 0 0 0 0 553 154434 8938
26.52 2.17893e-05 0.115702 5.99889 1352 0.5000007 140548 103800 5 2 260106.21 9.3791289 22.1003 26.52 73 544498 118389 21319 274 0 0 0 0 0 0 553 154417 8725
26.53 2.24103e-05 0.116748 5.99887 1353 0.5000007 140632 103843 6 2 263832.66 9.3791289 22.1003 26.53 74 547271 118986 21476 275 0 0 0 0 0 0 553 154492 8850
26.54 2.3037e-05 0.117795 5.99885 1354 0.5000007 140572 103792 5 2 261447.73 9.3791289 22.1003 26.54 77 544759 118389 21320 276 0 0 0 0 0 0 553 154436 8770
26.55 2.36693e-05 0.118841 5.99883 1355 0.5000007 140547 103821 4 2 262103.59 9.3791289 22.1003 26.55 82 544840 118465 21098 277 0 0 0 0 0 0 553 154397 8792
26.56 2.43071e-05 0.119888 5.9988 1356 0.5000007 140703 103995 4 2 260881.31 9.3791289 22.1003 26.56 76 545166 118561 21277 278 0 0 0 0 0 0 553 154562 8751
26.57 2.49505e-05 0.120934 5.99878 1357 0.5000007 141252 104484 5 2 261954.53 9.3791289 22.1003 26.57 83 545968 118632 21395 279 0 0 0 0 0 0 553 155120 8787
26.58 2.55996e-05 0.121981 5.99876 1358 0.5000007 141167 104367 6 2 267439.86 9.3791289 22.1003 26.58 78 544466 118986 21479 280 0 0 0 0 0 0 553 155047 8971
26.59 2.62542e-05 0.123027 5.99874 1359 0.5000007 141245 104447 5 2 262282.46 9.3791289 22.1003 26.59 74 545565 118731 21342 281 0 0 0 0 0 0 553 155113 8798
26.6 2.69144e-05 0.124074 5.99872 1360 0.5000007 141215 104378 5 2 262670.01 9.3791289 22.1003 26.6 68 545067 118250 21368 282 0 0 0 0 0 0 553 155066 8811
26.61 2.75802e-05 0.12512 5.9987 1361 0.5000007 141318 104550 4 2 264399.08 9.3791289 22.1003 26.61 83 546349 118856 21368 283 0 0 0 0 0 0 553 155190 8869
26.62 2.82516e-05 0.126167 5.99868 1362 0.5000007 141311 104529 4 2 260255.27 9.3791289 22.1003 26.62 70 546044 118845 21252 284 0 0 0 0 0 0 553 155156 8730
26.63 2.89286e-05 0.127213 5.99865 1363 0.5000007 141234 104416 5 2 257423.17 9.3791289 22.1003 26.63 74 545246 118371 21154 285 0 0 0 0 0 0 553 155091 8635
26.64 2.96112e-05 0.12826 5.99863 1364 0.5000007 141229 104423 4 2 260344.7 9.3791289 22.1003 26.64 71 543981 118363 21316 286 0 0 0 0 0 0 553 155115 8733
26.65 3.02994e-05 0.129306 5.99861 1365 0.5000007 141289 104481 6 2 256558.63 9.3791289 22.1003 26.65 69 543948 118236 20896 287 0 0 0 0 0 0 553 155147 8606
26.66 3.09931e-05 0.130353 5.99859 1366 0.5000007 141355 104625 4 2 260702.44 9.3791289 22.1003 26.66 65 543856 118521 21356 288 0 0 0 0 0 0 553 155209 8745
26.67 3.16925e-05 0.131399 5.99856 1367 0.5000007 141449 104706 5 2 262640.2 9.3791289 22.1003 26.67 69 544393 118635 21345 289 0 0 0 0 0 0 553 155309 8810
26.68 3.23974e-05 0.132446 5.99854 1368 0.5000007 141329 104650 5 2 269079.5 9.3791289 22.1003 26.68 87 543490 118522 21501 290 0 0 0 0 0 0 553 155197 9026
26.69 3.3108e-05 0.133492 5.99852 1369 0.5000007 141333 104601 6 2 262103.59 9.3791289 22.1003 26.69 65 542990 118144 21301 291 0 0 0 0 0 0 553 155206 8792
26.7 3.38241e-05 0.134538 5.99849 1370 0.5000007 141404 104721 4 2 264607.76 9.3791289 22.1003 26.7 67 543134 118524 21457 292 0 0 0 0 0 0 553 155245 8876
26.71 3.45458e-05 0.135585 5.99847 1371 0.5000007 141408 104651 4 2 261149.62 9.3791289 22.1003 26.71 81 543341 118590 21104 293 0 0 0 0 0 0 553 155261 8760
26.72 3.52731e-05 0.136631 5.99845 1372 0.5000007 141411 104680 5 2 261239.05 9.3791289 22.1003 26.72 83 542247 117935 21294 294 0 0 0 0 0 0 553 155256 8763
26.73 3.6006e-05 0.137678 5.99842 1373 0.5000007 141414 104735 4 2 267916.85 9.3791289 22.1003 26.73 96 541312 118126 21596 295 0 0 0 0 0 0 553 155262 8987
26.74 3.67445e-05 0.138724 5.9984 1374 0.5000007 141503 104765 5 2 261865.09 9.3791289 22.1003 26.74 72 541648 118007 21242 296 0 0 0 0 0 0 553 155375 8784
26.75 3.74886e-05 0.139771 5.99837 1375 0.5000007 141370 104636 4 2 264100.96 9.3791289 22.1003 26.75 81 540789 117682 21552 297 0 0 0 0 0 0 553 155209 8859
26.76 3.82383e-05 0.140817 5.99835 1376 0.5000007 141508 104894 5 2 264458.7 9.3791289 22.1003 26.76 70 541907 118008 21253 298 0 0 0 0 0 0 553 155365 8871
26.77 3.89936e-05 0.141863 5.99833 1377 0.5000007 141488 104791 5 2 262222.83 9.3791289 22.1003 26.77 83 540885 118040 21428 299 0 0 0 0 0 0 553 155334 8796
26.78 3.97545e-05 0.14291 5.9983 1378 0.5000007 141477 104825 4 2 260791.88 9.3791289 22.1003 26.78 68 541011 117438 21019 300 0 0 0 0 0 0 553 155326 8748
