Eta  H  K  L  Epoch  Sec  ion1  Hubmon  scan_bar  Filters  Correct  Qmag  Energy  Graze  p_peak  p_total  p_del_s  p_nu_s  p_image  p_xcen  p_xsig  p_ycen  p_ysig  power  tempsp  gun_on  ion0  p_point
23.1 0.194824 -0.246573 5.99664 46245 1.0000007 281230 102489 5 2 495468.79 9.3867431 22.1003 23.1 88 1027540 224158 40505 0 0 0 0 0 0 0 553 309249 16620
23.106625 0.194824 -0.24588 5.99667 46246 1.0000007 281021 102319 5 2 495468.79 9.3867431 22.1003 23.106625 86 1025667 224137 40353 1 0 0 0 0 0 0 553 309069 16620
23.113375 0.194824 -0.245173 5.9967 46248 1.0000007 281132 102386 6 2 492159.7 9.3867431 22.1003 23.113375 89 1025739 223401 40129 2 0 0 0 0 0 0 553 309172 16509
23.12 0.194824 -0.24448 5.99673 46249 1.0000007 280927 102302 5 2 504740.2 9.3867431 22.1003 23.12 88 1027957 223598 40232 3 0 0 0 0 0 0 553 308957 16931
23.126625 0.194824 -0.243787 5.99676 46251 1.0000007 280894 102225 4 2 493829.15 9.3867431 22.1003 23.126625 87 1026965 223366 39869 4 0 0 0 0 0 0 553 308917 16565
23.133375 0.194824 -0.24308 5.99679 46252 1.0000007 280675 102110 5 2 494514.82 9.3867431 22.1003 23.133375 85 1025270 223261 40082 5 0 0 0 0 0 0 553 308729 16588
23.14 0.194824 -0.242387 5.99682 46254 1.0000007 280808 102167 6 2 492636.69 9.3867431 22.1003 23.14 90 1023151 223466 40136 6 0 0 0 0 0 0 553 308851 16525
23.146625 0.194824 -0.241693 5.99684 46255 1.0000007 280726 102146 6 2 501371.49 9.3867431 22.1003 23.146625 92 1025283 223251 40333 7 0 0 0 0 0 0 553 308774 16818
23.153375 0.194824 -0.240987 5.99687 46256 1.0000007 280689 102093 5 2 494037.84 9.3867431 22.1003 23.153375 95 1026858 222977 40044 8 0 0 0 0 0 0 553 308745 16572
23.16 0.194824 -0.240293 5.9969 46258 1.0000007 280612 102007 6 2 495140.86 9.3867431 22.1003 23.16 86 1026336 223921 40201 9 0 0 0 0 0 0 553 308631 16609
23.166625 0.194824 -0.2396 5.99693 46259 1.0000007 280559 102030 5 2 497287.3 9.3867431 22.1003 23.166625 91 1024937 223486 40440 10 0 0 0 0 0 0 553 308611 16681
23.173375 0.194824 -0.238894 5.99696 46261 1.0000007 280704 102124 6 2 494216.7 9.3867431 22.1003 23.173375 88 1027380 223526 40435 11 0 0 0 0 0 0 553 308769 16578
23.18 0.194824 -0.2382 5.99698 46262 1.0000007 280754 102071 4 2 502862.07 9.3867431 22.1003 23.18 93 1029451 225162 40575 12 0 0 0 0 0 0 553 308814 16868
23.186625 0.194824 -0.237507 5.99701 46264 1.0000007 280474 101944 5 2 486078.14 9.3867431 22.1003 23.186625 95 1026752 223797 40144 13 0 0 0 0 0 0 553 308491 16305
23.193375 0.194824 -0.2368 5.99704 46265 1.0000007 280520 102009 6 2 499165.43 9.3867431 22.1003 23.193375 100 1025664 223550 40369 14 0 0 0 0 0 0 553 308586 16744
23.2 0.194824 -0.236107 5.99707 46267 1.0000007 280657 102074 6 2 493203.11 9.3867431 22.1003 23.2 91 1026240 223558 40136 15 0 0 0 0 0 0 553 308694 16544
23.206625 0.194824 -0.235413 5.99709 46268 1.0000007 280588 102066 4 2 491772.15 9.3867431 22.1003 23.206625 90 1027466 223375 40254 16 0 0 0 0 0 0 553 308637 16496
23.213375 0.194824 -0.234707 5.99712 46270 1.0000007 280548 102022 4 2 492487.63 9.3867431 22.1003 23.213375 89 1026604 223808 40357 17 0 0 0 0 0 0 553 308584 16520
23.22 0.194824 -0.234013 5.99715 46271 1.0000007 280743 102169 6 2 499672.23 9.3867431 22.1003 23.22 91 1027198 224640 40561 18 0 0 0 0 0 0 553 308804 16761
23.226625 0.194824 -0.23332 5.99718 46273 1.0000007 280692 102092 5 2 497823.91 9.3867431 22.1003 23.226625 104 1029745 224479 40575 19 0 0 0 0 0 0 553 308746 16699
23.233375 0.194824 -0.232613 5.9972 46274 1.0000007 280652 102169 6 2 492159.7 9.3867431 22.1003 23.233375 89 1029574 224409 40186 20 0 0 0 0 0 0 553 308650 16509
23.24 0.194824 -0.23192 5.99723 46276 1.0000007 280798 102232 6 2 496780.5 9.3867431 22.1003 23.24 88 1028401 224138 40389 21 0 0 0 0 0 0 553 308832 16664
23.246625 0.194824 -0.231227 5.99726 46277 1.0000007 280973 102318 6 2 497853.72 9.3867431 22.1003 23.246625 87 1030174 224432 40444 22 0 0 0 0 0 0 553 309012 16700
23.253375 0.194824 -0.23052 5.99728 46279 1.0000007 280927 102354 5 2 504143.97 9.3867431 22.1003 23.253375 88 1032894 225919 40877 23 0 0 0 0 0 0 553 308956 16911
23.26 0.194824 -0.229827 5.99731 46280 1.0000007 281066 102409 6 2 500417.52 9.3867431 22.1003 23.26 89 1032390 225664 40773 24 0 0 0 0 0 0 553 309106 16786
23.266625 0.194824 -0.229133 5.99734 46281 1.0000007 281103 102465 5 2 497436.36 9.3867431 22.1003 23.266625 88 1032421 224974 40648 25 0 0 0 0 0 0 553 309129 16686
23.273375 0.194824 -0.228427 5.99736 46283 1.0000007 281112 102432 6 2 494485.01 9.3867431 22.1003 23.273375 95 1032391 224634 40247 26 0 0 0 0 0 0 553 309151 16587
23.28 0.194824 -0.227733 5.99739 46284 1.0000007 281176 102564 6 2 496869.94 9.3867431 22.1003 23.28 92 1032617 225711 40674 27 0 0 0 0 0 0 553 309184 16667
23.286625 0.194824 -0.22704 5.99742 46286 1.0000007 281173 102598 6 2 503040.94 9.3867431 22.1003 23.286625 91 1033734 225681 40590 28 0 0 0 0 0 0 553 309211 16874
23.293375 0.194824 -0.226333 5.99744 46287 1.0000007 281337 102683 6 2 500477.14 9.3867431 22.1003 23.293375 92 1034588 225259 40262 29 0 0 0 0 0 0 553 309379 16788
23.3 0.194824 -0.22564 5.99747 46289 1.0000007 281351 102732 5 2 498628.82 9.3867431 22.1003 23.3 90 1038426 226264 40871 30 0 0 0 0 0 0 553 309357 16726
23.306625 0.194824 -0.224946 5.9975 46290 1.0000007 281609 102913 6 2 512014.23 9.3867431 22.1003 23.306625 94 1037946 226609 41053 31 0 0 0 0 0 0 553 309654 17175
23.313375 0.194824 -0.22424 5.99752 46292 1.0000007 281721 103008 5 2 498151.84 9.3867431 22.1003 23.313375 89 1037704 226026 40789 32 0 0 0 0 0 0 553 309733 16710
23.32 0.194824 -0.223546 5.99755 46293 1.0000007 281658 102942 5 2 502862.07 9.3867431 22.1003 23.32 99 1039914 226509 40688 33 0 0 0 0 0 0 553 309691 16868
23.326625 0.194824 -0.222853 5.99757 46295 1.0000007 281793 103156 5 2 506976.07 9.3867431 22.1003 23.326625 90 1037664 226908 41108 34 0 0 0 0 0 0 553 309800 17006
23.333375 0.194824 -0.222146 5.9976 46296 1.0000007 281724 103071 5 2 505992.29 9.3867431 22.1003 23.333375 92 1038107 226750 40761 35 0 0 0 0 0 0 553 309718 16973
23.34 0.194824 -0.221452 5.99763 46298 1.0000007 282236 103364 5 2 504293.03 9.3867431 22.1003 23.34 92 1041627 227941 40931 36 0 0 0 0 0 0 553 310271 16916
23.346625 0.194824 -0.220759 5.99765 46299 1.0000007 282387 103500 5 2 501282.05 9.3867431 22.1003 23.346625 95 1041655 227625 40748 37 0 0 0 0 0 0 553 310407 16815
23.353375 0.194824 -0.220052 5.99768 46301 1.0000007 282109 103366 5 2 509390.81 9.3867431 22.1003 23.353375 86 1042563 227989 41032 38 0 0 0 0 0 0 553 310094 17087
23.36 0.194824 -0.219359 5.9977 46302 1.0000007 282373 103499 5 2 499254.87 9.3867431 22.1003 23.36 91 1042915 227176 40689 39 0 0 0 0 0 0 553 310395 16747
23.366625 0.194824 -0.218665 5.99773 46304 1.0000007 282655 103764 5 2 500983.94 9.3867431 22.1003 23.366625 95 1045337 228864 40669 40 0 0 0 0 0 0 553 310674 16805
23.373375 0.194824 -0.217959 5.99775 46305 1.0000007 282502 103632 5 2 504889.26 9.3867431 22.1003 23.373375 89 1043546 228434 41021 41 0 0 0 0 0 0 553 310505 16936
23.38 0.194824 -0.217265 5.99778 46306 1.0000007 282648 103778 5 2 511805.55 9.3867431 22.1003 23.38 85 1045518 228962 41301 42 0 0 0 0 0 0 553 310655 17168
23.386625 0.194824 -0.216572 5.9978 46308 1.0000007 282693 103754 5 2 504650.76 9.3867431 22.1003 23.386625 89 1047018 228491 41424 43 0 0 0 0 0 0 553 310703 16928
23.393375 0.194824 -0.215865 5.99783 46310 1.0000007 282741 103899 6 2 504471.9 9.3867431 22.1003 23.393375 89 1046970 228919 41094 44 0 0 0 0 0 0 553 310732 16922
23.4 0.194824 -0.215172 5.99785 46311 1.0000007 282856 103956 5 2 512014.23 9.3867431 22.1003 23.4 91 1048962 229713 41164 45 0 0 0 0 0 0 553 310871 17175
23.406625 0.194824 -0.214478 5.99788 46313 1.0000007 283014 104074 6 2 507423.24 9.3867431 22.1003 23.406625 98 1049070 229499 41241 46 0 0 0 0 0 0 553 311016 17021
23.413375 0.194824 -0.213772 5.9979 46314 1.0000007 282935 104012 5 2 507453.06 9.3867431 22.1003 23.413375 93 1048029 229983 41277 47 0 0 0 0 0 0 553 310932 17022
23.42 0.194824 -0.213078 5.99793 46316 1.0000007 283033 104134 6 2 507572.3 9.3867431 22.1003 23.42 88 1050635 230275 41509 48 0 0 0 0 0 0 553 311043 17026
23.426625 0.194824 -0.212384 5.99795 46317 1.0000007 283139 104187 5 2 512819.14 9.3867431 22.1003 23.426625 89 1047910 229708 41536 49 0 0 0 0 0 0 553 311152 17202
23.433375 0.194824 -0.211678 5.99798 46318 1.0000007 283181 104220 6 2 504531.52 9.3867431 22.1003 23.433375 93 1052821 230268 41302 50 0 0 0 0 0 0 553 311177 16924
23.44 0.194824 -0.210984 5.998 46320 1.0000007 283153 104231 6 2 508466.65 9.3867431 22.1003 23.44 88 1050788 230987 41509 51 0 0 0 0 0 0 553 311153 17056
23.446625 0.194824 -0.210291 5.99803 46322 1.0000007 283154 104242 6 2 508049.29 9.3867431 22.1003 23.446625 92 1053198 230483 41623 52 0 0 0 0 0 0 553 311151 17042
23.453375 0.194824 -0.209584 5.99805 46323 1.0000007 283227 104370 5 2 516664.84 9.3867431 22.1003 23.453375 94 1053119 230848 41869 53 0 0 0 0 0 0 553 311238 17331
23.46 0.194824 -0.208891 5.99808 46325 1.0000007 283314 104354 5 2 509361 9.3867431 22.1003 23.46 98 1054663 230643 41333 54 0 0 0 0 0 0 553 311314 17086
23.466625 0.194824 -0.208197 5.9981 46326 1.0000007 283424 104487 5 2 512521.03 9.3867431 22.1003 23.466625 93 1054832 231310 41609 55 0 0 0 0 0 0 553 311431 17192
23.473375 0.194824 -0.20749 5.99812 46328 1.0000007 283303 104352 5 2 516635.03 9.3867431 22.1003 23.473375 90 1055929 232099 41904 56 0 0 0 0 0 0 553 311312 17330
23.48 0.194824 -0.206797 5.99815 46329 1.0000007 283381 104412 4 2 512699.9 9.3867431 22.1003 23.48 91 1054999 231414 41751 57 0 0 0 0 0 0 553 311387 17198
23.486625 0.194824 -0.206103 5.99817 46331 1.0000007 283359 104414 5 2 519318.07 9.3867431 22.1003 23.486625 90 1056202 231707 41925 58 0 0 0 0 0 0 553 311348 17420
23.493375 0.194824 -0.205397 5.9982 46332 1.0000007 283363 104353 5 2 512938.39 9.3867431 22.1003 23.493375 91 1056377 232081 41808 59 0 0 0 0 0 0 553 311384 17206
23.5 0.194824 -0.204703 5.99822 46334 1.0000007 283214 104353 6 2 516694.65 9.3867431 22.1003 23.5 93 1057133 231960 42057 60 0 0 0 0 0 0 553 311213 17332
23.506625 0.194824 -0.20401 5.99824 46335 1.0000007 283155 104270 5 2 510762.14 9.3867431 22.1003 23.506625 85 1055357 231515 41367 61 0 0 0 0 0 0 553 311123 17133
23.513375 0.194824 -0.203303 5.99827 46337 1.0000007 283154 104288 5 2 510613.08 9.3867431 22.1003 23.513375 91 1058399 232727 41922 62 0 0 0 0 0 0 553 311152 17128
23.52 0.194824 -0.202609 5.99829 46338 1.0000007 283248 104328 5 2 513296.13 9.3867431 22.1003 23.52 90 1058066 232396 42060 63 0 0 0 0 0 0 553 311270 17218
23.526625 0.194824 -0.201916 5.99831 46340 1.0000007 283268 104360 6 2 517648.62 9.3867431 22.1003 23.526625 97 1060344 233242 42123 64 0 0 0 0 0 0 553 311262 17364
23.533375 0.194824 -0.201209 5.99834 46341 1.0000007 283269 104358 5 2 519973.93 9.3867431 22.1003 23.533375 91 1059627 232365 42063 65 0 0 0 0 0 0 553 311245 17442
23.54 0.194824 -0.200516 5.99836 46343 1.0000007 283183 104258 5 2 518334.29 9.3867431 22.1003 23.54 88 1058049 233067 41852 66 0 0 0 0 0 0 553 311154 17387
23.546625 0.194824 -0.199822 5.99838 46344 1.0000007 283024 104224 5 2 518513.16 9.3867431 22.1003 23.546625 91 1059401 232894 42013 67 0 0 0 0 0 0 553 311008 17393
23.553375 0.194824 -0.199115 5.99841 46345 1.0000007 283111 104293 5 2 522627.16 9.3867431 22.1003 23.553375 90 1060557 233782 42564 68 0 0 0 0 0 0 553 311098 17531
23.56 0.194824 -0.198422 5.99843 46347 1.0000007 283072 104193 5 2 519973.93 9.3867431 22.1003 23.56 91 1062326 234454 42607 69 0 0 0 0 0 0 553 311067 17442
23.566625 0.194824 -0.197728 5.99845 46348 1.0000007 283202 104282 4 2 525638.13 9.3867431 22.1003 23.566625 90 1063184 233976 42475 70 0 0 0 0 0 0 553 311194 17632
23.573375 0.194824 -0.197021 5.99848 46350 1.0000007 283209 104309 6 2 513325.94 9.3867431 22.1003 23.573375 93 1064258 234094 42220 71 0 0 0 0 0 0 553 311221 17219
23.58 0.194824 -0.196328 5.9985 46351 1.0000007 283085 104200 5 2 515055.01 9.3867431 22.1003 23.58 93 1063150 234224 42391 72 0 0 0 0 0 0 553 311077 17277
23.586625 0.194824 -0.195634 5.99852 46353 1.0000007 282921 104086 5 2 521166.39 9.3867431 22.1003 23.586625 92 1064067 234711 42374 73 0 0 0 0 0 0 553 310914 17482
23.593375 0.194824 -0.194928 5.99855 46354 1.0000007 282991 104152 6 2 518155.42 9.3867431 22.1003 23.593375 100 1065761 235317 42439 74 0 0 0 0 0 0 553 311009 17381
23.6 0.194824 -0.194234 5.99857 46356 1.0000007 282928 104117 6 2 516873.52 9.3867431 22.1003 23.6 92 1066110 235255 42416 75 0 0 0 0 0 0 553 310898 17338
23.606625 0.194824 -0.19354 5.99859 46357 1.0000007 282840 104109 6 2 526025.68 9.3867431 22.1003 23.606625 90 1066045 235886 42704 76 0 0 0 0 0 0 553 310835 17645
23.613375 0.194824 -0.192834 5.99861 46359 1.0000007 282949 104134 5 2 531540.83 9.3867431 22.1003 23.613375 92 1068560 236824 42873 77 0 0 0 0 0 0 553 310945 17830
23.62 0.194824 -0.19214 5.99864 46360 1.0000007 282952 104126 5 2 521375.07 9.3867431 22.1003 23.62 90 1067602 236773 42966 78 0 0 0 0 0 0 553 310941 17489
23.626625 0.194824 -0.191446 5.99866 46362 1.0000007 282902 104071 5 2 530795.54 9.3867431 22.1003 23.626625 87 1070020 238266 43031 79 0 0 0 0 0 0 553 310916 17805
23.633375 0.194824 -0.19074 5.99868 46363 1.0000007 282807 104083 5 2 535625.02 9.3867431 22.1003 23.633375 89 1071062 237714 43330 80 0 0 0 0 0 0 553 310810 17967
23.64 0.194824 -0.190046 5.9987 46365 1.0000007 282880 104108 6 2 523938.87 9.3867431 22.1003 23.64 89 1069007 238017 42694 81 0 0 0 0 0 0 553 310881 17575
23.646625 0.194824 -0.189352 5.99872 46366 1.0000007 282833 104039 6 2 531063.84 9.3867431 22.1003 23.646625 87 1074403 238935 43169 82 0 0 0 0 0 0 553 310842 17814
23.653375 0.194824 -0.188646 5.99875 46367 1.0000007 282782 104038 6 2 536519.37 9.3867431 22.1003 23.653375 97 1072827 238432 43458 83 0 0 0 0 0 0 553 310793 17997
23.66 0.194824 -0.187952 5.99877 46369 1.0000007 282857 104086 5 2 529841.57 9.3867431 22.1003 23.66 95 1073881 238872 43095 84 0 0 0 0 0 0 553 310861 17773
23.666625 0.194824 -0.187259 5.99879 46371 1.0000007 282734 104049 5 2 545910.02 9.3867431 22.1003 23.666625 94 1075882 239603 43903 85 0 0 0 0 0 0 553 310731 18312
23.673375 0.194824 -0.186552 5.99881 46372 1.0000007 282666 103951 5 2 538516.74 9.3867431 22.1003 23.673375 95 1073576 238562 43503 86 0 0 0 0 0 0 553 310660 18064
23.68 0.194824 -0.185858 5.99883 46374 1.0000007 282736 104030 5 2 541676.77 9.3867431 22.1003 23.68 90 1077209 240948 43941 87 0 0 0 0 0 0 553 310742 18170
23.686625 0.194824 -0.185165 5.99886 46375 1.0000007 282761 104021 4 2 541885.45 9.3867431 22.1003 23.686625 90 1077617 241323 43664 88 0 0 0 0 0 0 553 310780 18177
23.693375 0.194824 -0.184458 5.99888 46376 1.0000007 282747 103977 6 2 543137.54 9.3867431 22.1003 23.693375 89 1081519 241852 43755 89 0 0 0 0 0 0 553 310739 18219
23.7 0.194824 -0.183764 5.9989 46378 1.0000007 282480 103868 4 2 542123.95 9.3867431 22.1003 23.7 100 1079368 242686 44058 90 0 0 0 0 0 0 553 310470 18185
23.706625 0.194824 -0.183071 5.99892 46379 1.0000007 282696 103931 5 2 543644.34 9.3867431 22.1003 23.706625 97 1081915 243430 44371 91 0 0 0 0 0 0 553 310702 18236
23.713375 0.194824 -0.182364 5.99894 46381 1.0000007 282507 103818 4 2 544270.38 9.3867431 22.1003 23.713375 91 1081269 242665 43887 92 0 0 0 0 0 0 553 310494 18257
23.72 0.194824 -0.18167 5.99896 46382 1.0000007 282453 103812 5 2 548712.31 9.3867431 22.1003 23.72 91 1084685 244106 44559 93 0 0 0 0 0 0 553 310428 18406
23.726625 0.194824 -0.180976 5.99898 46384 1.0000007 282529 103882 5 2 546834.18 9.3867431 22.1003 23.726625 88 1084266 245067 44599 94 0 0 0 0 0 0 553 310537 18343
23.733375 0.194824 -0.18027 5.999 46385 1.0000007 282427 103831 5 2 550143.27 9.3867431 22.1003 23.733375 92 1086431 244698 44708 95 0 0 0 0 0 0 553 310421 18454
23.74 0.194824 -0.179576 5.99902 46387 1.0000007 282346 103812 4 2 561203.37 9.3867431 22.1003 23.74 94 1088137 246692 45357 96 0 0 0 0 0 0 553 310347 18825
23.746625 0.194824 -0.178882 5.99905 46388 1.0000007 282569 103918 6 2 551246.3 9.3867431 22.1003 23.746625 90 1089345 246355 44865 97 0 0 0 0 0 0 553 310596 18491
23.753375 0.194824 -0.178176 5.99907 46390 1.0000007 282452 103832 5 2 562783.38 9.3867431 22.1003 23.753375 89 1092680 249251 45638 98 0 0 0 0 0 0 553 310457 18878
23.76 0.194824 -0.177482 5.99909 46391 1.0000007 282336 103753 5 2 555718.04 9.3867431 22.1003 23.76 91 1094435 250424 45613 99 0 0 0 0 0 0 553 310315 18641
23.766625 0.194824 -0.176788 5.99911 46393 1.0000007 282383 103805 5 2 562038.09 9.3867431 22.1003 23.766625 89 1096055 251693 45761 100 0 0 0 0 0 0 553 310361 18853
23.773375 0.194824 -0.176082 5.99913 46394 1.0000007 282400 103733 4 2 572144.23 9.3867431 22.1003 23.773375 91 1099212 253303 46336 101 0 0 0 0 0 0 553 310411 19192
23.78 0.194824 -0.175388 5.99915 46396 1.0000007 282315 103697 5 2 568686.08 9.3867431 22.1003 23.78 92 1100301 253845 46019 102 0 0 0 0 0 0 553 310329 19076
23.786625 0.194824 -0.174694 5.99917 46397 1.0000007 282372 103786 6 2 575721.62 9.3867431 22.1003 23.786625 94 1101944 254929 46853 103 0 0 0 0 0 0 553 310373 19312
23.793375 0.194824 -0.173988 5.99919 46399 1.0000007 282310 103714 6 2 576109.17 9.3867431 22.1003 23.793375 96 1106011 257608 47014 104 0 0 0 0 0 0 553 310334 19325
23.8 0.194824 -0.173294 5.99921 46400 1.0000007 282272 103693 6 2 576288.04 9.3867431 22.1003 23.8 120 1107946 259637 47101 105 0 0 0 0 0 0 553 310274 19331
23.806625 0.194824 -0.1726 5.99923 46402 1.0000007 282144 103654 5 2 575483.13 9.3867431 22.1003 23.806625 129 1111534 261595 47316 106 0 0 0 0 0 0 553 310139 19304
23.813375 0.194824 -0.171893 5.99925 46403 1.0000007 282161 103643 4 2 581445.45 9.3867431 22.1003 23.813375 130 1115997 265452 47653 107 0 0 0 0 0 0 553 310171 19504
23.82 0.194824 -0.1712 5.99927 46405 1.0000007 282197 103656 6 2 587377.95 9.3867431 22.1003 23.82 170 1120494 268390 48060 108 0 0 0 0 0 0 553 310203 19703
23.826625 0.194824 -0.170506 5.99929 46406 1.0000007 282095 103612 6 2 597484.09 9.3867431 22.1003 23.826625 364 1125520 273135 48744 109 0 0 0 0 0 0 553 310079 20042
23.833375 0.194824 -0.169799 5.99931 46408 1.0000007 282111 103552 6 2 598289 9.3867431 22.1003 23.833375 311 1131961 278268 49269 110 0 0 0 0 0 0 553 310125 20069
23.84 0.194824 -0.169106 5.99933 46409 1.0000007 282103 103658 6 2 600047.88 9.3867431 22.1003 23.84 321 1134126 281936 49946 111 0 0 0 0 0 0 553 310110 20128
23.846625 0.194824 -0.168412 5.99935 46411 1.0000007 282273 103658 6 2 611555.16 9.3867431 22.1003 23.846625 315 1142809 286491 50938 112 0 0 0 0 0 0 553 310274 20514
23.853375 0.194824 -0.167705 5.99937 46412 1.0000007 282037 103564 6 2 608186.45 9.3867431 22.1003 23.853375 258 1147599 290276 51045 113 0 0 0 0 0 0 553 310031 20401
23.86 0.194824 -0.167011 5.99939 46414 1.0000007 282069 103566 6 2 624970.38 9.3867431 22.1003 23.86 201 1154128 296815 52421 114 0 0 0 0 0 0 553 310053 20964
23.866625 0.194824 -0.166318 5.99941 46415 1.0000007 279432 102481 5 2 619306.18 9.3867431 22.1003 23.866625 233 1150874 301473 52347 115 0 0 0 0 0 0 553 307312 20774
23.873375 0.194824 -0.165611 5.99943 46416 1.0000007 283358 104118 5 2 637372.01 9.3867431 22.1003 23.873375 282 1178588 314173 53849 116 0 0 0 0 0 0 553 311344 21380
23.88 0.194824 -0.164917 5.99945 46418 1.0000007 283269 104098 6 2 650936.29 9.3867431 22.1003 23.88 346 1190904 325404 55472 117 0 0 0 0 0 0 553 311270 21835
23.886625 0.194824 -0.164223 5.99946 46420 1.0000007 283246 104041 5 2 668495.32 9.3867431 22.1003 23.886625 532 1202310 337260 56961 118 0 0 0 0 0 0 553 311252 22424
23.893375 0.194824 -0.163517 5.99948 46421 1.0000007 283045 103936 5 2 672102.52 9.3867431 22.1003 23.893375 550 1217870 353210 58195 119 0 0 0 0 0 0 553 311048 22545
23.9 0.194824 -0.162823 5.9995 46423 1.0000007 283088 103988 5 2 682447.15 9.3867431 22.1003 23.9 764 1240708 374287 60350 120 0 0 0 0 0 0 553 311106 22892
23.906625 0.194824 -0.162129 5.99952 46424 1.0000007 282994 103908 5 2 703106.59 9.3867431 22.1003 23.906625 1140 1267204 400431 62196 121 0 0 0 0 0 0 553 311002 23585
23.913375 0.194824 -0.161422 5.99954 46426 1.0000007 283122 103950 5 2 714464.81 9.3867431 22.1003 23.913375 1804 1312434 443595 65019 122 0 0 0 0 0 0 553 311124 23966
23.92 0.194824 -0.160729 5.99956 46427 1.0000007 282992 103878 6 2 734021.22 9.3867431 22.1003 23.92 2870 1371369 502007 68473 123 0 0 0 0 0 0 553 310975 24622
23.926625 0.194824 -0.160035 5.99958 46429 1.0000007 282938 103880 5 2 748360.59 9.3867431 22.1003 23.926625 5045 1454843 585229 71981 124 0 0 0 0 0 0 553 310934 25103
23.933375 0.194824 -0.159328 5.9996 46430 1.0000007 282864 103791 6 2 761805.63 9.3867431 22.1003 23.933375 10382 1578053 706249 76612 125 0 0 0 0 0 0 553 310865 25554
23.94 0.194824 -0.158635 5.99962 46432 1.0000007 282826 103724 7 2 798265.21 9.3867431 22.1003 23.94 15552 1738291 865035 84268 126 0 0 0 0 0 0 553 310859 26777
23.946625 0.194824 -0.157941 5.99963 46433 1.0000007 282695 103634 6 2 819461.26 9.3867431 22.1003 23.946625 21599 1933599 1058748 91250 127 0 0 0 0 0 0 553 310716 27488
23.953375 0.194824 -0.157234 5.99965 46435 1.0000007 282780 103701 5 2 845874.34 9.3867431 22.1003 23.953375 30154 2189320 1313264 101563 128 0 0 0 0 0 0 553 310815 28374
23.96 0.194824 -0.15654 5.99967 46436 1.0000007 282533 103592 7 2 881916.56 9.3867431 22.1003 23.96 46760 2548689 1668790 115477 129 0 0 0 0 0 0 553 310535 29583
23.966625 0.194824 -0.155846 5.99969 46438 1.0000007 282656 103632 6 2 923295.06 9.3867431 22.1003 23.966625 82489 3050382 2170170 134531 130 0 0 0 0 0 0 553 310683 30971
23.973375 0.194824 -0.15514 5.99971 46439 1.0000007 282637 103630 6 2 974421.96 9.3867431 22.1003 23.973375 117694 3758312 2873245 161531 131 0 0 0 0 0 0 553 310646 32686
23.98 0.194824 -0.154446 5.99972 46441 1.0000007 282617 103594 6 2 1017499.7 9.3867431 22.1003 23.98 160090 4619008 3729741 196974 132 0 0 0 0 0 0 553 310638 34131
23.986625 0.194824 -0.153752 5.99974 46442 1.0000007 282453 103482 5 2 1079686.7 9.3867431 22.1003 23.986625 191989 5363862 4474782 245363 133 0 0 0 0 0 0 553 310454 36217
23.993375 0.194824 -0.153045 5.99976 46444 1.0000007 282404 103417 6 2 1118531.2 9.3867431 22.1003 23.993375 211200 5744708 4853230 300858 134 0 0 0 0 0 0 553 310453 37520
24 0.194824 -0.152352 5.99978 46445 1.0000007 282469 103481 5 2 1162324.5 9.3867431 22.1003 24 235988 5805111 4915416 356851 135 0 0 0 0 0 0 553 310522 38989
24.006625 0.194824 -0.151658 5.9998 46447 1.0000007 282329 103428 6 2 1215448.7 9.3867431 22.1003 24.006625 361270 5933311 5044392 401509 136 0 0 0 0 0 0 553 310327 40771
24.013375 0.194824 -0.150951 5.99981 46448 1.0000007 282013 103175 4 2 1288010.2 9.3867431 22.1003 24.013375 323137 5849232 4964587 431015 137 0 0 0 0 0 0 553 309999 43205
24.02 0.194824 -0.150257 5.99983 46449 1.0000007 282189 103260 5 2 1304704.7 9.3867431 22.1003 24.02 232124 5396659 4512986 443953 138 0 0 0 0 0 0 553 310243 43765
24.026625 0.194824 -0.149564 5.99985 46451 1.0000007 282252 103313 5 2 1319908.6 9.3867431 22.1003 24.026625 134220 4979449 4097731 457748 139 0 0 0 0 0 0 553 310272 44275
24.033375 0.194824 -0.148857 5.99987 46452 1.0000007 282030 103140 5 2 1358186.7 9.3867431 22.1003 24.033375 113838 4791475 3910691 478022 140 0 0 0 0 0 0 553 310043 45559
24.04 0.194824 -0.148163 5.99988 46454 1.0000007 281930 103147 5 2 1377474.8 9.3867431 22.1003 24.04 126316 4801614 3922108 495645 141 0 0 0 0 0 0 553 309951 46206
24.046625 0.194824 -0.147469 5.9999 46455 1.0000007 281985 103175 5 2 1405646.8 9.3867431 22.1003 24.046625 148708 5022854 4140729 534746 142 0 0 0 0 0 0 553 310029 47151
24.053375 0.194824 -0.146762 5.99992 46457 1.0000007 282003 103087 5 2 1419807.3 9.3867431 22.1003 24.053375 176800 5090081 4209393 555445 143 0 0 0 0 0 0 553 310037 47626
24.06 0.194824 -0.146069 5.99993 46458 1.0000007 281943 103096 6 2 1399088.2 9.3867431 22.1003 24.06 199419 4627354 3747495 511428 144 0 0 0 0 0 0 553 309980 46931
24.066625 0.194824 -0.145375 5.99995 46460 1.0000007 281667 102893 6 2 1377355.5 9.3867431 22.1003 24.066625 168776 3781676 2904273 440432 145 0 0 0 0 0 0 553 309694 46202
24.073375 0.194824 -0.144668 5.99997 46461 1.0000007 281681 102978 5 2 1364178.8 9.3867431 22.1003 24.073375 87689 2971063 2095343 375921 146 0 0 0 0 0 0 553 309730 45760
24.08 0.194824 -0.143974 5.99998 46463 1.0000007 281783 102916 5 2 1338004.2 9.3867431 22.1003 24.08 49318 2406513 1533638 320012 147 0 0 0 0 0 0 553 309805 44882
24.086625 0.194824 -0.14328 6 46464 1.0000007 281569 102744 4 2 1328404.9 9.3867431 22.1003 24.086625 24815 2058166 1187836 276462 148 0 0 0 0 0 0 553 309611 44560
24.093375 0.194824 -0.142574 6.00002 46466 1.0000007 281644 102773 6 2 1320385.6 9.3867431 22.1003 24.093375 14836 1850097 979019 245010 149 0 0 0 0 0 0 553 309683 44291
24.1 0.194824 -0.14188 6.00003 46467 1.0000007 281518 102767 4 2 1303810.3 9.3867431 22.1003 24.1 11840 1710517 841506 220155 150 0 0 0 0 0 0 553 309556 43735
24.106625 0.194824 -0.141186 6.00005 46469 1.0000007 281509 102696 6 2 1322979.2 9.3867431 22.1003 24.106625 6888 1600174 734599 199729 151 0 0 0 0 0 0 553 309544 44378
24.113375 0.194824 -0.140479 6.00007 46470 1.0000007 281551 102766 6 2 1316987.1 9.3867431 22.1003 24.113375 4378 1518940 651430 180952 152 0 0 0 0 0 0 553 309621 44177
24.12 0.194824 -0.139785 6.00008 46472 1.0000007 281355 102629 6 2 1313648.2 9.3867431 22.1003 24.12 2926 1460471 594254 162859 153 0 0 0 0 0 0 553 309379 44065
24.126625 0.194824 -0.139092 6.0001 46473 1.0000007 281296 102574 6 2 1355771.9 9.3867431 22.1003 24.126625 2406 1420389 555213 149979 154 0 0 0 0 0 0 553 309324 45478
24.133375 0.194824 -0.138385 6.00012 46475 1.0000007 281159 102486 6 2 1366235.8 9.3867431 22.1003 24.133375 1407 1390248 525618 137853 155 0 0 0 0 0 0 553 309202 45829
24.14 0.194824 -0.137691 6.00013 46476 1.0000007 281165 102448 5 2 1379770.3 9.3867431 22.1003 24.14 1138 1367638 504900 131660 156 0 0 0 0 0 0 553 309176 46283
24.146625 0.194824 -0.136997 6.00015 46478 1.0000007 281134 102455 5 2 1401801.1 9.3867431 22.1003 24.146625 918 1351435 491107 128497 157 0 0 0 0 0 0 553 309179 47022
24.153375 0.194824 -0.13629 6.00016 46479 1.0000007 281072 102384 5 2 1438439.5 9.3867431 22.1003 24.153375 708 1343265 482124 127010 158 0 0 0 0 0 0 553 309090 48251
24.16 0.194824 -0.135597 6.00018 46481 1.0000007 281051 102389 4 2 1469473.4 9.3867431 22.1003 24.16 680 1332932 473533 125621 159 0 0 0 0 0 0 553 309094 49292
24.166625 0.194824 -0.134903 6.0002 46482 1.0000007 280877 102255 6 2 1496035.5 9.3867431 22.1003 24.166625 564 1327384 468817 125493 160 0 0 0 0 0 0 553 308899 50183
24.173375 0.194824 -0.134196 6.00021 46484 1.0000007 280759 102233 6 2 1544449.6 9.3867431 22.1003 24.173375 513 1325039 467628 126150 161 0 0 0 0 0 0 553 308773 51807
24.18 0.194824 -0.133502 6.00023 46485 1.0000007 281014 102342 5 2 1583145 9.3867431 22.1003 24.18 517 1321228 463535 127155 162 0 0 0 0 0 0 553 309067 53105
24.186625 0.194824 -0.132808 6.00024 46486 1.0000007 280705 102218 6 2 1617488 9.3867431 22.1003 24.186625 506 1318327 462226 128248 163 0 0 0 0 0 0 553 308721 54257
24.193375 0.194824 -0.132101 6.00026 46488 1.0000007 280797 102217 5 2 1662175.6 9.3867431 22.1003 24.193375 534 1321460 463482 130702 164 0 0 0 0 0 0 553 308861 55756
24.2 0.194824 -0.131408 6.00027 46489 1.0000007 280772 102174 5 2 1717297.2 9.3867431 22.1003 24.2 536 1320868 463653 133817 165 0 0 0 0 0 0 553 308787 57605
24.206625 0.194824 -0.130714 6.00029 46491 1.0000007 280464 102046 5 2 1773730.6 9.3867431 22.1003 24.206625 528 1321545 466305 137263 166 0 0 0 0 0 0 553 308492 59498
24.213375 0.194824 -0.130007 6.0003 46493 1.0000007 280743 102215 5 2 1846202.6 9.3867431 22.1003 24.213375 516 1327652 469430 141613 167 0 0 0 0 0 0 553 308807 61929
24.22 0.194824 -0.129313 6.00032 46494 1.0000007 280620 102054 6 2 1926157.3 9.3867431 22.1003 24.22 510 1330248 474733 146693 168 0 0 0 0 0 0 553 308664 64611
24.226625 0.194824 -0.128619 6.00033 46496 1.0000007 280703 102199 4 2 1996870.4 9.3867431 22.1003 24.226625 533 1336289 479011 151863 169 0 0 0 0 0 0 553 308752 66983
24.233375 0.194824 -0.127912 6.00035 46497 1.0000007 280616 102153 5 2 2102731.4 9.3867431 22.1003 24.233375 500 1339783 485939 158188 170 0 0 0 0 0 0 553 308649 70534
24.24 0.194824 -0.127219 6.00036 46499 1.0000007 280627 102166 5 2 2210202.2 9.3867431 22.1003 24.24 531 1347440 493023 164060 171 0 0 0 0 0 0 553 308684 74139
24.246625 0.194824 -0.126525 6.00038 46500 1.0000007 280587 102087 5 2 2335321.5 9.3867431 22.1003 24.246625 528 1357369 502562 171463 172 0 0 0 0 0 0 553 308621 78336
24.253375 0.194824 -0.125818 6.00039 46502 1.0000007 280572 102109 4 2 2470010.3 9.3867431 22.1003 24.253375 545 1365950 512812 178639 173 0 0 0 0 0 0 553 308624 82854
24.26 0.194824 -0.125124 6.00041 46503 1.0000007 280645 102148 5 2 2627147.2 9.3867431 22.1003 24.26 672 1382499 528502 187928 174 0 0 0 0 0 0 553 308673 88125
24.266625 0.194824 -0.12443 6.00042 46505 1.0000007 280529 102074 4 2 2763863.2 9.3867431 22.1003 24.266625 1028 1395579 543959 194893 175 0 0 0 0 0 0 553 308547 92711
24.273375 0.194824 -0.123723 6.00044 46506 1.0000007 280776 102246 5 2 2913934.8 9.3867431 22.1003 24.273375 1465 1414230 560522 202832 176 0 0 0 0 0 0 553 308843 97745
24.28 0.194824 -0.123029 6.00045 46507 1.0000007 280652 102222 5 2 3086782.5 9.3867431 22.1003 24.28 2376 1436222 584860 212711 177 0 0 0 0 0 0 553 308685 103543
24.286625 0.194824 -0.122336 6.00047 46509 1.0000007 280815 102282 6 2 3243382.8 9.3867431 22.1003 24.286625 3835 1464506 611526 221756 178 0 0 0 0 0 0 553 308853 108796
24.293375 0.194824 -0.121629 6.00048 46511 1.0000007 280779 102253 6 2 3436532.2 9.3867431 22.1003 24.293375 4973 1494895 641134 235965 179 0 0 0 0 0 0 553 308822 115275
24.3 0.194824 -0.120935 6.00049 46512 1.0000007 280810 102279 6 2 3572264.4 9.3867431 22.1003 24.3 5345 1518124 666312 247795 180 0 0 0 0 0 0 553 308828 119828
24.306625 0.194824 -0.120241 6.00051 46514 1.0000007 280668 102235 5 2 3653322.1 9.3867431 22.1003 24.306625 6084 1542251 689545 255896 181 0 0 0 0 0 0 553 308695 122547
24.313375 0.194824 -0.119534 6.00052 46515 1.0000007 280688 102232 6 2 3708533.2 9.3867431 22.1003 24.313375 5955 1564080 713312 263170 182 0 0 0 0 0 0 553 308730 124399
24.32 0.194824 -0.11884 6.00054 46517 1.0000007 280651 102225 7 2 3621304.5 9.3867431 22.1003 24.32 5331 1580004 728578 262076 183 0 0 0 0 0 0 553 308673 121473
24.326625 0.194824 -0.118147 6.00055 46518 1.0000007 280803 102331 5 2 3520153.7 9.3867431 22.1003 24.326625 4710 1601418 749673 262868 184 0 0 0 0 0 0 553 308861 118080
24.333375 0.194824 -0.11744 6.00056 46519 1.0000007 280764 102299 6 2 3369008.9 9.3867431 22.1003 24.333375 5261 1641939 791885 264503 185 0 0 0 0 0 0 553 308791 113010
24.34 0.194824 -0.116746 6.00058 46521 1.0000007 280772 102274 6 2 3165395.7 9.3867431 22.1003 24.34 5340 1684690 834383 265207 186 0 0 0 0 0 0 553 308783 106180
24.346625 0.194824 -0.116052 6.00059 46522 1.0000007 280785 102322 6 2 3036162.4 9.3867431 22.1003 24.346625 6653 1746377 896778 271036 187 0 0 0 0 0 0 553 308804 101845
24.353375 0.194824 -0.115345 6.0006 46524 1.0000007 280813 102368 6 2 2921685.9 9.3867431 22.1003 24.353375 9168 1833442 982381 278474 188 0 0 0 0 0 0 553 308814 98005
24.36 0.194824 -0.114651 6.00062 46525 1.0000007 280817 102399 6 2 2839495.3 9.3867431 22.1003 24.36 12857 1967042 1117032 289441 189 0 0 0 0 0 0 553 308835 95248
24.366625 0.194824 -0.113957 6.00063 46527 1.0000007 280996 102427 5 2 2737450.2 9.3867431 22.1003 24.366625 17054 2144910 1295099 301731 190 0 0 0 0 0 0 553 309023 91825
24.373375 0.194824 -0.11325 6.00064 46528 1.0000007 280808 102371 5 2 2654126.7 9.3867431 22.1003 24.373375 21618 2396082 1546211 314284 191 0 0 0 0 0 0 553 308832 89030
24.38 0.194824 -0.112557 6.00066 46530 1.0000007 280833 102397 5 2 2596471.1 9.3867431 22.1003 24.38 28265 2670088 1821084 326836 192 0 0 0 0 0 0 553 308874 87096
24.386625 0.194824 -0.111863 6.00067 46531 1.0000007 280758 102365 4 2 2554228.1 9.3867431 22.1003 24.386625 50917 3089227 2238865 340155 193 0 0 0 0 0 0 553 308770 85679
24.393375 0.194824 -0.111156 6.00068 46533 1.0000007 280866 102451 6 2 2510017.5 9.3867431 22.1003 24.393375 110368 3779190 2927872 350076 194 0 0 0 0 0 0 553 308889 84196
24.4 0.194824 -0.110462 6.0007 46534 1.0000007 280916 102483 4 2 2509928 9.3867431 22.1003 24.4 137998 4421990 3571129 360956 195 0 0 0 0 0 0 553 308928 84193
24.406625 0.194824 -0.109768 6.00071 46536 1.0000007 278798 101664 5 2 2472425 9.3867431 22.1003 24.406625 153078 4987156 4142570 363045 196 0 0 0 0 0 0 553 306695 82935
24.413375 0.194824 -0.109061 6.00072 46537 1.0000007 281909 102888 5 2 2524476.1 9.3867431 22.1003 24.413375 282678 6117253 5263272 371839 197 0 0 0 0 0 0 553 309937 84681
24.42 0.194824 -0.108367 6.00073 46539 1.0000007 281994 102947 5 2 2565884.4 9.3867431 22.1003 24.42 368680 7133452 6277812 374468 198 0 0 0 0 0 0 553 310027 86070
24.426625 0.194824 -0.107673 6.00075 46540 1.0000007 281991 102949 5 2 2629293.7 9.3867431 22.1003 24.426625 295953 6862393 6005704 373225 199 0 0 0 0 0 0 553 310033 88197
24.433375 0.194824 -0.106966 6.00076 46541 1.0000007 281758 102814 5 2 2715598.3 9.3867431 22.1003 24.433375 190664 5915588 5061810 363615 200 0 0 0 0 0 0 553 309782 91092
24.44 0.194824 -0.106273 6.00077 46543 1.0000007 281915 102870 6 2 2839495.3 9.3867431 22.1003 24.44 191428 5136329 4284447 352628 201 0 0 0 0 0 0 553 309934 95248
24.446625 0.194824 -0.105579 6.00078 46544 1.0000007 281959 102896 6 2 3014757.7 9.3867431 22.1003 24.446625 172957 4494866 3640918 346735 202 0 0 0 0 0 0 553 309992 101127
24.453375 0.194824 -0.104872 6.0008 46546 1.0000007 281945 102949 5 2 3157346.6 9.3867431 22.1003 24.453375 125518 3894075 3041881 348983 203 0 0 0 0 0 0 553 309942 105910
24.46 0.194824 -0.104178 6.00081 46548 1.0000007 281808 102858 6 2 3283032.3 9.3867431 22.1003 24.46 96974 3457776 2605830 366360 204 0 0 0 0 0 0 553 309818 110126
24.466625 0.194824 -0.103484 6.00082 46549 1.0000007 281865 102900 5 2 3387849.8 9.3867431 22.1003 24.466625 76731 3177638 2326538 401669 205 0 0 0 0 0 0 553 309886 113642
24.473375 0.194824 -0.102777 6.00083 46551 1.0000007 281836 102877 5 2 3450275.3 9.3867431 22.1003 24.473375 77987 2947872 2095775 439226 206 0 0 0 0 0 0 553 309832 115736
24.48 0.194824 -0.102083 6.00084 46552 1.0000007 281868 102903 5 2 3538875.4 9.3867431 22.1003 24.48 76640 2742063 1888850 462333 207 0 0 0 0 0 0 553 309873 118708
24.486625 0.194824 -0.101389 6.00086 46553 1.0000007 281886 102911 5 2 3605981.3 9.3867431 22.1003 24.486625 63220 2503237 1648145 467252 208 0 0 0 0 0 0 553 309899 120959
24.493375 0.194824 -0.100682 6.00087 46555 1.0000007 281770 102814 6 2 3602105.8 9.3867431 22.1003 24.493375 42410 2267850 1418345 450384 209 0 0 0 0 0 0 553 309786 120829
24.5 0.194824 -0.0999886 6.00088 46557 1.0000007 281804 102881 5 2 3445624.7 9.3867431 22.1003 24.5 20418 2046659 1194085 407482 210 0 0 0 0 0 0 553 309821 115580
24.506625 0.194824 -0.0992947 6.00089 46558 1.0000007 281785 102840 5 2 3121930.4 9.3867431 22.1003 24.506625 9489 1860840 1011718 350714 211 0 0 0 0 0 0 553 309805 104722
24.513375 0.194824 -0.0985877 6.0009 46559 1.0000007 281739 102754 6 2 2763475.7 9.3867431 22.1003 24.513375 8981 1720260 871674 292675 212 0 0 0 0 0 0 553 309760 92698
24.52 0.194824 -0.0978938 6.00091 46561 1.0000007 281693 102809 4 2 2421745.3 9.3867431 22.1003 24.52 6188 1608966 760991 247112 213 0 0 0 0 0 0 553 309710 81235
24.526625 0.194824 -0.0972 6.00092 46562 1.0000007 281716 102804 6 2 2163129.7 9.3867431 22.1003 24.526625 3212 1520666 674382 212930 214 0 0 0 0 0 0 553 309731 72560
24.533375 0.194824 -0.096493 6.00094 46564 1.0000007 281802 102792 6 2 1949231.5 9.3867431 22.1003 24.533375 2007 1452357 606366 185025 215 0 0 0 0 0 0 553 309788 65385
24.54 0.194824 -0.0957991 6.00095 46566 1.0000007 281765 102793 4 2 1777695.5 9.3867431 22.1003 24.54 1578 1398631 552701 160688 216 0 0 0 0 0 0 553 309787 59631
24.546625 0.194824 -0.0951052 6.00096 46567 1.0000007 281806 102842 5 2 1647925.6 9.3867431 22.1003 24.546625 1230 1354928 510268 141678 217 0 0 0 0 0 0 553 309840 55278
24.553375 0.194824 -0.0943983 6.00097 46569 1.0000007 281705 102780 5 2 1520749.3 9.3867431 22.1003 24.553375 967 1319297 475895 127299 218 0 0 0 0 0 0 553 309730 51012
24.56 0.194824 -0.0937044 6.00098 46570 1.0000007 281676 102796 5 2 1412563 9.3867431 22.1003 24.56 776 1290185 446431 115338 219 0 0 0 0 0 0 553 309699 47383
24.566625 0.194824 -0.0930105 6.00099 46572 1.0000007 281708 102804 5 2 1324261.1 9.3867431 22.1003 24.566625 676 1270620 425071 106046 220 0 0 0 0 0 0 553 309734 44421
24.573375 0.194824 -0.0923035 6.001 46573 1.0000007 281629 102795 5 2 1233574.2 9.3867431 22.1003 24.573375 560 1248009 404193 97975 221 0 0 0 0 0 0 553 309628 41379
24.58 0.194824 -0.0916097 6.00101 46575 1.0000007 281651 102777 4 2 1163159.2 9.3867431 22.1003 24.58 465 1232445 388865 92048 222 0 0 0 0 0 0 553 309678 39017
24.586625 0.194824 -0.0909158 6.00102 46576 1.0000007 281707 102830 6 2 1103983.2 9.3867431 22.1003 24.586625 400 1217327 374914 86991 223 0 0 0 0 0 0 553 309703 37032
24.593375 0.194824 -0.0902088 6.00103 46577 1.0000007 281671 102786 5 2 1041736.6 9.3867431 22.1003 24.593375 360 1205276 364113 82402 224 0 0 0 0 0 0 553 309685 34944
24.6 0.194824 -0.0895149 6.00104 46579 1.0000007 281608 102745 6 2 984557.9 9.3867431 22.1003 24.6 321 1193925 351723 77579 225 0 0 0 0 0 0 553 309613 33026
24.606625 0.194824 -0.088821 6.00105 46581 1.0000007 281638 102739 6 2 937962.37 9.3867431 22.1003 24.606625 294 1185055 342327 73896 226 0 0 0 0 0 0 553 309648 31463
24.613375 0.194824 -0.088114 6.00107 46582 1.0000007 281509 102675 4 2 886507.55 9.3867431 22.1003 24.613375 270 1173153 332616 70286 227 0 0 0 0 0 0 553 309515 29737
24.62 0.194824 -0.0874201 6.00108 46583 1.0000007 281572 102748 5 2 858902.01 9.3867431 22.1003 24.62 243 1166659 326062 68216 228 0 0 0 0 0 0 553 309583 28811
24.626625 0.194824 -0.0867262 6.00109 46585 1.0000007 281631 102727 5 2 824171.49 9.3867431 22.1003 24.626625 232 1158866 318751 65673 229 0 0 0 0 0 0 553 309659 27646
24.633375 0.194824 -0.0860193 6.0011 46586 1.0000007 281604 102801 5 2 798682.58 9.3867431 22.1003 24.633375 212 1154250 312900 63804 230 0 0 0 0 0 0 553 309616 26791
24.64 0.194824 -0.0853254 6.00111 46588 1.0000007 281454 102749 6 2 765651.32 9.3867431 22.1003 24.64 195 1144702 304898 61282 231 0 0 0 0 0 0 553 309448 25683
24.646625 0.194824 -0.0846315 6.00112 46589 1.0000007 281685 102825 5 2 745856.42 9.3867431 22.1003 24.646625 185 1141152 301404 59786 232 0 0 0 0 0 0 553 309707 25019
24.653375 0.194824 -0.0839245 6.00113 46591 1.0000007 281532 102755 5 2 722663 9.3867431 22.1003 24.653375 171 1135967 296692 58388 233 0 0 0 0 0 0 553 309530 24241
24.66 0.194824 -0.0832306 6.00113 46592 1.0000007 281699 102881 5 2 711573.08 9.3867431 22.1003 24.66 169 1133139 293635 57039 234 0 0 0 0 0 0 553 309720 23869
24.666625 0.194824 -0.0825367 6.00114 46594 1.0000007 281669 102799 5 2 688677.77 9.3867431 22.1003 24.666625 160 1127097 288857 56057 235 0 0 0 0 0 0 553 309660 23101
24.673375 0.194824 -0.0818297 6.00115 46595 1.0000007 281545 102864 5 2 679287.12 9.3867431 22.1003 24.673375 149 1124337 286373 54767 236 0 0 0 0 0 0 553 309570 22786
24.68 0.194824 -0.0811358 6.00116 46597 1.0000007 281732 102881 6 2 677975.41 9.3867431 22.1003 24.68 156 1122473 283367 54511 237 0 0 0 0 0 0 553 309751 22742
24.686625 0.194824 -0.0804419 6.00117 46598 1.0000007 281546 102804 5 2 651472.89 9.3867431 22.1003 24.686625 127 1117536 280029 52976 238 0 0 0 0 0 0 553 309548 21853
24.693375 0.194824 -0.0797349 6.00118 46600 1.0000007 281741 102880 5 2 644854.72 9.3867431 22.1003 24.693375 133 1114543 277817 52275 239 0 0 0 0 0 0 553 309757 21631
24.7 0.194824 -0.079041 6.00119 46601 1.0000007 281734 102932 6 2 630485.53 9.3867431 22.1003 24.7 126 1112984 275149 51646 240 0 0 0 0 0 0 553 309739 21149
24.706625 0.194824 -0.0783471 6.0012 46603 1.0000007 281683 102887 5 2 621929.6 9.3867431 22.1003 24.706625 128 1110339 272814 50776 241 0 0 0 0 0 0 553 309698 20862
24.713375 0.194824 -0.0776401 6.00121 46604 1.0000007 281658 102916 6 2 610183.83 9.3867431 22.1003 24.713375 118 1107151 271500 50288 242 0 0 0 0 0 0 553 309684 20468
24.72 0.194824 -0.0769462 6.00122 46606 1.0000007 281741 102940 5 2 609200.05 9.3867431 22.1003 24.72 121 1104257 269314 49906 243 0 0 0 0 0 0 553 309766 20435
24.726625 0.194824 -0.0762522 6.00123 46607 1.0000007 281837 103008 6 2 611346.48 9.3867431 22.1003 24.726625 115 1103761 267174 49582 244 0 0 0 0 0 0 553 309848 20507
24.733375 0.194824 -0.0755452 6.00124 46609 1.0000007 281945 103052 5 2 605026.42 9.3867431 22.1003 24.733375 105 1101703 265102 48860 245 0 0 0 0 0 0 553 309979 20295
24.74 0.194824 -0.0748513 6.00125 46610 1.0000007 281867 102988 6 2 602253.94 9.3867431 22.1003 24.74 108 1098669 263591 49042 246 0 0 0 0 0 0 553 309845 20202
24.746625 0.194824 -0.0741574 6.00125 46611 1.0000007 281951 103123 6 2 593668.2 9.3867431 22.1003 24.746625 106 1099745 262783 48509 247 0 0 0 0 0 0 553 309969 19914
24.753375 0.194824 -0.0734504 6.00126 46613 1.0000007 281931 103081 5 2 584963.22 9.3867431 22.1003 24.753375 102 1094432 260177 47708 248 0 0 0 0 0 0 553 309939 19622
24.76 0.194824 -0.0727565 6.00127 46614 1.0000007 281820 103037 5 2 581982.06 9.3867431 22.1003 24.76 109 1094307 259672 47694 249 0 0 0 0 0 0 553 309822 19522
24.766625 0.194824 -0.0720626 6.00128 46616 1.0000007 281777 103095 5 2 582459.04 9.3867431 22.1003 24.766625 96 1090790 257707 47381 250 0 0 0 0 0 0 553 309802 19538
24.773375 0.194824 -0.0713556 6.00129 46617 1.0000007 281854 103081 6 2 576049.55 9.3867431 22.1003 24.773375 93 1091285 256850 46967 251 0 0 0 0 0 0 553 309876 19323
24.78 0.194824 -0.0706617 6.0013 46619 1.0000007 282005 103172 4 2 577540.13 9.3867431 22.1003 24.78 95 1089557 256152 46562 252 0 0 0 0 0 0 553 309990 19373
24.786625 0.194824 -0.0699677 6.0013 46620 1.0000007 281453 102869 6 2 573694.43 9.3867431 22.1003 24.786625 93 1086500 254015 46775 253 0 0 0 0 0 0 553 309388 19244
24.793375 0.194824 -0.0692607 6.00131 46622 1.0000007 281743 103047 5 2 569312.13 9.3867431 22.1003 24.793375 91 1085427 253988 46229 254 0 0 0 0 0 0 553 309734 19097
24.8 0.194824 -0.0685668 6.00132 46623 1.0000007 282102 103274 5 2 567791.73 9.3867431 22.1003 24.8 91 1085564 253186 46194 255 0 0 0 0 0 0 553 310116 19046
24.806625 0.194824 -0.0678729 6.00133 46625 1.0000007 282071 103271 4 2 565198.12 9.3867431 22.1003 24.806625 94 1085320 252460 45971 256 0 0 0 0 0 0 553 310069 18959
24.813375 0.194824 -0.0671659 6.00134 46626 1.0000007 282084 103311 5 2 566092.47 9.3867431 22.1003 24.813375 90 1082961 250621 45948 257 0 0 0 0 0 0 553 310082 18989
24.82 0.194824 -0.0664719 6.00134 46628 1.0000007 282250 103420 5 2 562515.08 9.3867431 22.1003 24.82 87 1084215 250398 45424 258 0 0 0 0 0 0 553 310244 18869
24.826625 0.194824 -0.065778 6.00135 46629 1.0000007 282170 103327 6 2 556373.89 9.3867431 22.1003 24.826625 88 1081738 249669 45348 259 0 0 0 0 0 0 553 310174 18663
24.833375 0.194824 -0.065071 6.00136 46631 1.0000007 282204 103408 6 2 552975.37 9.3867431 22.1003 24.833375 91 1078732 248276 45143 260 0 0 0 0 0 0 553 310222 18549
24.84 0.194824 -0.0643771 6.00137 46632 1.0000007 282386 103533 5 2 549248.92 9.3867431 22.1003 24.84 90 1082661 248676 44936 261 0 0 0 0 0 0 553 310380 18424
24.846625 0.194824 -0.0636831 6.00137 46634 1.0000007 282429 103519 6 2 550799.12 9.3867431 22.1003 24.846625 90 1079208 247087 44399 262 0 0 0 0 0 0 553 310443 18476
24.853375 0.194824 -0.0629761 6.00138 46635 1.0000007 282391 103550 6 2 556284.46 9.3867431 22.1003 24.853375 97 1077573 247238 45073 263 0 0 0 0 0 0 553 310377 18660
24.86 0.194824 -0.0622822 6.00139 46636 1.0000007 282483 103607 5 2 540514.12 9.3867431 22.1003 24.86 88 1076894 245281 44466 264 0 0 0 0 0 0 553 310478 18131
24.866625 0.194824 -0.0615883 6.0014 46638 1.0000007 282502 103652 5 2 544449.25 9.3867431 22.1003 24.866625 94 1077266 245757 44552 265 0 0 0 0 0 0 553 310519 18263
24.873375 0.194824 -0.0608812 6.0014 46639 1.0000007 282631 103739 6 2 554138.02 9.3867431 22.1003 24.873375 92 1075591 244468 44387 266 0 0 0 0 0 0 553 310655 18588
24.88 0.194824 -0.0601873 6.00141 46641 1.0000007 282513 103705 5 2 548920.99 9.3867431 22.1003 24.88 89 1076079 244705 44251 267 0 0 0 0 0 0 553 310496 18413
24.886625 0.194824 -0.0594934 6.00142 46642 1.0000007 282634 103798 4 2 542481.69 9.3867431 22.1003 24.886625 91 1073462 243058 44102 268 0 0 0 0 0 0 553 310640 18197
24.893375 0.194824 -0.0587864 6.00142 46644 1.0000007 282756 103872 5 2 548593.06 9.3867431 22.1003 24.893375 89 1073742 244140 44293 269 0 0 0 0 0 0 553 310753 18402
24.9 0.194824 -0.0580924 6.00143 46645 1.0000007 282743 103933 5 2 534372.93 9.3867431 22.1003 24.9 89 1072834 242761 43704 270 0 0 0 0 0 0 553 310723 17925
24.906625 0.194824 -0.0573985 6.00144 46647 1.0000007 282845 103988 5 2 539947.7 9.3867431 22.1003 24.906625 102 1072676 241620 43467 271 0 0 0 0 0 0 553 310854 18112
24.913375 0.194824 -0.0566915 6.00144 46648 1.0000007 282686 103889 5 2 532822.73 9.3867431 22.1003 24.913375 89 1071184 241236 43418 272 0 0 0 0 0 0 553 310656 17873
24.92 0.194824 -0.0559975 6.00145 46650 1.0000007 282965 104064 6 2 526949.84 9.3867431 22.1003 24.92 94 1071904 241172 43333 273 0 0 0 0 0 0 553 310960 17676
24.926625 0.194824 -0.0553036 6.00146 46651 1.0000007 282979 104141 6 2 532673.67 9.3867431 22.1003 24.926625 90 1069374 240994 43607 274 0 0 0 0 0 0 553 310951 17868
24.933375 0.194824 -0.0545966 6.00146 46653 1.0000007 282986 104174 5 2 532733.29 9.3867431 22.1003 24.933375 88 1068397 239609 43257 275 0 0 0 0 0 0 553 310978 17870
24.94 0.194824 -0.0539026 6.00147 46654 1.0000007 283159 104235 5 2 534521.99 9.3867431 22.1003 24.94 88 1070948 239702 43479 276 0 0 0 0 0 0 553 311128 17930
24.946625 0.194824 -0.0532087 6.00148 46656 1.0000007 280973 103445 5 2 529960.81 9.3867431 22.1003 24.946625 94 1059704 237704 42811 277 0 0 0 0 0 0 553 308835 17777
24.953375 0.194824 -0.0525016 6.00148 46657 1.0000007 284486 104880 5 2 531749.51 9.3867431 22.1003 24.953375 89 1071488 239830 43328 278 0 0 0 0 0 0 553 312460 17837
24.96 0.194824 -0.0518077 6.00149 46658 1.0000007 284616 104999 6 2 537711.83 9.3867431 22.1003 24.96 96 1073371 240344 43572 279 0 0 0 0 0 0 553 312592 18037
24.966625 0.194824 -0.0511138 6.00149 46660 1.0000007 284502 104949 5 2 532047.63 9.3867431 22.1003 24.966625 90 1072143 238994 43183 280 0 0 0 0 0 0 553 312481 17847
24.973375 0.194824 -0.0504067 6.0015 46661 1.0000007 284496 104986 6 2 532763.1 9.3867431 22.1003 24.973375 87 1071956 239464 43242 281 0 0 0 0 0 0 553 312461 17871
24.98 0.194824 -0.0497128 6.00151 46663 1.0000007 284534 105007 6 2 530944.6 9.3867431 22.1003 24.98 89 1071863 239163 43003 282 0 0 0 0 0 0 553 312494 17810
24.986625 0.194824 -0.0490188 6.00151 46664 1.0000007 284599 105110 5 2 531660.07 9.3867431 22.1003 24.986625 99 1068890 238464 43054 283 0 0 0 0 0 0 553 312572 17834
24.993375 0.194824 -0.0483118 6.00152 46666 1.0000007 284632 105069 5 2 529931 9.3867431 22.1003 24.993375 86 1070294 238373 43096 284 0 0 0 0 0 0 553 312588 17776
25 0.194824 -0.0476179 6.00152 46667 1.0000007 284732 105197 4 2 526979.65 9.3867431 22.1003 25 89 1067728 236457 42707 285 0 0 0 0 0 0 553 312708 17677
25.006625 0.194824 -0.0469239 6.00153 46669 1.0000007 284708 105209 5 2 530586.86 9.3867431 22.1003 25.006625 95 1068416 236941 42871 286 0 0 0 0 0 0 553 312663 17798
25.013375 0.194824 -0.0462169 6.00153 46670 1.0000007 284759 105192 6 2 529960.81 9.3867431 22.1003 25.013375 93 1068447 237611 43060 287 0 0 0 0 0 0 553 312718 17777
25.02 0.194824 -0.0455229 6.00154 46672 1.0000007 284835 105275 5 2 532494.8 9.3867431 22.1003 25.02 94 1068131 236737 42780 288 0 0 0 0 0 0 553 312801 17862
25.026625 0.194824 -0.044829 6.00154 46673 1.0000007 284611 105180 5 2 528082.68 9.3867431 22.1003 25.026625 93 1067781 236907 42642 289 0 0 0 0 0 0 553 312540 17714
25.033375 0.194824 -0.0441219 6.00155 46675 1.0000007 284888 105375 5 2 522478.1 9.3867431 22.1003 25.033375 92 1064687 236093 42345 290 0 0 0 0 0 0 553 312829 17526
25.04 0.194824 -0.043428 6.00155 46676 1.0000007 284876 105352 5 2 524743.78 9.3867431 22.1003 25.04 93 1065572 236412 42595 291 0 0 0 0 0 0 553 312833 17602
25.046625 0.194824 -0.042734 6.00156 46678 1.0000007 284855 105338 6 2 518334.29 9.3867431 22.1003 25.046625 90 1064577 235433 42500 292 0 0 0 0 0 0 553 312836 17387
25.053375 0.194824 -0.042027 6.00156 46679 1.0000007 284804 105243 6 2 526472.86 9.3867431 22.1003 25.053375 92 1063583 235176 42572 293 0 0 0 0 0 0 553 312757 17660
25.06 0.194824 -0.0413331 6.00157 46681 1.0000007 285028 105442 4 2 528738.54 9.3867431 22.1003 25.06 89 1064144 234639 42468 294 0 0 0 0 0 0 553 312987 17736
25.066625 0.194824 -0.0406391 6.00157 46682 1.0000007 284955 105367 6 2 518483.35 9.3867431 22.1003 25.066625 95 1062502 235055 42419 295 0 0 0 0 0 0 553 312918 17392
25.073375 0.194824 -0.0399321 6.00158 46684 1.0000007 285085 105497 5 2 524713.97 9.3867431 22.1003 25.073375 86 1063861 234838 42229 296 0 0 0 0 0 0 553 313056 17601
25.08 0.194824 -0.0392381 6.00158 46685 1.0000007 284921 105374 6 2 515323.32 9.3867431 22.1003 25.08 95 1062586 234212 42167 297 0 0 0 0 0 0 553 312864 17286
25.086625 0.194824 -0.0385442 6.00159 46687 1.0000007 284973 105443 6 2 519258.45 9.3867431 22.1003 25.086625 91 1063990 234557 42103 298 0 0 0 0 0 0 553 312954 17418
25.093375 0.194824 -0.0378371 6.00159 46688 1.0000007 284951 105440 6 2 512938.39 9.3867431 22.1003 25.093375 91 1061369 233046 41871 299 0 0 0 0 0 0 553 312906 17206
25.1 0.194824 -0.0371432 6.0016 46689 1.0000007 285025 105484 5 2 524892.84 9.3867431 22.1003 25.1 94 1061404 234659 42280 300 0 0 0 0 0 0 553 312993 17607