Eta  H  K  L  Epoch  Sec  ion1  Hubmon  scan_bar  Filters  Correct  Qmag  Energy  Graze  p_peak  p_total  p_del_s  p_nu_s  p_image  p_xcen  p_xsig  p_ycen  p_ysig  power  tempsp  gun_on  ion0  p_point
23.1 0.194824 -0.246573 5.99664 44418 1.0000007 283020 104197 5 2 494991.81 9.3867431 22.1003 23.1 91 1035705 225099 40470 0 0 0 0 0 0 0 553 311047 16604
23.106625 0.194824 -0.24588 5.99667 44420 1.0000007 282941 104159 6 2 500924.31 9.3867431 22.1003 23.106625 91 1037531 225307 40486 1 0 0 0 0 0 0 553 310965 16803
23.113375 0.194824 -0.245173 5.9967 44421 1.0000007 282951 104177 6 2 501759.04 9.3867431 22.1003 23.113375 91 1035849 226260 40824 2 0 0 0 0 0 0 553 310988 16831
23.12 0.194824 -0.24448 5.99673 44423 1.0000007 282964 104151 6 2 494008.02 9.3867431 22.1003 23.12 90 1036518 225200 40481 3 0 0 0 0 0 0 553 311000 16571
23.126625 0.194824 -0.243787 5.99676 44424 1.0000007 282854 104090 6 2 499105.81 9.3867431 22.1003 23.126625 88 1034154 224952 40459 4 0 0 0 0 0 0 553 310867 16742
23.133375 0.194824 -0.24308 5.99679 44426 1.0000007 282774 104105 6 2 500208.84 9.3867431 22.1003 23.133375 90 1035677 225385 40548 5 0 0 0 0 0 0 553 310800 16779
23.14 0.194824 -0.242387 5.99682 44427 1.0000007 282953 104204 5 2 499523.17 9.3867431 22.1003 23.14 93 1038129 226251 40489 6 0 0 0 0 0 0 553 310979 16756
23.146625 0.194824 -0.241693 5.99684 44429 1.0000007 282875 104174 7 2 498271.08 9.3867431 22.1003 23.146625 95 1038708 225223 40766 7 0 0 0 0 0 0 553 310879 16714
23.153375 0.194824 -0.240987 5.99687 44430 1.0000007 282807 104117 6 2 500387.71 9.3867431 22.1003 23.153375 103 1036889 225584 40545 8 0 0 0 0 0 0 553 310842 16785
23.16 0.194824 -0.240293 5.9969 44432 1.0000007 282774 104085 5 2 498241.27 9.3867431 22.1003 23.16 87 1036397 226015 40532 9 0 0 0 0 0 0 553 310814 16713
23.166625 0.194824 -0.2396 5.99693 44433 1.0000007 282828 104163 6 2 496482.39 9.3867431 22.1003 23.166625 92 1037925 226282 40530 10 0 0 0 0 0 0 553 310859 16654
23.173375 0.194824 -0.238894 5.99696 44435 1.0000007 282670 104062 5 2 502593.76 9.3867431 22.1003 23.173375 95 1037457 225504 40780 11 0 0 0 0 0 0 553 310695 16859
23.18 0.194824 -0.2382 5.99698 44436 1.0000007 283176 104304 6 2 499880.91 9.3867431 22.1003 23.18 89 1039983 226655 40840 12 0 0 0 0 0 0 553 311223 16768
23.186625 0.194824 -0.237507 5.99701 44438 1.0000007 283246 104402 6 2 501639.79 9.3867431 22.1003 23.186625 89 1041863 227064 40871 13 0 0 0 0 0 0 553 311301 16827
23.193375 0.194824 -0.2368 5.99704 44439 1.0000007 283246 104318 5 2 506469.27 9.3867431 22.1003 23.193375 90 1041991 227826 40915 14 0 0 0 0 0 0 553 311291 16989
23.2 0.194824 -0.236107 5.99707 44441 1.0000007 283234 104403 6 2 504770.01 9.3867431 22.1003 23.2 98 1042533 227636 41007 15 0 0 0 0 0 0 553 311241 16932
23.206625 0.194824 -0.235413 5.99709 44442 1.0000007 283071 104228 6 2 502504.33 9.3867431 22.1003 23.206625 92 1042474 227654 40633 16 0 0 0 0 0 0 553 311118 16856
23.213375 0.194824 -0.234707 5.99712 44444 1.0000007 283115 104235 5 2 502802.45 9.3867431 22.1003 23.213375 86 1041850 226851 40689 17 0 0 0 0 0 0 553 311170 16866
23.22 0.194824 -0.234013 5.99715 44445 1.0000007 283187 104315 5 2 501371.49 9.3867431 22.1003 23.22 95 1042373 227355 40746 18 0 0 0 0 0 0 553 311213 16818
23.226625 0.194824 -0.23332 5.99718 44447 1.0000007 283192 104293 6 2 506558.71 9.3867431 22.1003 23.226625 95 1041769 226692 41172 19 0 0 0 0 0 0 553 311238 16992
23.233375 0.194824 -0.232613 5.9972 44448 1.0000007 283139 104324 5 2 503577.55 9.3867431 22.1003 23.233375 94 1040258 226393 40722 20 0 0 0 0 0 0 553 311161 16892
23.24 0.194824 -0.23192 5.99723 44450 1.0000007 283105 104221 7 2 502444.71 9.3867431 22.1003 23.24 91 1041123 226994 41025 21 0 0 0 0 0 0 553 311121 16854
23.246625 0.194824 -0.231227 5.99726 44451 1.0000007 283146 104362 5 2 508019.48 9.3867431 22.1003 23.246625 89 1043958 227402 40995 22 0 0 0 0 0 0 553 311203 17041
23.253375 0.194824 -0.23052 5.99728 44453 1.0000007 282965 104189 5 2 503965.1 9.3867431 22.1003 23.253375 92 1041448 227596 40853 23 0 0 0 0 0 0 553 310992 16905
23.26 0.194824 -0.229827 5.99731 44454 1.0000007 283022 104251 5 2 501401.3 9.3867431 22.1003 23.26 87 1042302 227087 40776 24 0 0 0 0 0 0 553 311045 16819
23.266625 0.194824 -0.229133 5.99734 44456 1.0000007 283006 104215 6 2 504293.03 9.3867431 22.1003 23.266625 90 1043157 227599 41145 25 0 0 0 0 0 0 553 311037 16916
23.273375 0.194824 -0.228427 5.99736 44457 1.0000007 283105 104205 5 2 503309.24 9.3867431 22.1003 23.273375 104 1045811 228396 41023 26 0 0 0 0 0 0 553 311156 16883
23.28 0.194824 -0.227733 5.99739 44459 1.0000007 283025 104283 5 2 499612.6 9.3867431 22.1003 23.28 86 1045841 227723 40742 27 0 0 0 0 0 0 553 311054 16759
23.286625 0.194824 -0.22704 5.99742 44460 1.0000007 282942 104238 5 2 499612.6 9.3867431 22.1003 23.286625 86 1045841 227723 40742 28 0 0 0 0 0 0 553 310975 16759
23.293375 0.194824 -0.226333 5.99744 44462 1.0000007 282960 104166 6 2 503845.85 9.3867431 22.1003 23.293375 90 1045306 228714 41035 29 0 0 0 0 0 0 553 310984 16901
23.3 0.194824 -0.22564 5.99747 44463 1.0000007 282873 104182 6 2 499523.17 9.3867431 22.1003 23.3 89 1045423 228313 40830 30 0 0 0 0 0 0 553 310891 16756
23.306625 0.194824 -0.224946 5.9975 44465 1.0000007 282944 104154 5 2 510434.22 9.3867431 22.1003 23.306625 95 1047287 228836 41165 31 0 0 0 0 0 0 553 310979 17122
23.313375 0.194824 -0.22424 5.99752 44466 1.0000007 282687 103979 5 2 508466.65 9.3867431 22.1003 23.313375 92 1045878 228313 41177 32 0 0 0 0 0 0 553 310730 17056
23.32 0.194824 -0.223546 5.99755 44468 1.0000007 282889 104139 6 2 505187.37 9.3867431 22.1003 23.32 92 1046816 229188 41090 33 0 0 0 0 0 0 553 310938 16946
23.326625 0.194824 -0.222853 5.99757 44469 1.0000007 282784 104026 6 2 512073.85 9.3867431 22.1003 23.326625 97 1047633 228425 41315 34 0 0 0 0 0 0 553 310816 17177
23.333375 0.194824 -0.222146 5.9976 44471 1.0000007 282694 104033 6 2 512073.85 9.3867431 22.1003 23.333375 97 1047633 228425 41315 35 0 0 0 0 0 0 553 310719 17177
23.34 0.194824 -0.221452 5.99763 44472 1.0000007 282648 104009 6 2 502623.58 9.3867431 22.1003 23.34 91 1047406 229336 41175 36 0 0 0 0 0 0 553 310652 16860
23.346625 0.194824 -0.220759 5.99765 44473 1.0000007 282761 104048 5 2 513355.75 9.3867431 22.1003 23.346625 182 1049319 229579 41460 37 0 0 0 0 0 0 553 310801 17220
23.353375 0.194824 -0.220052 5.99768 44475 1.0000007 282615 104002 7 2 507125.13 9.3867431 22.1003 23.353375 89 1047227 229335 40874 38 0 0 0 0 0 0 553 310624 17011
23.36 0.194824 -0.219359 5.9977 44476 1.0000007 282533 103896 6 2 510493.84 9.3867431 22.1003 23.36 89 1047218 229115 41429 39 0 0 0 0 0 0 553 310538 17124
23.366625 0.194824 -0.218665 5.99773 44478 1.0000007 282535 103934 5 2 503666.98 9.3867431 22.1003 23.366625 90 1047270 228716 41051 40 0 0 0 0 0 0 553 310558 16895
23.373375 0.194824 -0.217959 5.99775 44479 1.0000007 282473 103826 5 2 504740.2 9.3867431 22.1003 23.373375 87 1047895 229310 41180 41 0 0 0 0 0 0 553 310479 16931
23.38 0.194824 -0.217265 5.99778 44481 1.0000007 282419 103861 5 2 507572.3 9.3867431 22.1003 23.38 90 1048243 229733 41306 42 0 0 0 0 0 0 553 310438 17026
23.386625 0.194824 -0.216572 5.9978 44483 1.0000007 282501 103857 6 2 508556.08 9.3867431 22.1003 23.386625 87 1048883 228999 41434 43 0 0 0 0 0 0 553 310527 17059
23.393375 0.194824 -0.215865 5.99783 44484 1.0000007 282345 103783 4 2 513147.07 9.3867431 22.1003 23.393375 92 1050275 230815 41736 44 0 0 0 0 0 0 553 310352 17213
23.4 0.194824 -0.215172 5.99785 44486 1.0000007 282329 103770 5 2 512163.29 9.3867431 22.1003 23.4 98 1049692 229169 41231 45 0 0 0 0 0 0 553 310347 17180
23.406625 0.194824 -0.214478 5.99788 44487 1.0000007 282331 103722 5 2 509211.94 9.3867431 22.1003 23.406625 90 1051508 229799 41251 46 0 0 0 0 0 0 553 310354 17081
23.413375 0.194824 -0.213772 5.9979 44489 1.0000007 282309 103753 5 2 511805.55 9.3867431 22.1003 23.413375 92 1051913 230523 41678 47 0 0 0 0 0 0 553 310339 17168
23.42 0.194824 -0.213078 5.99793 44490 1.0000007 282285 103791 6 2 511388.19 9.3867431 22.1003 23.42 90 1048822 230154 41588 48 0 0 0 0 0 0 553 310312 17154
23.426625 0.194824 -0.212384 5.99795 44492 1.0000007 282322 103757 5 2 513564.43 9.3867431 22.1003 23.426625 90 1051837 230920 41602 49 0 0 0 0 0 0 553 310367 17227
23.433375 0.194824 -0.211678 5.99798 44493 1.0000007 282246 103702 5 2 512431.59 9.3867431 22.1003 23.433375 90 1052139 230914 41855 50 0 0 0 0 0 0 553 310273 17189
23.44 0.194824 -0.210984 5.998 44495 1.0000007 281867 103483 5 2 515055.01 9.3867431 22.1003 23.44 91 1052520 230996 41673 51 0 0 0 0 0 0 553 309889 17277
23.446625 0.194824 -0.210291 5.99803 44496 1.0000007 282151 103687 6 2 512044.04 9.3867431 22.1003 23.446625 90 1054637 231784 41731 52 0 0 0 0 0 0 553 310183 17176
23.453375 0.194824 -0.209584 5.99805 44498 1.0000007 282172 103655 5 2 514905.96 9.3867431 22.1003 23.453375 94 1053356 231939 42149 53 0 0 0 0 0 0 553 310184 17272
23.46 0.194824 -0.208891 5.99808 44499 1.0000007 281952 103501 6 2 513981.8 9.3867431 22.1003 23.46 91 1053903 231321 41724 54 0 0 0 0 0 0 553 309978 17241
23.466625 0.194824 -0.208197 5.9981 44501 1.0000007 281925 103508 6 2 514727.09 9.3867431 22.1003 23.466625 86 1055001 232012 41644 55 0 0 0 0 0 0 553 309953 17266
23.473375 0.194824 -0.20749 5.99812 44502 1.0000007 282002 103512 6 2 514935.77 9.3867431 22.1003 23.473375 92 1056760 231622 41837 56 0 0 0 0 0 0 553 310037 17273
23.48 0.194824 -0.206797 5.99815 44504 1.0000007 281856 103468 5 2 516962.96 9.3867431 22.1003 23.48 93 1055089 232822 42076 57 0 0 0 0 0 0 553 309895 17341
23.486625 0.194824 -0.206103 5.99817 44505 1.0000007 281765 103338 5 2 513117.26 9.3867431 22.1003 23.486625 94 1057396 232745 41913 58 0 0 0 0 0 0 553 309797 17212
23.493375 0.194824 -0.205397 5.9982 44506 1.0000007 281769 103316 5 2 509480.24 9.3867431 22.1003 23.493375 96 1057208 233079 42060 59 0 0 0 0 0 0 553 309795 17090
23.5 0.194824 -0.204703 5.99822 44508 1.0000007 281800 103347 5 2 513057.64 9.3867431 22.1003 23.5 91 1058294 232448 41773 60 0 0 0 0 0 0 553 309843 17210
23.506625 0.194824 -0.20401 5.99824 44509 1.0000007 281720 103306 5 2 514488.59 9.3867431 22.1003 23.506625 89 1058359 232775 42218 61 0 0 0 0 0 0 553 309764 17258
23.513375 0.194824 -0.203303 5.99827 44511 1.0000007 281656 103253 4 2 521434.7 9.3867431 22.1003 23.513375 93 1058165 233330 42400 62 0 0 0 0 0 0 553 309703 17491
23.52 0.194824 -0.202609 5.99829 44512 1.0000007 281474 103161 5 2 519646 9.3867431 22.1003 23.52 88 1058021 233247 41903 63 0 0 0 0 0 0 553 309511 17431
23.526625 0.194824 -0.201916 5.99831 44514 1.0000007 281463 103138 6 2 522179.99 9.3867431 22.1003 23.526625 91 1059809 233691 42231 64 0 0 0 0 0 0 553 309479 17516
23.533375 0.194824 -0.201209 5.99834 44515 1.0000007 281459 103093 6 2 525131.33 9.3867431 22.1003 23.533375 86 1060948 233814 42335 65 0 0 0 0 0 0 553 309490 17615
23.54 0.194824 -0.200516 5.99836 44517 1.0000007 281390 103048 5 2 521464.51 9.3867431 22.1003 23.54 90 1058664 233604 42211 66 0 0 0 0 0 0 553 309429 17492
23.546625 0.194824 -0.199822 5.99838 44518 1.0000007 281380 103018 6 2 522448.29 9.3867431 22.1003 23.546625 91 1063021 235045 42565 67 0 0 0 0 0 0 553 309411 17525
23.553375 0.194824 -0.199115 5.99841 44520 1.0000007 281257 102985 6 2 520272.04 9.3867431 22.1003 23.553375 89 1062061 235008 42411 68 0 0 0 0 0 0 553 309291 17452
23.56 0.194824 -0.198422 5.99843 44521 1.0000007 281112 102864 6 2 525966.06 9.3867431 22.1003 23.56 89 1062569 235308 42726 69 0 0 0 0 0 0 553 309141 17643
23.566625 0.194824 -0.197728 5.99845 44523 1.0000007 280880 102723 6 2 519318.07 9.3867431 22.1003 23.566625 92 1062103 235391 42840 70 0 0 0 0 0 0 553 308908 17420
23.573375 0.194824 -0.197021 5.99848 44524 1.0000007 280908 102727 5 2 525995.87 9.3867431 22.1003 23.573375 90 1062325 236042 42540 71 0 0 0 0 0 0 553 308946 17644
23.58 0.194824 -0.196328 5.9985 44526 1.0000007 280849 102672 6 2 533806.51 9.3867431 22.1003 23.58 94 1065430 237014 43106 72 0 0 0 0 0 0 553 308918 17906
23.586625 0.194824 -0.195634 5.99852 44527 1.0000007 280724 102590 5 2 532584.23 9.3867431 22.1003 23.586625 88 1064849 236905 42823 73 0 0 0 0 0 0 553 308749 17865
23.593375 0.194824 -0.194928 5.99855 44529 1.0000007 280672 102587 5 2 534283.5 9.3867431 22.1003 23.593375 91 1064205 237268 43198 74 0 0 0 0 0 0 553 308714 17922
23.6 0.194824 -0.194234 5.99857 44530 1.0000007 280666 102553 5 2 537324.28 9.3867431 22.1003 23.6 90 1067895 238169 43569 75 0 0 0 0 0 0 553 308720 18024
23.606625 0.194824 -0.19354 5.99859 44531 1.0000007 280603 102429 5 2 530378.18 9.3867431 22.1003 23.606625 89 1069491 237881 43283 76 0 0 0 0 0 0 553 308674 17791
23.613375 0.194824 -0.192834 5.99861 44533 1.0000007 280370 102314 5 2 535237.47 9.3867431 22.1003 23.613375 84 1067876 238910 43033 77 0 0 0 0 0 0 553 308420 17954
23.62 0.194824 -0.19214 5.99864 44534 1.0000007 280310 102237 6 2 544359.82 9.3867431 22.1003 23.62 87 1068295 238523 43753 78 0 0 0 0 0 0 553 308362 18260
23.626625 0.194824 -0.191446 5.99866 44536 1.0000007 280292 102234 5 2 533985.38 9.3867431 22.1003 23.626625 96 1070346 239226 43641 79 0 0 0 0 0 0 553 308345 17912
23.633375 0.194824 -0.19074 5.99868 44537 1.0000007 280297 102199 6 2 543405.84 9.3867431 22.1003 23.633375 87 1071945 239984 43816 80 0 0 0 0 0 0 553 308331 18228
23.64 0.194824 -0.190046 5.9987 44539 1.0000007 280121 102095 5 2 544180.95 9.3867431 22.1003 23.64 94 1072248 239877 43837 81 0 0 0 0 0 0 553 308184 18254
23.646625 0.194824 -0.189352 5.99872 44540 1.0000007 279968 101965 5 2 540335.25 9.3867431 22.1003 23.646625 93 1074717 241016 44028 82 0 0 0 0 0 0 553 308015 18125
23.653375 0.194824 -0.188646 5.99875 44542 1.0000007 280027 102017 6 2 541408.47 9.3867431 22.1003 23.653375 89 1075708 241761 44037 83 0 0 0 0 0 0 553 308091 18161
23.66 0.194824 -0.187952 5.99877 44543 1.0000007 279863 101915 5 2 542749.99 9.3867431 22.1003 23.66 88 1076964 243392 44374 84 0 0 0 0 0 0 553 307929 18206
23.666625 0.194824 -0.187259 5.99879 44545 1.0000007 279825 101843 6 2 545462.85 9.3867431 22.1003 23.666625 93 1080114 243869 44340 85 0 0 0 0 0 0 553 307885 18297
23.673375 0.194824 -0.186552 5.99881 44546 1.0000007 279892 101864 5 2 552647.44 9.3867431 22.1003 23.673375 101 1080441 245758 44806 86 0 0 0 0 0 0 553 307940 18538
23.68 0.194824 -0.185858 5.99883 44548 1.0000007 279698 101739 5 2 553571.6 9.3867431 22.1003 23.68 92 1081797 245416 45105 87 0 0 0 0 0 0 553 307750 18569
23.686625 0.194824 -0.185165 5.99886 44549 1.0000007 279694 101736 5 2 551574.22 9.3867431 22.1003 23.686625 95 1083090 246534 45188 88 0 0 0 0 0 0 553 307773 18502
23.693375 0.194824 -0.184458 5.99888 44551 1.0000007 279619 101713 5 2 553362.92 9.3867431 22.1003 23.693375 91 1084466 247826 45147 89 0 0 0 0 0 0 553 307682 18562
23.7 0.194824 -0.183764 5.9989 44552 1.0000007 279724 101714 5 2 555121.8 9.3867431 22.1003 23.7 91 1089147 249205 45344 90 0 0 0 0 0 0 553 307796 18621
23.706625 0.194824 -0.183071 5.99892 44554 1.0000007 279516 101661 6 2 566122.28 9.3867431 22.1003 23.706625 92 1087227 250488 45932 91 0 0 0 0 0 0 553 307582 18990
23.713375 0.194824 -0.182364 5.99894 44555 1.0000007 277028 100625 6 2 559832.04 9.3867431 22.1003 23.713375 99 1081181 249741 45749 92 0 0 0 0 0 0 553 304947 18779
23.72 0.194824 -0.18167 5.99896 44557 1.0000007 280651 102106 5 2 576228.42 9.3867431 22.1003 23.72 96 1101452 256215 46656 93 0 0 0 0 0 0 553 308708 19329
23.726625 0.194824 -0.180976 5.99898 44558 1.0000007 280677 102188 6 2 579626.94 9.3867431 22.1003 23.726625 104 1102072 257623 47259 94 0 0 0 0 0 0 553 308763 19443
23.733375 0.194824 -0.18027 5.999 44559 1.0000007 280738 102190 6 2 582220.55 9.3867431 22.1003 23.733375 110 1106053 260386 47636 95 0 0 0 0 0 0 553 308822 19530
23.74 0.194824 -0.179576 5.99902 44561 1.0000007 280645 102156 5 2 587228.9 9.3867431 22.1003 23.74 102 1108808 262266 47789 96 0 0 0 0 0 0 553 308728 19698
23.746625 0.194824 -0.178882 5.99905 44562 1.0000007 280695 102182 7 2 592594.98 9.3867431 22.1003 23.746625 111 1114038 265344 48531 97 0 0 0 0 0 0 553 308770 19878
23.753375 0.194824 -0.178176 5.99907 44564 1.0000007 280607 102120 5 2 593280.65 9.3867431 22.1003 23.753375 113 1118210 268724 48626 98 0 0 0 0 0 0 553 308674 19901
23.76 0.194824 -0.177482 5.99909 44565 1.0000007 280585 102078 7 2 606069.83 9.3867431 22.1003 23.76 120 1123552 273682 49743 99 0 0 0 0 0 0 553 308651 20330
23.766625 0.194824 -0.176788 5.99911 44567 1.0000007 280672 102134 5 2 612866.87 9.3867431 22.1003 23.766625 132 1129455 277972 50282 100 0 0 0 0 0 0 553 308742 20558
23.773375 0.194824 -0.176082 5.99913 44568 1.0000007 280706 102199 5 2 617905.03 9.3867431 22.1003 23.773375 139 1133402 283141 51021 101 0 0 0 0 0 0 553 308752 20727
23.78 0.194824 -0.175388 5.99915 44570 1.0000007 280659 102182 7 2 616116.34 9.3867431 22.1003 23.78 169 1142004 288536 51227 102 0 0 0 0 0 0 553 308710 20667
23.786625 0.194824 -0.174694 5.99917 44571 1.0000007 280852 102262 5 2 637908.62 9.3867431 22.1003 23.786625 191 1149650 295127 52528 103 0 0 0 0 0 0 553 308931 21398
23.793375 0.194824 -0.173988 5.99919 44573 1.0000007 280846 102357 6 2 638534.66 9.3867431 22.1003 23.793375 237 1157904 303176 53187 104 0 0 0 0 0 0 553 308903 21419
23.8 0.194824 -0.173294 5.99921 44574 1.0000007 280845 102328 7 2 656570.68 9.3867431 22.1003 23.8 305 1170647 313079 54609 105 0 0 0 0 0 0 553 308903 22024
23.806625 0.194824 -0.1726 5.99923 44576 1.0000007 280936 102350 5 2 661787.71 9.3867431 22.1003 23.806625 389 1180810 324885 55793 106 0 0 0 0 0 0 553 308989 22199
23.813375 0.194824 -0.171893 5.99925 44577 1.0000007 280937 102446 5 2 670552.32 9.3867431 22.1003 23.813375 537 1198677 339461 57160 107 0 0 0 0 0 0 553 308963 22493
23.82 0.194824 -0.1712 5.99927 44579 1.0000007 280917 102419 5 2 683997.35 9.3867431 22.1003 23.82 763 1217418 358079 58439 108 0 0 0 0 0 0 553 308966 22944
23.826625 0.194824 -0.170506 5.99929 44580 1.0000007 281095 102523 6 2 708651.54 9.3867431 22.1003 23.826625 1086 1242869 382649 60540 109 0 0 0 0 0 0 553 309136 23771
23.833375 0.194824 -0.169799 5.99931 44582 1.0000007 281216 102674 6 2 729758.16 9.3867431 22.1003 23.833375 1512 1271665 410520 62947 110 0 0 0 0 0 0 553 309255 24479
23.84 0.194824 -0.169106 5.99933 44583 1.0000007 281177 102636 5 2 737389.93 9.3867431 22.1003 23.84 1996 1308516 447333 64942 111 0 0 0 0 0 0 553 309215 24735
23.846625 0.194824 -0.168412 5.99935 44584 1.0000007 281336 102774 5 2 767499.64 9.3867431 22.1003 23.846625 3081 1351901 491884 68384 112 0 0 0 0 0 0 553 309365 25745
23.853375 0.194824 -0.167705 5.99937 44586 1.0000007 281333 102772 6 2 792094.21 9.3867431 22.1003 23.853375 3081 1413532 552240 72082 113 0 0 0 0 0 0 553 309360 26570
23.86 0.194824 -0.167011 5.99939 44587 1.0000007 281532 102856 5 2 822502.04 9.3867431 22.1003 23.86 6824 1487810 626963 76799 114 0 0 0 0 0 0 553 309591 27590
23.866625 0.194824 -0.166318 5.99941 44589 1.0000007 281431 102879 6 2 840508.25 9.3867431 22.1003 23.866625 10444 1593446 730344 82021 115 0 0 0 0 0 0 553 309467 28194
23.873375 0.194824 -0.165611 5.99943 44590 1.0000007 281583 102951 6 2 874105.92 9.3867431 22.1003 23.873375 10444 1728146 866622 89322 116 0 0 0 0 0 0 553 309622 29321
23.88 0.194824 -0.164917 5.99945 44592 1.0000007 281505 102941 6 2 903798.28 9.3867431 22.1003 23.88 20793 1912820 1050577 98509 117 0 0 0 0 0 0 553 309528 30317
23.886625 0.194824 -0.164223 5.99946 44593 1.0000007 281650 103042 6 2 946518.3 9.3867431 22.1003 23.886625 30113 2164957 1304212 110988 118 0 0 0 0 0 0 553 309684 31750
23.893375 0.194824 -0.163517 5.99948 44595 1.0000007 281652 103058 5 2 996631.6 9.3867431 22.1003 23.893375 43492 2515466 1653247 126685 119 0 0 0 0 0 0 553 309674 33431
23.9 0.194824 -0.162823 5.9995 44596 1.0000007 281725 103118 6 2 1040812.4 9.3867431 22.1003 23.9 62040 2973520 2112507 145772 120 0 0 0 0 0 0 553 309769 34913
23.906625 0.194824 -0.162129 5.99952 44598 1.0000007 281753 103107 5 2 1102999.4 9.3867431 22.1003 23.906625 100679 3574988 2713297 170462 121 0 0 0 0 0 0 553 309783 36999
23.913375 0.194824 -0.161422 5.99954 44599 1.0000007 281911 103294 6 2 1168346.4 9.3867431 22.1003 23.913375 151546 4340731 3478083 200924 122 0 0 0 0 0 0 553 309953 39191
23.92 0.194824 -0.160729 5.99956 44601 1.0000007 281818 103286 6 2 1238344.1 9.3867431 22.1003 23.92 218102 5182772 4319908 235514 123 0 0 0 0 0 0 553 309842 41539
23.926625 0.194824 -0.160035 5.99958 44602 1.0000007 281924 103254 5 2 1315913.8 9.3867431 22.1003 23.926625 286846 6063945 5199468 279238 124 0 0 0 0 0 0 553 309952 44141
23.933375 0.194824 -0.159328 5.9996 44604 1.0000007 281909 103239 5 2 1397359.1 9.3867431 22.1003 23.933375 332529 6812421 5946786 330866 125 0 0 0 0 0 0 553 309922 46873
23.94 0.194824 -0.158635 5.99962 44605 1.0000007 281904 103311 5 2 1480295 9.3867431 22.1003 23.94 448734 7463968 6598225 386941 126 0 0 0 0 0 0 553 309933 49655
23.946625 0.194824 -0.157941 5.99963 44607 1.0000007 281942 103339 5 2 1562962.6 9.3867431 22.1003 23.946625 486786 8002872 7138364 450581 127 0 0 0 0 0 0 553 309956 52428
23.953375 0.194824 -0.157234 5.99965 44608 1.0000007 282148 103514 5 2 1612837.4 9.3867431 22.1003 23.953375 421333 8141835 7277548 528459 128 0 0 0 0 0 0 553 310156 54101
23.96 0.194824 -0.15654 5.99967 44610 1.0000007 282012 103412 5 2 1676395.7 9.3867431 22.1003 23.96 403008 7741616 6877243 623061 129 0 0 0 0 0 0 553 310017 56233
23.966625 0.194824 -0.155846 5.99969 44611 1.0000007 281929 103409 4 2 1709367.3 9.3867431 22.1003 23.966625 357816 7174351 6310832 737492 130 0 0 0 0 0 0 553 309927 57339
23.973375 0.194824 -0.15514 5.99971 44613 1.0000007 282067 103507 5 2 1762104.1 9.3867431 22.1003 23.973375 331791 6639297 5774822 855553 131 0 0 0 0 0 0 553 310082 59108
23.98 0.194824 -0.154446 5.99972 44614 1.0000007 282165 103542 6 2 1780676.7 9.3867431 22.1003 23.98 290080 5898417 5034455 891345 132 0 0 0 0 0 0 553 310167 59731
23.986625 0.194824 -0.153752 5.99974 44616 1.0000007 282086 103513 6 2 1761269.3 9.3867431 22.1003 23.986625 210538 4831135 3970095 826843 133 0 0 0 0 0 0 553 310112 59080
23.993375 0.194824 -0.153045 5.99976 44617 1.0000007 282070 103497 5 2 1754979.1 9.3867431 22.1003 23.993375 135354 3660199 2798069 685366 134 0 0 0 0 0 0 553 310090 58869
24 0.194824 -0.152352 5.99978 44619 1.0000007 282029 103480 6 2 1736734.4 9.3867431 22.1003 24 69810 2803148 1943607 537652 135 0 0 0 0 0 0 553 310043 58257
24.006625 0.194824 -0.151658 5.9998 44620 1.0000007 282049 103507 6 2 1734587.9 9.3867431 22.1003 24.006625 38186 2264520 1404078 418551 136 0 0 0 0 0 0 553 310053 58185
24.013375 0.194824 -0.150951 5.99981 44621 1.0000007 281948 103364 6 2 1732620.4 9.3867431 22.1003 24.013375 22000 1944244 1085154 342176 137 0 0 0 0 0 0 553 309984 58119
24.02 0.194824 -0.150257 5.99983 44623 1.0000007 281950 103410 5 2 1740878.2 9.3867431 22.1003 24.02 13020 1739440 882199 286001 138 0 0 0 0 0 0 553 309971 58396
24.026625 0.194824 -0.149564 5.99985 44624 1.0000007 281912 103466 5 2 1724183.7 9.3867431 22.1003 24.026625 8085 1605102 748418 243162 139 0 0 0 0 0 0 553 309909 57836
24.033375 0.194824 -0.148857 5.99987 44626 1.0000007 282000 103443 5 2 1718728.2 9.3867431 22.1003 24.033375 4969 1515599 657589 212269 140 0 0 0 0 0 0 553 310020 57653
24.04 0.194824 -0.148163 5.99988 44627 1.0000007 281811 103389 5 2 1727254.3 9.3867431 22.1003 24.04 3128 1452317 596752 190119 141 0 0 0 0 0 0 553 309817 57939
24.046625 0.194824 -0.147469 5.9999 44629 1.0000007 281866 103327 6 2 1739447.2 9.3867431 22.1003 24.046625 2104 1407087 550865 172781 142 0 0 0 0 0 0 553 309897 58348
24.053375 0.194824 -0.146762 5.99992 44630 1.0000007 281929 103411 5 2 1753250 9.3867431 22.1003 24.053375 1492 1377822 518192 160325 143 0 0 0 0 0 0 553 309924 58811
24.06 0.194824 -0.146069 5.99993 44632 1.0000007 281921 103463 5 2 1787920.9 9.3867431 22.1003 24.06 1143 1355307 497421 152209 144 0 0 0 0 0 0 553 309927 59974
24.066625 0.194824 -0.145375 5.99995 44633 1.0000007 281799 103328 6 2 1829150.3 9.3867431 22.1003 24.066625 791 1340744 483384 146989 145 0 0 0 0 0 0 553 309811 61357
24.073375 0.194824 -0.144668 5.99997 44635 1.0000007 281829 103373 5 2 1889220.7 9.3867431 22.1003 24.073375 678 1332970 473700 144478 146 0 0 0 0 0 0 553 309846 63372
24.08 0.194824 -0.143974 5.99998 44636 1.0000007 281710 103323 5 2 1941897.8 9.3867431 22.1003 24.08 537 1323010 466782 142240 147 0 0 0 0 0 0 553 309739 65139
24.086625 0.194824 -0.14328 6 44638 1.0000007 281732 103377 6 2 2015502.7 9.3867431 22.1003 24.086625 459 1319231 464211 142437 148 0 0 0 0 0 0 553 309751 67608
24.093375 0.194824 -0.142574 6.00002 44639 1.0000007 281679 103266 6 2 2109766.9 9.3867431 22.1003 24.093375 490 1318751 462103 143323 149 0 0 0 0 0 0 553 309696 70770
24.1 0.194824 -0.14188 6.00003 44641 1.0000007 281742 103318 6 2 2199857.6 9.3867431 22.1003 24.1 481 1316391 460809 144750 150 0 0 0 0 0 0 553 309758 73792
24.106625 0.194824 -0.141186 6.00005 44642 1.0000007 281586 103180 5 2 2311144.3 9.3867431 22.1003 24.106625 468 1320129 464043 147751 151 0 0 0 0 0 0 553 309592 77525
24.113375 0.194824 -0.140479 6.00007 44644 1.0000007 281691 103202 6 2 2427499 9.3867431 22.1003 24.113375 501 1323226 467641 151554 152 0 0 0 0 0 0 553 309701 81428
24.12 0.194824 -0.139785 6.00008 44645 1.0000007 281519 103140 6 2 2536907.5 9.3867431 22.1003 24.12 550 1323693 467363 155010 153 0 0 0 0 0 0 553 309557 85098
24.126625 0.194824 -0.139092 6.0001 44647 1.0000007 281600 103150 5 2 2634242.4 9.3867431 22.1003 24.126625 555 1324267 469200 159074 154 0 0 0 0 0 0 553 309614 88363
24.133375 0.194824 -0.138385 6.00012 44648 1.0000007 281443 103082 5 2 2730116.5 9.3867431 22.1003 24.133375 596 1326514 470763 162062 155 0 0 0 0 0 0 553 309467 91579
24.14 0.194824 -0.137691 6.00013 44650 1.0000007 281455 103125 6 2 2845099.9 9.3867431 22.1003 24.14 611 1330179 475211 166802 156 0 0 0 0 0 0 553 309498 95436
24.146625 0.194824 -0.136997 6.00015 44651 1.0000007 281553 103102 6 2 2933491.3 9.3867431 22.1003 24.146625 662 1334016 476752 170550 157 0 0 0 0 0 0 553 309583 98401
24.153375 0.194824 -0.13629 6.00016 44652 1.0000007 281382 103055 5 2 2997437.1 9.3867431 22.1003 24.153375 675 1334282 479351 174121 158 0 0 0 0 0 0 553 309406 100546
24.16 0.194824 -0.135597 6.00018 44654 1.0000007 281236 102976 5 2 3084367.8 9.3867431 22.1003 24.16 709 1339605 483863 178940 159 0 0 0 0 0 0 553 309256 103462
24.166625 0.194824 -0.134903 6.0002 44655 1.0000007 281194 102882 7 2 3115789.2 9.3867431 22.1003 24.166625 739 1343970 487566 181683 160 0 0 0 0 0 0 553 309226 104516
24.173375 0.194824 -0.134196 6.00021 44657 1.0000007 281258 102947 6 2 3182597 9.3867431 22.1003 24.173375 784 1349826 493725 187044 161 0 0 0 0 0 0 553 309307 106757
24.18 0.194824 -0.133502 6.00023 44658 1.0000007 281070 102859 5 2 3215181.1 9.3867431 22.1003 24.18 753 1352061 497816 190302 162 0 0 0 0 0 0 553 309092 107850
24.186625 0.194824 -0.132808 6.00024 44660 1.0000007 281128 102799 5 2 3247556.5 9.3867431 22.1003 24.186625 793 1355694 505108 194143 163 0 0 0 0 0 0 553 309168 108936
24.193375 0.194824 -0.132101 6.00026 44661 1.0000007 281149 102901 6 2 3281094.5 9.3867431 22.1003 24.193375 800 1362917 510184 197501 164 0 0 0 0 0 0 553 309188 110061
24.2 0.194824 -0.131408 6.00027 44663 1.0000007 281076 102772 6 2 3262760.4 9.3867431 22.1003 24.2 780 1367866 516351 199575 165 0 0 0 0 0 0 553 309112 109446
24.206625 0.194824 -0.130714 6.00029 44664 1.0000007 280941 102752 5 2 3276056.3 9.3867431 22.1003 24.206625 733 1374824 524459 202463 166 0 0 0 0 0 0 553 308978 109892
24.213375 0.194824 -0.130007 6.0003 44666 1.0000007 280861 102691 6 2 3276831.4 9.3867431 22.1003 24.213375 708 1384221 533437 205284 167 0 0 0 0 0 0 553 308904 109918
24.22 0.194824 -0.129313 6.00032 44667 1.0000007 280981 102725 6 2 3246572.7 9.3867431 22.1003 24.22 858 1395033 544744 208241 168 0 0 0 0 0 0 553 309004 108903
24.226625 0.194824 -0.128619 6.00033 44669 1.0000007 280951 102692 5 2 3208950.4 9.3867431 22.1003 24.226625 1197 1407702 557928 210161 169 0 0 0 0 0 0 553 308995 107641
24.233375 0.194824 -0.127912 6.00035 44670 1.0000007 280856 102637 6 2 3192792.5 9.3867431 22.1003 24.233375 1524 1422738 575552 214270 170 0 0 0 0 0 0 553 308874 107099
24.24 0.194824 -0.127219 6.00036 44672 1.0000007 280917 102691 6 2 3178333.9 9.3867431 22.1003 24.24 1892 1445188 595190 217250 171 0 0 0 0 0 0 553 308956 106614
24.246625 0.194824 -0.126525 6.00038 44673 1.0000007 280793 102608 5 2 3115073.7 9.3867431 22.1003 24.246625 2724 1461963 614849 219868 172 0 0 0 0 0 0 553 308799 104492
24.253375 0.194824 -0.125818 6.00039 44675 1.0000007 280704 102572 6 2 3060101.1 9.3867431 22.1003 24.253375 3110 1485979 638003 223864 173 0 0 0 0 0 0 553 308727 102648
24.26 0.194824 -0.125124 6.00041 44676 1.0000007 281049 102735 5 2 3012223.7 9.3867431 22.1003 24.26 3383 1511746 663728 227254 174 0 0 0 0 0 0 553 309096 101042
24.266625 0.194824 -0.12443 6.00042 44677 1.0000007 281071 102773 6 2 2953345.8 9.3867431 22.1003 24.266625 3490 1538308 690495 230438 175 0 0 0 0 0 0 553 309128 99067
24.273375 0.194824 -0.123723 6.00044 44679 1.0000007 281068 102716 5 2 2876670.3 9.3867431 22.1003 24.273375 3970 1568676 720635 233578 176 0 0 0 0 0 0 553 309118 96495
24.28 0.194824 -0.123029 6.00045 44681 1.0000007 281037 102753 5 2 2843996.8 9.3867431 22.1003 24.28 4672 1612760 763080 239024 177 0 0 0 0 0 0 553 309078 95399
24.286625 0.194824 -0.122336 6.00047 44682 1.0000007 281018 102686 6 2 2786013.3 9.3867431 22.1003 24.286625 5455 1652379 806864 243111 178 0 0 0 0 0 0 553 309075 93454
24.293375 0.194824 -0.121629 6.00048 44684 1.0000007 280984 102653 7 2 2727016.1 9.3867431 22.1003 24.293375 7132 1707712 861514 246846 179 0 0 0 0 0 0 553 309036 91475
24.3 0.194824 -0.120935 6.00049 44685 1.0000007 280875 102635 5 2 2669658.6 9.3867431 22.1003 24.3 8628 1768982 923359 251706 180 0 0 0 0 0 0 553 308929 89551
24.306625 0.194824 -0.120241 6.00051 44687 1.0000007 280918 102601 5 2 2627326.1 9.3867431 22.1003 24.306625 10577 1845166 998220 256663 181 0 0 0 0 0 0 553 308966 88131
24.313375 0.194824 -0.119534 6.00052 44688 1.0000007 280748 102574 7 2 2567524 9.3867431 22.1003 24.313375 13240 1930526 1085162 260362 182 0 0 0 0 0 0 553 308802 86125
24.32 0.194824 -0.11884 6.00054 44689 1.0000007 281085 102761 6 2 2541409.1 9.3867431 22.1003 24.32 15842 2028725 1182571 266074 183 0 0 0 0 0 0 553 309116 85249
24.326625 0.194824 -0.118147 6.00055 44691 1.0000007 281142 102818 6 2 2513088.1 9.3867431 22.1003 24.326625 16805 2132489 1286044 273348 184 0 0 0 0 0 0 553 309185 84299
24.333375 0.194824 -0.11744 6.00056 44692 1.0000007 281025 102721 6 2 2480176.1 9.3867431 22.1003 24.333375 17614 2239021 1391579 277602 185 0 0 0 0 0 0 553 309083 83195
24.34 0.194824 -0.116746 6.00058 44694 1.0000007 281025 102759 6 2 2452033.9 9.3867431 22.1003 24.34 19207 2354311 1509279 280361 186 0 0 0 0 0 0 553 309052 82251
24.346625 0.194824 -0.116052 6.00059 44695 1.0000007 280982 102662 5 2 2453226.4 9.3867431 22.1003 24.346625 27026 2503789 1657872 285268 187 0 0 0 0 0 0 553 309010 82291
24.353375 0.194824 -0.115345 6.0006 44697 1.0000007 281051 102709 6 2 2428721.2 9.3867431 22.1003 24.353375 34829 2649942 1804320 287549 188 0 0 0 0 0 0 553 309099 81469
24.36 0.194824 -0.114651 6.00062 44698 1.0000007 280936 102567 6 2 2442524 9.3867431 22.1003 24.36 41350 2804541 1959291 290843 189 0 0 0 0 0 0 553 308981 81932
24.366625 0.194824 -0.113957 6.00063 44700 1.0000007 280886 102586 6 2 2421596.3 9.3867431 22.1003 24.366625 50452 2926466 2081003 291031 190 0 0 0 0 0 0 553 308920 81230
24.373375 0.194824 -0.11325 6.00064 44701 1.0000007 280787 102458 6 2 2428184.6 9.3867431 22.1003 24.373375 57583 3055248 2210548 291353 191 0 0 0 0 0 0 553 308833 81451
24.38 0.194824 -0.112557 6.00066 44703 1.0000007 280918 102635 6 2 2462468 9.3867431 22.1003 24.38 69189 3226167 2380266 294592 192 0 0 0 0 0 0 553 308945 82601
24.386625 0.194824 -0.111863 6.00067 44704 1.0000007 280876 102595 6 2 2504412.9 9.3867431 22.1003 24.386625 81847 3371798 2528856 295519 193 0 0 0 0 0 0 553 308896 84008
24.393375 0.194824 -0.111156 6.00068 44706 1.0000007 280723 102516 5 2 2523194.2 9.3867431 22.1003 24.393375 97539 3508949 2664988 294045 194 0 0 0 0 0 0 553 308771 84638
24.4 0.194824 -0.110462 6.0007 44707 1.0000007 280743 102514 5 2 2560667.4 9.3867431 22.1003 24.4 113820 3631005 2785984 291687 195 0 0 0 0 0 0 553 308765 85895
24.406625 0.194824 -0.109768 6.00071 44709 1.0000007 280729 102507 7 2 2592208.1 9.3867431 22.1003 24.406625 124743 3695270 2851413 288150 196 0 0 0 0 0 0 553 308769 86953
24.413375 0.194824 -0.109061 6.00072 44710 1.0000007 280791 102490 6 2 2616623.8 9.3867431 22.1003 24.413375 129922 3726646 2883458 281616 197 0 0 0 0 0 0 553 308847 87772
24.42 0.194824 -0.108367 6.00073 44711 1.0000007 280662 102491 6 2 2661162.3 9.3867431 22.1003 24.42 142807 3712850 2871408 277119 198 0 0 0 0 0 0 553 308697 89266
24.426625 0.194824 -0.107673 6.00075 44713 1.0000007 280489 102381 6 2 2671059.7 9.3867431 22.1003 24.426625 148471 3640826 2798551 269974 199 0 0 0 0 0 0 553 308536 89598
24.433375 0.194824 -0.106966 6.00076 44714 1.0000007 280666 102478 6 2 2638177.5 9.3867431 22.1003 24.433375 134758 3392566 2550544 260714 200 0 0 0 0 0 0 553 308725 88495
24.44 0.194824 -0.106273 6.00077 44716 1.0000007 280698 102484 5 2 2592297.5 9.3867431 22.1003 24.44 81786 3001851 2160515 247160 201 0 0 0 0 0 0 553 308744 86956
24.446625 0.194824 -0.105579 6.00078 44717 1.0000007 280634 102411 6 2 2512819.8 9.3867431 22.1003 24.446625 49517 2569890 1729535 234427 202 0 0 0 0 0 0 553 308699 84290
24.453375 0.194824 -0.104872 6.0008 44719 1.0000007 280702 102511 5 2 2455164.1 9.3867431 22.1003 24.453375 31455 2272388 1432746 224540 203 0 0 0 0 0 0 553 308750 82356
24.46 0.194824 -0.104178 6.00081 44720 1.0000007 280669 102487 6 2 2395183.2 9.3867431 22.1003 24.46 19827 2024785 1186922 214646 204 0 0 0 0 0 0 553 308721 80344
24.466625 0.194824 -0.103484 6.00082 44722 1.0000007 280611 102468 6 2 2308163.1 9.3867431 22.1003 24.466625 11445 1834015 996815 205233 205 0 0 0 0 0 0 553 308652 77425
24.473375 0.194824 -0.102777 6.00083 44723 1.0000007 280669 102506 5 2 2208115.4 9.3867431 22.1003 24.473375 6960 1696025 858478 195272 206 0 0 0 0 0 0 553 308709 74069
24.48 0.194824 -0.102083 6.00084 44725 1.0000007 280607 102466 5 2 2123897.6 9.3867431 22.1003 24.48 4793 1598685 762558 184703 207 0 0 0 0 0 0 553 308644 71244
24.486625 0.194824 -0.101389 6.00086 44726 1.0000007 280668 102432 5 2 1987479.7 9.3867431 22.1003 24.486625 3096 1512266 675889 170427 208 0 0 0 0 0 0 553 308714 66668
24.493375 0.194824 -0.100682 6.00087 44728 1.0000007 280591 102487 6 2 1824261.2 9.3867431 22.1003 24.493375 2177 1441686 606704 153225 209 0 0 0 0 0 0 553 308627 61193
24.5 0.194824 -0.0999886 6.00088 44729 1.0000007 280710 102584 6 2 1699350.6 9.3867431 22.1003 24.5 1674 1389152 553219 139932 210 0 0 0 0 0 0 553 308746 57003
24.506625 0.194824 -0.0992947 6.00089 44731 1.0000007 280698 102562 5 2 1558759.1 9.3867431 22.1003 24.506625 1210 1343173 506312 125912 211 0 0 0 0 0 0 553 308729 52287
24.513375 0.194824 -0.0985877 6.0009 44732 1.0000007 280589 102466 5 2 1428631.5 9.3867431 22.1003 24.513375 951 1301637 466197 113206 212 0 0 0 0 0 0 553 308619 47922
24.52 0.194824 -0.0978938 6.00091 44734 1.0000007 280540 102496 5 2 1304764.3 9.3867431 22.1003 24.52 749 1269655 435524 102391 213 0 0 0 0 0 0 553 308560 43767
24.526625 0.194824 -0.0972 6.00092 44735 1.0000007 280766 102616 6 2 1195415.3 9.3867431 22.1003 24.526625 642 1242090 407349 93677 214 0 0 0 0 0 0 553 308805 40099
24.533375 0.194824 -0.096493 6.00094 44737 1.0000007 280732 102618 5 2 1104132.2 9.3867431 22.1003 24.533375 551 1220991 386745 86336 215 0 0 0 0 0 0 553 308766 37037
24.54 0.194824 -0.0957991 6.00095 44738 1.0000007 280835 102637 5 2 1024416 9.3867431 22.1003 24.54 442 1201258 366658 80074 216 0 0 0 0 0 0 553 308882 34363
24.546625 0.194824 -0.0951052 6.00096 44740 1.0000007 280796 102677 5 2 949141.72 9.3867431 22.1003 24.546625 394 1185750 350479 74433 217 0 0 0 0 0 0 553 308838 31838
24.553375 0.194824 -0.0943983 6.00097 44741 1.0000007 280930 102701 5 2 889637.77 9.3867431 22.1003 24.553375 336 1172851 338264 70299 218 0 0 0 0 0 0 553 308970 29842
24.56 0.194824 -0.0937044 6.00098 44743 1.0000007 280807 102691 5 2 832667.8 9.3867431 22.1003 24.56 289 1159733 326537 66584 219 0 0 0 0 0 0 553 308843 27931
24.566625 0.194824 -0.0930105 6.00099 44744 1.0000007 280883 102701 5 2 797907.47 9.3867431 22.1003 24.566625 245 1150564 317387 63785 220 0 0 0 0 0 0 553 308910 26765
24.573375 0.194824 -0.0923035 6.001 44745 1.0000007 281050 102844 5 2 760195.8 9.3867431 22.1003 24.573375 234 1140828 309035 61088 221 0 0 0 0 0 0 553 309085 25500
24.58 0.194824 -0.0916097 6.00101 44747 1.0000007 280964 102779 6 2 728386.82 9.3867431 22.1003 24.58 200 1136802 303884 58818 222 0 0 0 0 0 0 553 308986 24433
24.586625 0.194824 -0.0909158 6.00102 44748 1.0000007 280974 102772 5 2 707757.2 9.3867431 22.1003 24.586625 198 1129404 297017 57509 223 0 0 0 0 0 0 553 308988 23741
24.593375 0.194824 -0.0902088 6.00103 44750 1.0000007 280816 102694 4 2 681016.19 9.3867431 22.1003 24.593375 168 1122430 290914 55209 224 0 0 0 0 0 0 553 308845 22844
24.6 0.194824 -0.0895149 6.00104 44751 1.0000007 281013 102887 6 2 669449.29 9.3867431 22.1003 24.6 161 1119552 287046 54173 225 0 0 0 0 0 0 553 309060 22456
24.606625 0.194824 -0.088821 6.00105 44753 1.0000007 281017 102888 6 2 649654.39 9.3867431 22.1003 24.606625 148 1113528 281589 52931 226 0 0 0 0 0 0 553 309043 21792
24.613375 0.194824 -0.088114 6.00107 44754 1.0000007 281011 102844 6 2 638534.66 9.3867431 22.1003 24.613375 134 1110435 278319 51980 227 0 0 0 0 0 0 553 309029 21419
24.62 0.194824 -0.0874201 6.00108 44756 1.0000007 280996 102861 5 2 625387.74 9.3867431 22.1003 24.62 134 1106481 275796 51018 228 0 0 0 0 0 0 553 309005 20978
24.626625 0.194824 -0.0867262 6.00109 44757 1.0000007 281096 102950 6 2 616325.02 9.3867431 22.1003 24.626625 126 1104237 272264 50174 229 0 0 0 0 0 0 553 309122 20674
24.633375 0.194824 -0.0860193 6.0011 44759 1.0000007 281120 102986 6 2 610243.45 9.3867431 22.1003 24.633375 116 1102167 269843 49887 230 0 0 0 0 0 0 553 309149 20470
24.64 0.194824 -0.0853254 6.00111 44760 1.0000007 281188 102960 5 2 597484.09 9.3867431 22.1003 24.64 121 1101539 268496 49079 231 0 0 0 0 0 0 553 309202 20042
24.646625 0.194824 -0.0846315 6.00112 44762 1.0000007 281183 102977 6 2 584873.78 9.3867431 22.1003 24.646625 121 1095934 266164 48228 232 0 0 0 0 0 0 553 309223 19619
24.653375 0.194824 -0.0839245 6.00113 44763 1.0000007 281116 103070 6 2 585559.45 9.3867431 22.1003 24.653375 114 1091145 262976 47757 233 0 0 0 0 0 0 553 309133 19642
24.66 0.194824 -0.0832306 6.00113 44765 1.0000007 281168 103061 5 2 583472.64 9.3867431 22.1003 24.66 99 1087823 259760 47354 234 0 0 0 0 0 0 553 309181 19572
24.666625 0.194824 -0.0825367 6.00114 44766 1.0000007 281277 103167 5 2 575840.87 9.3867431 22.1003 24.666625 98 1085695 259540 47104 235 0 0 0 0 0 0 553 309291 19316
24.673375 0.194824 -0.0818297 6.00115 44768 1.0000007 281249 103153 5 2 573605 9.3867431 22.1003 24.673375 107 1088941 258454 46782 236 0 0 0 0 0 0 553 309264 19241
24.68 0.194824 -0.0811358 6.00116 44769 1.0000007 281440 103215 6 2 571965.36 9.3867431 22.1003 24.68 104 1085386 256840 46434 237 0 0 0 0 0 0 553 309466 19186
24.686625 0.194824 -0.0804419 6.00117 44771 1.0000007 281384 103247 5 2 565406.81 9.3867431 22.1003 24.686625 99 1084995 255347 46473 238 0 0 0 0 0 0 553 309388 18966
24.693375 0.194824 -0.0797349 6.00118 44772 1.0000007 281660 103400 5 2 560189.78 9.3867431 22.1003 24.693375 95 1081535 253546 45780 239 0 0 0 0 0 0 553 309676 18791
24.7 0.194824 -0.079041 6.00119 44773 1.0000007 281562 103314 5 2 552468.57 9.3867431 22.1003 24.7 89 1081472 252294 45402 240 0 0 0 0 0 0 553 309557 18532
24.706625 0.194824 -0.0783471 6.0012 44775 1.0000007 281487 103311 5 2 557238.43 9.3867431 22.1003 24.706625 94 1079263 250802 45615 241 0 0 0 0 0 0 553 309503 18692
24.713375 0.194824 -0.0776401 6.00121 44776 1.0000007 281456 103386 5 2 550590.44 9.3867431 22.1003 24.713375 89 1077064 250112 45117 242 0 0 0 0 0 0 553 309479 18469
24.72 0.194824 -0.0769462 6.00122 44778 1.0000007 281557 103391 6 2 551127.05 9.3867431 22.1003 24.72 93 1076631 249675 44913 243 0 0 0 0 0 0 553 309584 18487
24.726625 0.194824 -0.0762522 6.00123 44779 1.0000007 281637 103446 6 2 553571.6 9.3867431 22.1003 24.726625 90 1074730 248477 44931 244 0 0 0 0 0 0 553 309644 18569
24.733375 0.194824 -0.0755452 6.00124 44781 1.0000007 281595 103503 5 2 542153.76 9.3867431 22.1003 24.733375 85 1074409 246966 44442 245 0 0 0 0 0 0 553 309610 18186
24.74 0.194824 -0.0748513 6.00125 44782 1.0000007 281783 103588 6 2 555032.37 9.3867431 22.1003 24.74 94 1074207 246762 44800 246 0 0 0 0 0 0 553 309801 18618
24.746625 0.194824 -0.0741574 6.00125 44784 1.0000007 281700 103524 6 2 546357.19 9.3867431 22.1003 24.746625 90 1071332 246127 44699 247 0 0 0 0 0 0 553 309703 18327
24.753375 0.194824 -0.0734504 6.00126 44785 1.0000007 281796 103564 6 2 548593.06 9.3867431 22.1003 24.753375 90 1069692 243670 44249 248 0 0 0 0 0 0 553 309798 18402
24.76 0.194824 -0.0727565 6.00127 44787 1.0000007 281805 103638 5 2 539470.71 9.3867431 22.1003 24.76 88 1071271 243956 43832 249 0 0 0 0 0 0 553 309797 18096
24.766625 0.194824 -0.0720626 6.00128 44788 1.0000007 281781 103584 6 2 539470.71 9.3867431 22.1003 24.766625 88 1071271 243956 43832 250 0 0 0 0 0 0 553 309782 18096
24.773375 0.194824 -0.0713556 6.00129 44790 1.0000007 281885 103670 6 2 541080.54 9.3867431 22.1003 24.773375 89 1069691 242306 43700 251 0 0 0 0 0 0 553 309870 18150
24.78 0.194824 -0.0706617 6.0013 44791 1.0000007 281739 103656 5 2 540782.42 9.3867431 22.1003 24.78 88 1065784 242492 43921 252 0 0 0 0 0 0 553 309743 18140
24.786625 0.194824 -0.0699677 6.0013 44793 1.0000007 281855 103696 5 2 532971.78 9.3867431 22.1003 24.786625 87 1065522 240995 43415 253 0 0 0 0 0 0 553 309860 17878
24.793375 0.194824 -0.0692607 6.00131 44794 1.0000007 281827 103744 5 2 535535.58 9.3867431 22.1003 24.793375 91 1064871 241124 43558 254 0 0 0 0 0 0 553 309832 17964
24.8 0.194824 -0.0685668 6.00132 44796 1.0000007 280087 103051 5 2 526592.1 9.3867431 22.1003 24.8 86 1057366 238877 43137 255 0 0 0 0 0 0 553 307973 17664
24.806625 0.194824 -0.0678729 6.00133 44797 1.0000007 283272 104384 5 2 538993.73 9.3867431 22.1003 24.806625 89 1069323 241178 43846 256 0 0 0 0 0 0 553 311272 18080
24.813375 0.194824 -0.0671659 6.00134 44799 1.0000007 283358 104377 6 2 533746.89 9.3867431 22.1003 24.813375 91 1071761 240747 43432 257 0 0 0 0 0 0 553 311365 17904
24.82 0.194824 -0.0664719 6.00134 44800 1.0000007 283155 104316 5 2 537115.6 9.3867431 22.1003 24.82 93 1066072 240241 43562 258 0 0 0 0 0 0 553 311143 18017
24.826625 0.194824 -0.065778 6.00135 44801 1.0000007 283144 104324 5 2 536221.25 9.3867431 22.1003 24.826625 89 1065456 239918 43490 259 0 0 0 0 0 0 553 311149 17987
24.833375 0.194824 -0.065071 6.00136 44803 1.0000007 283302 104358 5 2 531838.94 9.3867431 22.1003 24.833375 94 1066605 238325 42954 260 0 0 0 0 0 0 553 311303 17840
24.84 0.194824 -0.0643771 6.00137 44804 1.0000007 283110 104328 5 2 528291.36 9.3867431 22.1003 24.84 88 1062610 237918 42988 261 0 0 0 0 0 0 553 311107 17721
24.846625 0.194824 -0.0636831 6.00137 44806 1.0000007 283067 104269 6 2 524236.99 9.3867431 22.1003 24.846625 93 1061387 237318 42504 262 0 0 0 0 0 0 553 311082 17585
24.853375 0.194824 -0.0629761 6.00138 44807 1.0000007 283107 104312 4 2 532286.12 9.3867431 22.1003 24.853375 88 1060666 236697 43082 263 0 0 0 0 0 0 553 311117 17855
24.86 0.194824 -0.0622822 6.00139 44809 1.0000007 283181 104344 4 2 524773.59 9.3867431 22.1003 24.86 94 1060287 236966 42829 264 0 0 0 0 0 0 553 311195 17603
24.866625 0.194824 -0.0615883 6.0014 44810 1.0000007 283037 104252 4 2 521136.58 9.3867431 22.1003 24.866625 90 1059414 236211 42541 265 0 0 0 0 0 0 553 311033 17481
24.873375 0.194824 -0.0608812 6.0014 44812 1.0000007 283103 104319 5 2 522299.23 9.3867431 22.1003 24.873375 90 1060153 235013 42386 266 0 0 0 0 0 0 553 311137 17520
24.88 0.194824 -0.0601873 6.00141 44813 1.0000007 283053 104286 5 2 524415.86 9.3867431 22.1003 24.88 87 1059479 236172 42476 267 0 0 0 0 0 0 553 311080 17591
24.886625 0.194824 -0.0594934 6.00142 44815 1.0000007 283023 104243 4 2 525071.71 9.3867431 22.1003 24.886625 95 1058570 234705 42345 268 0 0 0 0 0 0 553 311038 17613
24.893375 0.194824 -0.0587864 6.00142 44816 1.0000007 283010 104222 5 2 525101.52 9.3867431 22.1003 24.893375 88 1056559 235285 42294 269 0 0 0 0 0 0 553 311016 17614
24.9 0.194824 -0.0580924 6.00143 44818 1.0000007 283029 104187 5 2 521166.39 9.3867431 22.1003 24.9 91 1056398 234865 42417 270 0 0 0 0 0 0 553 311021 17482
24.906625 0.194824 -0.0573985 6.00144 44819 1.0000007 282993 104253 6 2 519586.38 9.3867431 22.1003 24.906625 91 1054747 233188 42056 271 0 0 0 0 0 0 553 310989 17429
24.913375 0.194824 -0.0566915 6.00144 44821 1.0000007 283001 104234 5 2 514846.33 9.3867431 22.1003 24.913375 94 1053884 233915 42158 272 0 0 0 0 0 0 553 310990 17270
24.92 0.194824 -0.0559975 6.00145 44822 1.0000007 283011 104256 4 2 512371.97 9.3867431 22.1003 24.92 88 1054076 232783 41912 273 0 0 0 0 0 0 553 311012 17187
24.926625 0.194824 -0.0553036 6.00146 44824 1.0000007 282955 104206 5 2 513027.82 9.3867431 22.1003 24.926625 93 1053176 232688 42176 274 0 0 0 0 0 0 553 310965 17209
24.933375 0.194824 -0.0545966 6.00146 44825 1.0000007 282863 104171 5 2 513117.26 9.3867431 22.1003 24.933375 91 1052444 232609 41821 275 0 0 0 0 0 0 553 310858 17212
24.94 0.194824 -0.0539026 6.00147 44827 1.0000007 282980 104174 6 2 518453.54 9.3867431 22.1003 24.94 85 1052080 231654 41990 276 0 0 0 0 0 0 553 311011 17391
24.946625 0.194824 -0.0532087 6.00148 44828 1.0000007 282971 104231 5 2 513415.38 9.3867431 22.1003 24.946625 90 1051979 232044 41901 277 0 0 0 0 0 0 553 310999 17222
24.953375 0.194824 -0.0525016 6.00148 44829 1.0000007 282826 104119 5 2 511149.69 9.3867431 22.1003 24.953375 91 1052287 232616 41611 278 0 0 0 0 0 0 553 310816 17146
24.96 0.194824 -0.0518077 6.00149 44831 1.0000007 282876 104149 6 2 518632.41 9.3867431 22.1003 24.96 94 1051417 231885 42230 279 0 0 0 0 0 0 553 310887 17397
24.966625 0.194824 -0.0511138 6.00149 44832 1.0000007 282962 104141 6 2 511388.19 9.3867431 22.1003 24.966625 87 1048467 231122 41902 280 0 0 0 0 0 0 553 310958 17154
24.973375 0.194824 -0.0504067 6.0015 44834 1.0000007 282854 104110 5 2 511894.98 9.3867431 22.1003 24.973375 89 1050338 231579 41593 281 0 0 0 0 0 0 553 310852 17171
24.98 0.194824 -0.0497128 6.00151 44835 1.0000007 282847 104093 5 2 513534.62 9.3867431 22.1003 24.98 93 1048274 230723 41593 282 0 0 0 0 0 0 553 310857 17226
24.986625 0.194824 -0.0490188 6.00151 44837 1.0000007 282831 104085 4 2 513415.38 9.3867431 22.1003 24.986625 94 1048021 230532 41499 283 0 0 0 0 0 0 553 310839 17222
24.993375 0.194824 -0.0483118 6.00152 44838 1.0000007 282855 104108 6 2 517171.64 9.3867431 22.1003 24.993375 90 1048417 230647 41468 284 0 0 0 0 0 0 553 310857 17348
25 0.194824 -0.0476179 6.00152 44840 1.0000007 282708 104042 6 2 504710.39 9.3867431 22.1003 25 91 1045102 229621 41291 285 0 0 0 0 0 0 553 310701 16930
25.006625 0.194824 -0.0469239 6.00153 44841 1.0000007 282794 104095 4 2 511447.81 9.3867431 22.1003 25.006625 92 1045769 229504 41488 286 0 0 0 0 0 0 553 310792 17156
25.013375 0.194824 -0.0462169 6.00153 44843 1.0000007 282704 104063 6 2 515204.07 9.3867431 22.1003 25.013375 89 1045264 229692 41488 287 0 0 0 0 0 0 553 310688 17282
25.02 0.194824 -0.0455229 6.00154 44844 1.0000007 282693 104069 5 2 505783.61 9.3867431 22.1003 25.02 92 1042748 228742 41214 288 0 0 0 0 0 0 553 310703 16966
25.026625 0.194824 -0.044829 6.00154 44846 1.0000007 282579 104032 5 2 505694.17 9.3867431 22.1003 25.026625 95 1044213 228855 41380 289 0 0 0 0 0 0 553 310592 16963
25.033375 0.194824 -0.0441219 6.00155 44847 1.0000007 282780 104058 5 2 506350.03 9.3867431 22.1003 25.033375 90 1043946 228663 41029 290 0 0 0 0 0 0 553 310774 16985
25.04 0.194824 -0.043428 6.00155 44849 1.0000007 282654 104038 5 2 498569.2 9.3867431 22.1003 25.04 90 1043946 228080 40884 291 0 0 0 0 0 0 553 310647 16724
25.046625 0.194824 -0.042734 6.00156 44850 1.0000007 282613 103946 5 2 504322.84 9.3867431 22.1003 25.046625 95 1042968 228088 41096 292 0 0 0 0 0 0 553 310611 16917
25.053375 0.194824 -0.042027 6.00156 44852 1.0000007 282669 103967 5 2 504233.4 9.3867431 22.1003 25.053375 87 1042599 228593 41263 293 0 0 0 0 0 0 553 310695 16914
25.06 0.194824 -0.0413331 6.00157 44853 1.0000007 282597 104019 6 2 507721.36 9.3867431 22.1003 25.06 86 1042431 228380 41420 294 0 0 0 0 0 0 553 310599 17031
25.066625 0.194824 -0.0406391 6.00157 44854 1.0000007 282434 103843 6 2 505694.17 9.3867431 22.1003 25.066625 91 1042431 227964 40838 295 0 0 0 0 0 0 553 310434 16963
25.073375 0.194824 -0.0399321 6.00158 44856 1.0000007 282514 103948 5 2 511775.74 9.3867431 22.1003 25.073375 86 1041508 228595 41166 296 0 0 0 0 0 0 553 310527 17167
25.08 0.194824 -0.0392381 6.00158 44857 1.0000007 282498 103948 5 2 504054.53 9.3867431 22.1003 25.08 90 1039162 228443 41029 297 0 0 0 0 0 0 553 310517 16908
25.086625 0.194824 -0.0385442 6.00159 44859 1.0000007 282451 103904 5 2 504412.27 9.3867431 22.1003 25.086625 92 1039409 228026 40818 298 0 0 0 0 0 0 553 310464 16920
25.093375 0.194824 -0.0378371 6.00159 44860 1.0000007 282504 103920 5 2 501729.23 9.3867431 22.1003 25.093375 86 1037862 227123 40956 299 0 0 0 0 0 0 553 310499 16830
25.1 0.194824 -0.0371432 6.0016 44862 1.0000007 282356 103830 6 2 504799.82 9.3867431 22.1003 25.1 85 1037502 226823 40755 300 0 0 0 0 0 0 553 310323 16933