Eta  H  K  L  Epoch  Sec  ion1  Hubmon  scan_bar  Filters  Correct  Qmag  Energy  Graze  p_peak  p_total  p_del_s  p_nu_s  p_image  p_xcen  p_xsig  p_ycen  p_ysig  power  tempsp  gun_on  ion0  p_point
23.3 -0.202937 -0.22596 5.9976 57322 1.0000007 280839 102852 6 2 643334.33 9.3873904 22.1003 23.3 258 1349955 292801 52848 0 0 0 0 0 0 0 553 309241 21580
23.306625 -0.202937 -0.225266 5.99763 57323 1.0000007 280947 102972 5 2 655914.82 9.3873904 22.1003 23.306625 221 1350790 293261 53127 1 0 0 0 0 0 0 553 309334 22002
23.313375 -0.202937 -0.22456 5.99766 57325 1.0000007 280856 102887 5 2 647060.78 9.3873904 22.1003 23.313375 266 1349433 293645 52781 2 0 0 0 0 0 0 553 309260 21705
23.32 -0.202937 -0.223866 5.99768 57326 1.0000007 280966 102961 4 2 659313.35 9.3873904 22.1003 23.32 231 1352473 292766 52742 3 0 0 0 0 0 0 553 309364 22116
23.326625 -0.202937 -0.223173 5.99771 57328 1.0000007 280847 102864 5 2 641635.07 9.3873904 22.1003 23.326625 241 1351614 293530 52563 4 0 0 0 0 0 0 553 309231 21523
23.333375 -0.202937 -0.222466 5.99773 57329 1.0000007 280975 102980 6 2 652903.85 9.3873904 22.1003 23.333375 204 1353113 294088 52976 5 0 0 0 0 0 0 553 309378 21901
23.34 -0.202937 -0.221773 5.99776 57331 1.0000007 280980 102970 6 2 652605.74 9.3873904 22.1003 23.34 253 1354914 294452 53115 6 0 0 0 0 0 0 553 309366 21891
23.346625 -0.202937 -0.221079 5.99778 57332 1.0000007 280946 102978 6 2 643602.63 9.3873904 22.1003 23.346625 242 1352326 293350 52568 7 0 0 0 0 0 0 553 309339 21589
23.353375 -0.202937 -0.220373 5.99781 57334 1.0000007 280995 103028 5 2 654543.49 9.3873904 22.1003 23.353375 218 1351461 292991 52932 8 0 0 0 0 0 0 553 309379 21956
23.36 -0.202937 -0.219679 5.99784 57335 1.0000007 280955 102986 5 2 653708.76 9.3873904 22.1003 23.36 240 1352845 293708 53164 9 0 0 0 0 0 0 553 309346 21928
23.366625 -0.202937 -0.218986 5.99786 57337 1.0000007 279793 102550 6 2 646613.6 9.3873904 22.1003 23.366625 206 1347363 293155 52703 10 0 0 0 0 0 0 553 308129 21690
23.373375 -0.202937 -0.218279 5.99789 57338 1.0000007 281311 103134 6 2 653798.2 9.3873904 22.1003 23.373375 253 1354457 294940 53110 11 0 0 0 0 0 0 553 309708 21931
23.38 -0.202937 -0.217585 5.99791 57340 1.0000007 281378 103229 5 2 653678.95 9.3873904 22.1003 23.38 272 1355249 294113 52863 12 0 0 0 0 0 0 553 309769 21927
23.386625 -0.202937 -0.216892 5.99794 57341 1.0000007 281315 103220 5 2 648551.36 9.3873904 22.1003 23.386625 219 1353158 294596 52627 13 0 0 0 0 0 0 553 309722 21755
23.393375 -0.202937 -0.216185 5.99796 57343 1.0000007 281272 103187 4 2 655944.63 9.3873904 22.1003 23.393375 238 1352825 293777 53019 14 0 0 0 0 0 0 553 309673 22003
23.4 -0.202937 -0.215492 5.99799 57344 1.0000007 281404 103251 5 2 650191 9.3873904 22.1003 23.4 237 1352302 293521 52944 15 0 0 0 0 0 0 553 309812 21810
23.406625 -0.202937 -0.214798 5.99801 57345 1.0000007 281379 103219 4 2 653440.46 9.3873904 22.1003 23.406625 249 1355758 293503 52982 16 0 0 0 0 0 0 553 309781 21919
23.413375 -0.202937 -0.214092 5.99804 57347 1.0000007 281476 103253 5 2 646345.3 9.3873904 22.1003 23.413375 276 1353868 293973 52794 17 0 0 0 0 0 0 553 309866 21681
23.42 -0.202937 -0.213398 5.99806 57348 1.0000007 281526 103379 6 2 649445.71 9.3873904 22.1003 23.42 217 1354004 293470 52722 18 0 0 0 0 0 0 553 309933 21785
23.426625 -0.202937 -0.212705 5.99809 57350 1.0000007 281434 103274 5 2 649952.5 9.3873904 22.1003 23.426625 230 1356090 295199 52887 19 0 0 0 0 0 0 553 309836 21802
23.433375 -0.202937 -0.211998 5.99811 57351 1.0000007 281370 103254 5 2 660654.87 9.3873904 22.1003 23.433375 232 1354162 294508 52950 20 0 0 0 0 0 0 553 309740 22161
23.44 -0.202937 -0.211304 5.99814 57353 1.0000007 281359 103302 4 2 651592.14 9.3873904 22.1003 23.44 244 1354991 294344 53006 21 0 0 0 0 0 0 553 309770 21857
23.446625 -0.202937 -0.210611 5.99816 57354 1.0000007 281491 103285 5 2 653887.63 9.3873904 22.1003 23.446625 280 1355230 294862 52852 22 0 0 0 0 0 0 553 309888 21934
23.453375 -0.202937 -0.209904 5.99819 57356 1.0000007 281408 103296 5 2 648461.92 9.3873904 22.1003 23.453375 232 1354827 294457 52871 23 0 0 0 0 0 0 553 309802 21752
23.46 -0.202937 -0.209211 5.99821 57357 1.0000007 281418 103300 4 2 655020.48 9.3873904 22.1003 23.46 209 1354887 294237 53121 24 0 0 0 0 0 0 553 309803 21972
23.466625 -0.202937 -0.208517 5.99823 57359 1.0000007 281553 103413 6 2 652307.62 9.3873904 22.1003 23.466625 239 1355129 293921 53077 25 0 0 0 0 0 0 553 309953 21881
23.473375 -0.202937 -0.20781 5.99826 57360 1.0000007 281406 103378 5 2 644228.68 9.3873904 22.1003 23.473375 252 1355384 294036 52727 26 0 0 0 0 0 0 553 309763 21610
23.48 -0.202937 -0.207117 5.99828 57362 1.0000007 281388 103409 5 2 651055.53 9.3873904 22.1003 23.48 246 1353884 294091 52892 27 0 0 0 0 0 0 553 309770 21839
23.486625 -0.202937 -0.206423 5.99831 57363 1.0000007 281633 103491 6 2 651443.08 9.3873904 22.1003 23.486625 262 1354858 294215 52957 28 0 0 0 0 0 0 553 310036 21852
23.493375 -0.202937 -0.205717 5.99833 57365 1.0000007 281439 103416 4 2 649833.26 9.3873904 22.1003 23.493375 243 1354383 294967 52945 29 0 0 0 0 0 0 553 309811 21798
23.5 -0.202937 -0.205023 5.99835 57366 1.0000007 281514 103404 5 2 648760.04 9.3873904 22.1003 23.5 263 1352868 293485 52615 30 0 0 0 0 0 0 553 309870 21762
23.506625 -0.202937 -0.204329 5.99838 57368 1.0000007 281538 103460 4 2 652248 9.3873904 22.1003 23.506625 255 1356667 294312 53031 31 0 0 0 0 0 0 553 309918 21879
23.513375 -0.202937 -0.203623 5.9984 57369 1.0000007 281435 103396 5 2 658538.24 9.3873904 22.1003 23.513375 251 1355539 294449 53334 32 0 0 0 0 0 0 553 309816 22090
23.52 -0.202937 -0.202929 5.99843 57371 1.0000007 281583 103459 5 2 651472.89 9.3873904 22.1003 23.52 227 1357228 295180 52967 33 0 0 0 0 0 0 553 309980 21853
23.526625 -0.202937 -0.202236 5.99845 57372 1.0000007 281546 103469 4 2 651234.4 9.3873904 22.1003 23.526625 250 1356591 294379 52968 34 0 0 0 0 0 0 553 309924 21845
23.533375 -0.202937 -0.201529 5.99847 57374 1.0000007 281377 103403 6 2 649237.02 9.3873904 22.1003 23.533375 214 1355895 294999 53030 35 0 0 0 0 0 0 553 309772 21778
23.54 -0.202937 -0.200835 5.9985 57375 1.0000007 281437 103412 5 2 647835.88 9.3873904 22.1003 23.54 204 1354916 294190 52754 36 0 0 0 0 0 0 553 309808 21731
23.546625 -0.202937 -0.200142 5.99852 57376 1.0000007 281456 103393 5 2 652367.24 9.3873904 22.1003 23.546625 239 1352263 293351 52706 37 0 0 0 0 0 0 553 309821 21883
23.553375 -0.202937 -0.199435 5.99854 57378 1.0000007 281561 103509 6 2 648700.42 9.3873904 22.1003 23.553375 205 1356271 294578 52989 38 0 0 0 0 0 0 553 309952 21760
23.56 -0.202937 -0.198741 5.99857 57379 1.0000007 281609 103538 5 2 649714.01 9.3873904 22.1003 23.56 235 1355403 293960 52843 39 0 0 0 0 0 0 553 309978 21794
23.566625 -0.202937 -0.198048 5.99859 57381 1.0000007 281589 103506 5 2 655497.46 9.3873904 22.1003 23.566625 225 1353599 294483 53027 40 0 0 0 0 0 0 553 309973 21988
23.573375 -0.202937 -0.197341 5.99861 57382 1.0000007 281549 103537 5 2 648849.47 9.3873904 22.1003 23.573375 216 1355226 293351 52890 41 0 0 0 0 0 0 553 309957 21765
23.58 -0.202937 -0.196648 5.99864 57384 1.0000007 281694 103597 5 2 656749.55 9.3873904 22.1003 23.58 260 1355818 294427 53120 42 0 0 0 0 0 0 553 310082 22030
23.586625 -0.202937 -0.195954 5.99866 57385 1.0000007 281520 103503 5 2 649624.58 9.3873904 22.1003 23.586625 238 1354875 294915 53005 43 0 0 0 0 0 0 553 309905 21791
23.593375 -0.202937 -0.195247 5.99868 57387 1.0000007 281635 103552 5 2 647269.46 9.3873904 22.1003 23.593375 259 1355716 294088 52551 44 0 0 0 0 0 0 553 310018 21712
23.6 -0.202937 -0.194554 5.9987 57388 1.0000007 281649 103583 5 2 653052.91 9.3873904 22.1003 23.6 243 1354622 294439 53105 45 0 0 0 0 0 0 553 310069 21906
23.606625 -0.202937 -0.19386 5.99873 57390 1.0000007 281778 103679 5 2 654215.56 9.3873904 22.1003 23.606625 218 1354545 295343 53013 46 0 0 0 0 0 0 553 310163 21945
23.613375 -0.202937 -0.193153 5.99875 57391 1.0000007 281579 103559 5 2 653738.58 9.3873904 22.1003 23.613375 199 1354904 294672 53079 47 0 0 0 0 0 0 553 309975 21929
23.62 -0.202937 -0.19246 5.99877 57393 1.0000007 281565 103529 6 2 657912.2 9.3873904 22.1003 23.62 223 1355600 294840 52781 48 0 0 0 0 0 0 553 309957 22069
23.626625 -0.202937 -0.191766 5.99879 57394 1.0000007 281757 103666 6 2 658389.19 9.3873904 22.1003 23.626625 224 1357227 295142 53319 49 0 0 0 0 0 0 553 310146 22085
23.633375 -0.202937 -0.191059 5.99882 57396 1.0000007 281741 103687 5 2 648581.17 9.3873904 22.1003 23.633375 218 1355917 294706 52437 50 0 0 0 0 0 0 553 310106 21756
23.64 -0.202937 -0.190366 5.99884 57397 1.0000007 281665 103627 5 2 649654.39 9.3873904 22.1003 23.64 240 1355447 294845 53139 51 0 0 0 0 0 0 553 310034 21792
23.646625 -0.202937 -0.189672 5.99886 57398 1.0000007 281630 103598 6 2 659790.33 9.3873904 22.1003 23.646625 232 1358794 295883 53504 52 0 0 0 0 0 0 553 310006 22132
23.653375 -0.202937 -0.188965 5.99888 57400 1.0000007 281651 103651 5 2 656988.04 9.3873904 22.1003 23.653375 228 1357047 295038 53072 53 0 0 0 0 0 0 553 310044 22038
23.66 -0.202937 -0.188272 5.9989 57401 1.0000007 281725 103656 5 2 652069.13 9.3873904 22.1003 23.66 225 1356308 294562 53125 54 0 0 0 0 0 0 553 310105 21873
23.666625 -0.202937 -0.187578 5.99893 57403 1.0000007 281554 103549 6 2 647597.39 9.3873904 22.1003 23.666625 236 1353773 293737 53223 55 0 0 0 0 0 0 553 309943 21723
23.673375 -0.202937 -0.186871 5.99895 57404 1.0000007 281676 103642 6 2 651830.63 9.3873904 22.1003 23.673375 231 1356559 294746 52865 56 0 0 0 0 0 0 553 310060 21865
23.68 -0.202937 -0.186178 5.99897 57406 1.0000007 281661 103561 7 2 654990.66 9.3873904 22.1003 23.68 227 1354834 294022 52712 57 0 0 0 0 0 0 553 310034 21971
23.686625 -0.202937 -0.185484 5.99899 57407 1.0000007 281613 103636 5 2 651294.03 9.3873904 22.1003 23.686625 246 1356601 294980 52988 58 0 0 0 0 0 0 553 309966 21847
23.693375 -0.202937 -0.184777 5.99901 57409 1.0000007 281657 103714 6 2 652039.32 9.3873904 22.1003 23.693375 208 1356324 294367 53046 59 0 0 0 0 0 0 553 310030 21872
23.7 -0.202937 -0.184084 5.99903 57410 1.0000007 281742 103734 6 2 648223.43 9.3873904 22.1003 23.7 204 1354126 294202 52677 60 0 0 0 0 0 0 553 310119 21744
23.706625 -0.202937 -0.18339 5.99906 57412 1.0000007 281765 103732 5 2 657345.78 9.3873904 22.1003 23.706625 239 1356644 294155 53173 61 0 0 0 0 0 0 553 310136 22050
23.713375 -0.202937 -0.182683 5.99908 57413 1.0000007 281750 103754 5 2 657584.27 9.3873904 22.1003 23.713375 274 1355837 295055 53401 62 0 0 0 0 0 0 553 310138 22058
23.72 -0.202937 -0.18199 5.9991 57415 1.0000007 281797 103835 6 2 653142.34 9.3873904 22.1003 23.72 222 1357577 295003 52786 63 0 0 0 0 0 0 553 310186 21909
23.726625 -0.202937 -0.181296 5.99912 57416 1.0000007 281651 103731 5 2 646703.04 9.3873904 22.1003 23.726625 227 1355006 294584 52784 64 0 0 0 0 0 0 553 310012 21693
23.733375 -0.202937 -0.180589 5.99914 57418 1.0000007 281811 103752 5 2 655348.4 9.3873904 22.1003 23.733375 212 1356168 294622 53207 65 0 0 0 0 0 0 553 310188 21983
23.74 -0.202937 -0.179895 5.99916 57419 1.0000007 281743 103732 5 2 650876.66 9.3873904 22.1003 23.74 249 1355750 294365 52802 66 0 0 0 0 0 0 553 310113 21833
23.746625 -0.202937 -0.179202 5.99918 57420 1.0000007 281734 103727 7 2 660058.64 9.3873904 22.1003 23.746625 231 1357875 294255 53276 67 0 0 0 0 0 0 553 310118 22141
23.753375 -0.202937 -0.178495 5.9992 57422 1.0000007 281751 103821 5 2 652367.24 9.3873904 22.1003 23.753375 225 1357804 294785 52976 68 0 0 0 0 0 0 553 310112 21883
23.76 -0.202937 -0.177801 5.99922 57423 1.0000007 281820 103860 5 2 650399.68 9.3873904 22.1003 23.76 219 1356510 294625 52793 69 0 0 0 0 0 0 553 310177 21817
23.766625 -0.202937 -0.177108 5.99924 57425 1.0000007 281712 103860 5 2 653321.21 9.3873904 22.1003 23.766625 249 1356883 295158 53190 70 0 0 0 0 0 0 553 310099 21915
23.773375 -0.202937 -0.176401 5.99926 57426 1.0000007 281777 103779 6 2 647984.94 9.3873904 22.1003 23.773375 225 1356883 294246 52985 71 0 0 0 0 0 0 553 310177 21736
23.78 -0.202937 -0.175707 5.99929 57428 1.0000007 281790 103844 5 2 647716.63 9.3873904 22.1003 23.78 223 1356103 294471 52824 72 0 0 0 0 0 0 553 310148 21727
23.786625 -0.202937 -0.175014 5.99931 57429 1.0000007 281821 103903 5 2 651532.52 9.3873904 22.1003 23.786625 235 1356533 293723 52938 73 0 0 0 0 0 0 553 310203 21855
23.793375 -0.202937 -0.174307 5.99933 57431 1.0000007 281760 103857 6 2 655378.21 9.3873904 22.1003 23.793375 246 1358824 294742 53232 74 0 0 0 0 0 0 553 310120 21984
23.8 -0.202937 -0.173613 5.99935 57432 1.0000007 281873 103902 5 2 653738.58 9.3873904 22.1003 23.8 236 1358306 295062 53119 75 0 0 0 0 0 0 553 310235 21929
23.806625 -0.202937 -0.172919 5.99937 57434 1.0000007 281886 103924 6 2 648432.11 9.3873904 22.1003 23.806625 257 1355984 294063 52931 76 0 0 0 0 0 0 553 310230 21751
23.813375 -0.202937 -0.172213 5.99939 57435 1.0000007 281849 103944 6 2 651264.21 9.3873904 22.1003 23.813375 226 1356909 295077 53132 77 0 0 0 0 0 0 553 310225 21846
23.82 -0.202937 -0.171519 5.99941 57437 1.0000007 281992 104000 5 2 651443.08 9.3873904 22.1003 23.82 236 1356541 294517 53010 78 0 0 0 0 0 0 553 310358 21852
23.826625 -0.202937 -0.170825 5.99943 57438 1.0000007 281919 103965 5 2 650876.66 9.3873904 22.1003 23.826625 240 1355330 294532 53336 79 0 0 0 0 0 0 553 310266 21833
23.833375 -0.202937 -0.170118 5.99945 57440 1.0000007 281860 103873 5 2 653887.63 9.3873904 22.1003 23.833375 267 1358766 294568 53083 80 0 0 0 0 0 0 553 310228 21934
23.84 -0.202937 -0.169425 5.99947 57441 1.0000007 281885 103953 6 2 656153.32 9.3873904 22.1003 23.84 206 1357105 294591 52859 81 0 0 0 0 0 0 553 310258 22010
23.846625 -0.202937 -0.168731 5.99949 57442 1.0000007 281849 103869 5 2 653291.4 9.3873904 22.1003 23.846625 208 1357105 295143 53347 82 0 0 0 0 0 0 553 310216 21914
23.853375 -0.202937 -0.168024 5.99951 57444 1.0000007 281850 103931 4 2 647925.31 9.3873904 22.1003 23.853375 227 1358061 294408 53341 83 0 0 0 0 0 0 553 310207 21734
23.86 -0.202937 -0.16733 5.99952 57445 1.0000007 281711 103856 5 2 655795.58 9.3873904 22.1003 23.86 220 1356622 293936 53326 84 0 0 0 0 0 0 553 310084 21998
23.866625 -0.202937 -0.166637 5.99954 57447 1.0000007 281749 103843 6 2 647448.33 9.3873904 22.1003 23.866625 226 1356171 294727 52722 85 0 0 0 0 0 0 553 310138 21718
23.873375 -0.202937 -0.16593 5.99956 57448 1.0000007 281740 103867 5 2 653857.82 9.3873904 22.1003 23.873375 218 1355682 294264 52801 86 0 0 0 0 0 0 553 310102 21933
23.88 -0.202937 -0.165236 5.99958 57450 1.0000007 281664 103788 5 2 655586.9 9.3873904 22.1003 23.88 261 1354394 294533 53124 87 0 0 0 0 0 0 553 310025 21991
23.886625 -0.202937 -0.164542 5.9996 57451 1.0000007 281822 103877 5 2 643274.7 9.3873904 22.1003 23.886625 242 1354394 294495 52752 88 0 0 0 0 0 0 553 310169 21578
23.893375 -0.202937 -0.163836 5.99962 57453 1.0000007 281674 103782 4 2 657256.35 9.3873904 22.1003 23.893375 243 1355957 294602 53058 89 0 0 0 0 0 0 553 310037 22047
23.9 -0.202937 -0.163142 5.99964 57454 1.0000007 281697 103843 6 2 650369.87 9.3873904 22.1003 23.9 222 1354891 294282 53156 90 0 0 0 0 0 0 553 310043 21816
23.906625 -0.202937 -0.162448 5.99966 57456 1.0000007 281498 103720 5 2 645600.01 9.3873904 22.1003 23.906625 246 1351506 293636 52614 91 0 0 0 0 0 0 553 309810 21656
23.913375 -0.202937 -0.161741 5.99968 57457 1.0000007 282805 104289 5 2 656719.74 9.3873904 22.1003 23.913375 229 1361259 296354 53426 92 0 0 0 0 0 0 553 311175 22029
23.92 -0.202937 -0.161048 5.9997 57459 1.0000007 282775 104222 5 2 651323.84 9.3873904 22.1003 23.92 213 1360871 295420 53076 93 0 0 0 0 0 0 553 311141 21848
23.926625 -0.202937 -0.160354 5.99972 57460 1.0000007 282679 104213 6 2 657345.78 9.3873904 22.1003 23.926625 246 1359822 295411 53037 94 0 0 0 0 0 0 553 311060 22050
23.933375 -0.202937 -0.159647 5.99973 57462 1.0000007 282725 104214 5 2 654066.5 9.3873904 22.1003 23.933375 206 1362302 296047 53336 95 0 0 0 0 0 0 553 311106 21940
23.94 -0.202937 -0.158953 5.99975 57463 1.0000007 282577 104080 6 2 652337.43 9.3873904 22.1003 23.94 244 1360082 295180 52941 96 0 0 0 0 0 0 553 310937 21882
23.946625 -0.202937 -0.15826 5.99977 57465 1.0000007 282478 104109 5 2 651264.21 9.3873904 22.1003 23.946625 223 1358384 295605 53044 97 0 0 0 0 0 0 553 310846 21846
23.953375 -0.202937 -0.157553 5.99979 57466 1.0000007 282604 104081 5 2 658061.26 9.3873904 22.1003 23.953375 264 1361900 295893 53091 98 0 0 0 0 0 0 553 310968 22074
23.96 -0.202937 -0.156859 5.99981 57468 1.0000007 282537 104066 6 2 653589.52 9.3873904 22.1003 23.96 239 1359614 295134 52819 99 0 0 0 0 0 0 553 310908 21924
23.966625 -0.202937 -0.156165 5.99983 57469 1.0000007 282374 103991 5 2 652069.13 9.3873904 22.1003 23.966625 228 1359078 295548 53017 100 0 0 0 0 0 0 553 310730 21873
23.973375 -0.202937 -0.155458 5.99984 57471 1.0000007 282316 103940 7 2 656242.75 9.3873904 22.1003 23.973375 248 1358239 295943 52973 101 0 0 0 0 0 0 553 310696 22013
23.98 -0.202937 -0.154765 5.99986 57472 1.0000007 282357 103854 7 2 650936.29 9.3873904 22.1003 23.98 215 1357813 295108 52919 102 0 0 0 0 0 0 553 310736 21835
23.986625 -0.202937 -0.154071 5.99988 57474 1.0000007 282156 103843 6 2 658806.55 9.3873904 22.1003 23.986625 210 1359330 295666 53333 103 0 0 0 0 0 0 553 310523 22099
23.993375 -0.202937 -0.153364 5.9999 57475 1.0000007 282122 103792 6 2 654066.5 9.3873904 22.1003 23.993375 228 1356589 294532 53121 104 0 0 0 0 0 0 553 310480 21940
24 -0.202937 -0.15267 5.99992 57477 1.0000007 282113 103742 6 2 658538.24 9.3873904 22.1003 24 214 1358181 295808 53576 105 0 0 0 0 0 0 553 310489 22090
24.006625 -0.202937 -0.151977 5.99993 57478 1.0000007 281997 103686 5 2 650846.85 9.3873904 22.1003 24.006625 240 1356305 293929 53029 106 0 0 0 0 0 0 553 310373 21832
24.013375 -0.202937 -0.15127 5.99995 57480 1.0000007 281818 103505 5 2 653201.97 9.3873904 22.1003 24.013375 235 1353460 293515 53157 107 0 0 0 0 0 0 553 310197 21911
24.02 -0.202937 -0.150576 5.99997 57481 1.0000007 281855 103523 6 2 657226.53 9.3873904 22.1003 24.02 277 1354231 294035 53496 108 0 0 0 0 0 0 553 310217 22046
24.026625 -0.202937 -0.149882 5.99999 57483 1.0000007 281757 103488 5 2 654155.94 9.3873904 22.1003 24.026625 266 1352993 294111 53142 109 0 0 0 0 0 0 553 310125 21943
24.033375 -0.202937 -0.149175 6 57484 1.0000007 281726 103453 5 2 648074.37 9.3873904 22.1003 24.033375 231 1354853 293963 52632 110 0 0 0 0 0 0 553 310101 21739
24.04 -0.202937 -0.148482 6.00002 57486 1.0000007 281577 103316 5 2 649177.4 9.3873904 22.1003 24.04 259 1352892 293251 52938 111 0 0 0 0 0 0 553 309959 21776
24.046625 -0.202937 -0.147788 6.00004 57487 1.0000007 281473 103278 5 2 644675.85 9.3873904 22.1003 24.046625 210 1352970 294022 52720 112 0 0 0 0 0 0 553 309858 21625
24.053375 -0.202937 -0.147081 6.00006 57489 1.0000007 281473 103264 6 2 653052.91 9.3873904 22.1003 24.053375 272 1351697 293560 52913 113 0 0 0 0 0 0 553 309872 21906
24.06 -0.202937 -0.146387 6.00007 57490 1.0000007 281333 103162 6 2 647150.21 9.3873904 22.1003 24.06 223 1351045 292976 52562 114 0 0 0 0 0 0 553 309732 21708
24.066625 -0.202937 -0.145693 6.00009 57492 1.0000007 281196 103046 6 2 654632.92 9.3873904 22.1003 24.066625 209 1350847 292855 53279 115 0 0 0 0 0 0 553 309588 21959
24.073375 -0.202937 -0.144987 6.00011 57493 1.0000007 280969 102879 4 2 658597.87 9.3873904 22.1003 24.073375 242 1353099 294256 53131 116 0 0 0 0 0 0 553 309342 22092
24.08 -0.202937 -0.144293 6.00012 57494 1.0000007 280855 102815 6 2 645868.31 9.3873904 22.1003 24.08 259 1349085 292900 52558 117 0 0 0 0 0 0 553 309237 21665
24.086625 -0.202937 -0.143599 6.00014 57496 1.0000007 280949 102835 5 2 650399.68 9.3873904 22.1003 24.086625 235 1349948 292706 52972 118 0 0 0 0 0 0 553 309339 21817
24.093375 -0.202937 -0.142892 6.00016 57497 1.0000007 280698 102656 5 2 652367.24 9.3873904 22.1003 24.093375 227 1347079 292986 53076 119 0 0 0 0 0 0 553 309072 21883
24.1 -0.202937 -0.142198 6.00017 57499 1.0000007 280636 102648 5 2 653857.82 9.3873904 22.1003 24.1 236 1346569 292991 53052 120 0 0 0 0 0 0 553 309004 21933
24.106625 -0.202937 -0.141505 6.00019 57500 1.0000007 280421 102453 5 2 641903.37 9.3873904 22.1003 24.106625 226 1346258 291725 52264 121 0 0 0 0 0 0 553 308784 21532
24.113375 -0.202937 -0.140798 6.00021 57502 1.0000007 280372 102452 6 2 647418.52 9.3873904 22.1003 24.113375 248 1344001 291580 52538 122 0 0 0 0 0 0 553 308747 21717
24.12 -0.202937 -0.140104 6.00022 57503 1.0000007 280200 102324 6 2 638594.28 9.3873904 22.1003 24.12 267 1344532 292635 52285 123 0 0 0 0 0 0 553 308570 21421
24.126625 -0.202937 -0.13941 6.00024 57505 1.0000007 280038 102258 6 2 652456.68 9.3873904 22.1003 24.126625 220 1344945 293038 52725 124 0 0 0 0 0 0 553 308417 21886
24.133375 -0.202937 -0.138703 6.00025 57506 1.0000007 280013 102198 6 2 652069.13 9.3873904 22.1003 24.133375 229 1342179 291727 52766 125 0 0 0 0 0 0 553 308404 21873
24.14 -0.202937 -0.138009 6.00027 57508 1.0000007 279968 102146 5 2 650101.56 9.3873904 22.1003 24.14 206 1341477 291929 52775 126 0 0 0 0 0 0 553 308374 21807
24.146625 -0.202937 -0.137316 6.00029 57509 1.0000007 279806 102069 5 2 638981.83 9.3873904 22.1003 24.146625 229 1340208 290811 52188 127 0 0 0 0 0 0 553 308184 21434
24.153375 -0.202937 -0.136609 6.0003 57511 1.0000007 279719 102011 5 2 648104.18 9.3873904 22.1003 24.153375 233 1341063 290715 52331 128 0 0 0 0 0 0 553 308116 21740
24.16 -0.202937 -0.135915 6.00032 57512 1.0000007 279719 101950 5 2 648730.23 9.3873904 22.1003 24.16 217 1339794 291186 52726 129 0 0 0 0 0 0 553 308119 21761
24.166625 -0.202937 -0.135221 6.00033 57514 1.0000007 279604 101862 5 2 642141.86 9.3873904 22.1003 24.166625 216 1338533 290522 52266 130 0 0 0 0 0 0 553 307986 21540
24.173375 -0.202937 -0.134514 6.00035 57515 1.0000007 279524 101828 6 2 644049.81 9.3873904 22.1003 24.173375 193 1338067 289726 52059 131 0 0 0 0 0 0 553 307944 21604
24.18 -0.202937 -0.13382 6.00037 57516 1.0000007 279554 101849 6 2 637461.44 9.3873904 22.1003 24.18 229 1337288 290470 52177 132 0 0 0 0 0 0 553 307963 21383
24.186625 -0.202937 -0.133127 6.00038 57518 1.0000007 279503 101819 5 2 644079.62 9.3873904 22.1003 24.186625 241 1338324 291412 52334 133 0 0 0 0 0 0 553 307918 21605
24.193375 -0.202937 -0.13242 6.0004 57519 1.0000007 279433 101717 5 2 644288.3 9.3873904 22.1003 24.193375 252 1337308 290837 52308 134 0 0 0 0 0 0 553 307828 21612
24.2 -0.202937 -0.131726 6.00041 57521 1.0000007 279341 101704 5 2 647060.78 9.3873904 22.1003 24.2 237 1338110 290500 52273 135 0 0 0 0 0 0 553 307732 21705
24.206625 -0.202937 -0.131032 6.00043 57522 1.0000007 279416 101769 5 2 646464.55 9.3873904 22.1003 24.206625 242 1339925 290856 52528 136 0 0 0 0 0 0 553 307823 21685
24.213375 -0.202937 -0.130325 6.00044 57524 1.0000007 279272 101655 5 2 644973.97 9.3873904 22.1003 24.213375 220 1339964 290685 52451 137 0 0 0 0 0 0 553 307669 21635
24.22 -0.202937 -0.129631 6.00046 57525 1.0000007 279169 101580 5 2 647597.39 9.3873904 22.1003 24.22 211 1336395 290872 52287 138 0 0 0 0 0 0 553 307580 21723
24.226625 -0.202937 -0.128937 6.00047 57527 1.0000007 279288 101685 5 2 641933.18 9.3873904 22.1003 24.226625 222 1336336 290457 52422 139 0 0 0 0 0 0 553 307691 21533
24.233375 -0.202937 -0.128231 6.00049 57528 1.0000007 279289 101683 5 2 635195.76 9.3873904 22.1003 24.233375 237 1337259 290739 51987 140 0 0 0 0 0 0 553 307681 21307
24.24 -0.202937 -0.127537 6.0005 57530 1.0000007 279135 101596 4 2 645689.44 9.3873904 22.1003 24.24 244 1336672 291488 52365 141 0 0 0 0 0 0 553 307537 21659
24.246625 -0.202937 -0.126843 6.00052 57531 1.0000007 279290 101663 6 2 636745.96 9.3873904 22.1003 24.246625 231 1336054 289225 51947 142 0 0 0 0 0 0 553 307699 21359
24.253375 -0.202937 -0.126136 6.00053 57533 1.0000007 279321 101690 6 2 647984.94 9.3873904 22.1003 24.253375 246 1336871 291139 52543 143 0 0 0 0 0 0 553 307725 21736
24.26 -0.202937 -0.125442 6.00055 57534 1.0000007 279205 101637 5 2 638117.3 9.3873904 22.1003 24.26 228 1337690 290860 52147 144 0 0 0 0 0 0 553 307589 21405
24.266625 -0.202937 -0.124748 6.00056 57536 1.0000007 279409 101683 5 2 639756.94 9.3873904 22.1003 24.266625 231 1335869 289911 52084 145 0 0 0 0 0 0 553 307810 21460
24.273375 -0.202937 -0.124041 6.00058 57537 1.0000007 279410 101733 5 2 635464.07 9.3873904 22.1003 24.273375 249 1336940 290763 51883 146 0 0 0 0 0 0 553 307804 21316
24.28 -0.202937 -0.123348 6.00059 57539 1.0000007 279409 101751 5 2 646613.6 9.3873904 22.1003 24.28 204 1338024 290055 52413 147 0 0 0 0 0 0 553 307800 21690
24.286625 -0.202937 -0.122654 6.0006 57540 1.0000007 279491 101882 5 2 646494.36 9.3873904 22.1003 24.286625 228 1336616 290112 52488 148 0 0 0 0 0 0 553 307896 21686
24.293375 -0.202937 -0.121947 6.00062 57541 1.0000007 279541 101899 4 2 643036.21 9.3873904 22.1003 24.293375 215 1341905 291976 52493 149 0 0 0 0 0 0 553 307926 21570
24.3 -0.202937 -0.121253 6.00063 57543 1.0000007 279523 101881 5 2 643751.69 9.3873904 22.1003 24.3 234 1340409 291028 52341 150 0 0 0 0 0 0 553 307928 21594
24.306625 -0.202937 -0.120559 6.00065 57544 1.0000007 279536 101837 5 2 648581.17 9.3873904 22.1003 24.306625 243 1338761 291251 52439 151 0 0 0 0 0 0 553 307913 21756
24.313375 -0.202937 -0.119852 6.00066 57546 1.0000007 279579 101951 5 2 643483.39 9.3873904 22.1003 24.313375 243 1340607 291184 52196 152 0 0 0 0 0 0 553 307989 21585
24.32 -0.202937 -0.119158 6.00067 57547 1.0000007 279621 101902 6 2 649296.65 9.3873904 22.1003 24.32 241 1340834 290837 52815 153 0 0 0 0 0 0 553 308027 21780
24.326625 -0.202937 -0.118464 6.00069 57549 1.0000007 279565 101897 5 2 644675.85 9.3873904 22.1003 24.326625 202 1337283 289681 52235 154 0 0 0 0 0 0 553 307949 21625
24.333375 -0.202937 -0.117758 6.0007 57550 1.0000007 279628 102008 6 2 647865.69 9.3873904 22.1003 24.333375 208 1340028 290610 52181 155 0 0 0 0 0 0 553 308019 21732
24.34 -0.202937 -0.117064 6.00072 57552 1.0000007 279774 102096 6 2 643721.88 9.3873904 22.1003 24.34 233 1340048 290922 52441 156 0 0 0 0 0 0 553 308150 21593
24.346625 -0.202937 -0.11637 6.00073 57553 1.0000007 279873 102198 4 2 650250.62 9.3873904 22.1003 24.346625 247 1341183 292393 52387 157 0 0 0 0 0 0 553 308259 21812
24.353375 -0.202937 -0.115663 6.00074 57555 1.0000007 279958 102198 5 2 645689.44 9.3873904 22.1003 24.353375 266 1339953 292101 52204 158 0 0 0 0 0 0 553 308345 21659
24.36 -0.202937 -0.114969 6.00076 57556 1.0000007 279921 102248 5 2 650906.47 9.3873904 22.1003 24.36 231 1344007 292320 53041 159 0 0 0 0 0 0 553 308294 21834
24.366625 -0.202937 -0.114275 6.00077 57558 1.0000007 279984 102259 5 2 646881.91 9.3873904 22.1003 24.366625 254 1342178 291434 52714 160 0 0 0 0 0 0 553 308359 21699
24.373375 -0.202937 -0.113568 6.00078 57559 1.0000007 279999 102252 6 2 648014.75 9.3873904 22.1003 24.373375 213 1341388 292063 52672 161 0 0 0 0 0 0 553 308372 21737
24.38 -0.202937 -0.112874 6.0008 57561 1.0000007 280133 102340 5 2 647657.01 9.3873904 22.1003 24.38 257 1342237 291065 52484 162 0 0 0 0 0 0 553 308521 21725
24.386625 -0.202937 -0.11218 6.00081 57562 1.0000007 280104 102415 5 2 642410.17 9.3873904 22.1003 24.386625 224 1342611 291240 52160 163 0 0 0 0 0 0 553 308468 21549
24.393375 -0.202937 -0.111474 6.00082 57564 1.0000007 280179 102502 6 2 641694.69 9.3873904 22.1003 24.393375 215 1342611 291770 52104 164 0 0 0 0 0 0 553 308549 21525
24.4 -0.202937 -0.11078 6.00084 57565 1.0000007 280243 102504 5 2 647776.26 9.3873904 22.1003 24.4 235 1345545 291929 52541 165 0 0 0 0 0 0 553 308616 21729
24.406625 -0.202937 -0.110086 6.00085 57567 1.0000007 280354 102575 5 2 647239.65 9.3873904 22.1003 24.406625 208 1347201 292583 52678 166 0 0 0 0 0 0 553 308760 21711
24.413375 -0.202937 -0.109379 6.00086 57568 1.0000007 280341 102562 6 2 637103.7 9.3873904 22.1003 24.413375 211 1345360 292062 52100 167 0 0 0 0 0 0 553 308715 21371
24.42 -0.202937 -0.108685 6.00087 57570 1.0000007 280420 102654 6 2 647090.59 9.3873904 22.1003 24.42 240 1345360 293182 52705 168 0 0 0 0 0 0 553 308800 21706
24.426625 -0.202937 -0.107991 6.00089 57571 1.0000007 280538 102698 5 2 649922.69 9.3873904 22.1003 24.426625 226 1345865 291970 52791 169 0 0 0 0 0 0 553 308901 21801
24.433375 -0.202937 -0.107284 6.0009 57573 1.0000007 280501 102709 6 2 651502.71 9.3873904 22.1003 24.433375 232 1345760 292987 53059 170 0 0 0 0 0 0 553 308852 21854
24.44 -0.202937 -0.10659 6.00091 57574 1.0000007 280653 102787 5 2 656004.26 9.3873904 22.1003 24.44 199 1347085 293604 53111 171 0 0 0 0 0 0 553 309039 22005
24.446625 -0.202937 -0.105896 6.00092 57576 1.0000007 280734 102905 4 2 646434.73 9.3873904 22.1003 24.446625 257 1349213 293143 52681 172 0 0 0 0 0 0 553 309120 21684
24.453375 -0.202937 -0.105189 6.00094 57577 1.0000007 281058 103030 5 2 653708.76 9.3873904 22.1003 24.453375 218 1349213 292827 52599 173 0 0 0 0 0 0 553 309446 21928
24.46 -0.202937 -0.104496 6.00095 57579 1.0000007 280934 102977 5 2 647806.07 9.3873904 22.1003 24.46 238 1349694 294197 52895 174 0 0 0 0 0 0 553 309327 21730
24.466625 -0.202937 -0.103802 6.00096 57580 1.0000007 281093 103107 6 2 645093.21 9.3873904 22.1003 24.466625 209 1348974 293560 52733 175 0 0 0 0 0 0 553 309482 21639
24.473375 -0.202937 -0.103095 6.00097 57582 1.0000007 281011 103046 5 2 647686.82 9.3873904 22.1003 24.473375 244 1349638 293326 52599 176 0 0 0 0 0 0 553 309385 21726
24.48 -0.202937 -0.102401 6.00098 57583 1.0000007 281135 103113 5 2 653529.9 9.3873904 22.1003 24.48 260 1348932 293391 53111 177 0 0 0 0 0 0 553 309524 21922
24.486625 -0.202937 -0.101707 6.001 57584 1.0000007 281048 103104 5 2 648074.37 9.3873904 22.1003 24.486625 233 1349860 292915 52597 178 0 0 0 0 0 0 553 309427 21739
24.493375 -0.202937 -0.101 6.00101 57586 1.0000007 281251 103200 5 2 653261.59 9.3873904 22.1003 24.493375 209 1348917 293479 52686 179 0 0 0 0 0 0 553 309664 21913
24.5 -0.202937 -0.100306 6.00102 57587 1.0000007 281188 103207 4 2 653291.4 9.3873904 22.1003 24.5 242 1349243 293715 52780 180 0 0 0 0 0 0 553 309572 21914
24.506625 -0.202937 -0.0996122 6.00103 57589 1.0000007 281203 103242 5 2 649982.31 9.3873904 22.1003 24.506625 248 1351086 293978 52895 181 0 0 0 0 0 0 553 309607 21803
24.513375 -0.202937 -0.0989052 6.00104 57590 1.0000007 281234 103228 5 2 656570.68 9.3873904 22.1003 24.513375 247 1353222 293429 52888 182 0 0 0 0 0 0 553 309608 22024
24.52 -0.202937 -0.0982113 6.00105 57592 1.0000007 281165 103206 5 2 648670.6 9.3873904 22.1003 24.52 191 1349820 293154 52735 183 0 0 0 0 0 0 553 309529 21759
24.526625 -0.202937 -0.0975174 6.00107 57593 1.0000007 281235 103255 5 2 645957.75 9.3873904 22.1003 24.526625 237 1348918 292898 52660 184 0 0 0 0 0 0 553 309618 21668
24.533375 -0.202937 -0.0968104 6.00108 57595 1.0000007 281296 103321 6 2 651174.78 9.3873904 22.1003 24.533375 226 1350049 293149 52782 185 0 0 0 0 0 0 553 309683 21843
24.54 -0.202937 -0.0961165 6.00109 57596 1.0000007 281358 103270 6 2 649087.97 9.3873904 22.1003 24.54 227 1351776 294246 53006 186 0 0 0 0 0 0 553 309728 21773
24.546625 -0.202937 -0.0954226 6.0011 57598 1.0000007 281196 103236 5 2 647239.65 9.3873904 22.1003 24.546625 251 1350894 293487 52528 187 0 0 0 0 0 0 553 309566 21711
24.553375 -0.202937 -0.0947157 6.00111 57599 1.0000007 281360 103358 6 2 647507.95 9.3873904 22.1003 24.553375 242 1352565 293514 52631 188 0 0 0 0 0 0 553 309735 21720
24.56 -0.202937 -0.0940218 6.00112 57601 1.0000007 281372 103359 4 2 648163.81 9.3873904 22.1003 24.56 224 1350911 292966 52754 189 0 0 0 0 0 0 553 309765 21742
24.566625 -0.202937 -0.0933279 6.00113 57602 1.0000007 281283 103337 5 2 653112.53 9.3873904 22.1003 24.566625 244 1350672 293414 52901 190 0 0 0 0 0 0 553 309636 21908
24.573375 -0.202937 -0.0926209 6.00114 57604 1.0000007 281402 103409 5 2 654513.68 9.3873904 22.1003 24.573375 243 1351517 293669 52955 191 0 0 0 0 0 0 553 309786 21955
24.58 -0.202937 -0.091927 6.00115 57605 1.0000007 281413 103446 5 2 653261.59 9.3873904 22.1003 24.58 215 1352125 293655 53154 192 0 0 0 0 0 0 553 309785 21913
24.586625 -0.202937 -0.0912331 6.00116 57606 1.0000007 281445 103443 6 2 649058.16 9.3873904 22.1003 24.586625 243 1351687 294160 52771 193 0 0 0 0 0 0 553 309813 21772
24.593375 -0.202937 -0.0905261 6.00117 57608 1.0000007 281360 103413 6 2 656600.49 9.3873904 22.1003 24.593375 238 1353166 294543 52917 194 0 0 0 0 0 0 553 309743 22025
24.6 -0.202937 -0.0898322 6.00119 57609 1.0000007 281531 103509 4 2 651323.84 9.3873904 22.1003 24.6 240 1353660 294553 52939 195 0 0 0 0 0 0 553 309923 21848
24.606625 -0.202937 -0.0891383 6.0012 57611 1.0000007 281646 103606 5 2 648134 9.3873904 22.1003 24.606625 202 1352787 292907 52602 196 0 0 0 0 0 0 553 310050 21741
24.613375 -0.202937 -0.0884313 6.00121 57612 1.0000007 281505 103461 5 2 650489.11 9.3873904 22.1003 24.613375 240 1352192 293755 52773 197 0 0 0 0 0 0 553 309860 21820
24.62 -0.202937 -0.0877373 6.00122 57614 1.0000007 281570 103561 5 2 663248.48 9.3873904 22.1003 24.62 253 1352192 294526 53268 198 0 0 0 0 0 0 553 309940 22248
24.626625 -0.202937 -0.0870434 6.00123 57615 1.0000007 281485 103547 5 2 650310.24 9.3873904 22.1003 24.626625 229 1354954 294257 52675 199 0 0 0 0 0 0 553 309849 21814
24.633375 -0.202937 -0.0863364 6.00124 57617 1.0000007 281617 103616 5 2 646911.72 9.3873904 22.1003 24.633375 210 1351339 293993 52720 200 0 0 0 0 0 0 553 310005 21700
24.64 -0.202937 -0.0856425 6.00125 57618 1.0000007 281569 103556 5 2 651890.26 9.3873904 22.1003 24.64 222 1352658 293806 53125 201 0 0 0 0 0 0 553 309921 21867
24.646625 -0.202937 -0.0849486 6.00126 57620 1.0000007 281608 103574 5 2 656362 9.3873904 22.1003 24.646625 243 1352658 294404 53069 202 0 0 0 0 0 0 553 309985 22017
24.653375 -0.202937 -0.0842416 6.00127 57621 1.0000007 281592 103607 5 2 651830.63 9.3873904 22.1003 24.653375 250 1352710 293440 52759 203 0 0 0 0 0 0 553 309949 21865
24.66 -0.202937 -0.0835477 6.00128 57623 1.0000007 281807 103754 5 2 659522.03 9.3873904 22.1003 24.66 230 1352710 294501 53227 204 0 0 0 0 0 0 553 310180 22123
24.666625 -0.202937 -0.0828538 6.00129 57624 1.0000007 281636 103679 6 2 650220.81 9.3873904 22.1003 24.666625 252 1352714 293660 52947 205 0 0 0 0 0 0 553 309979 21811
24.673375 -0.202937 -0.0821468 6.0013 57626 1.0000007 281744 103709 5 2 650101.56 9.3873904 22.1003 24.673375 241 1353063 292903 52721 206 0 0 0 0 0 0 553 310117 21807
24.68 -0.202937 -0.0814528 6.0013 57627 1.0000007 281720 103690 6 2 656540.87 9.3873904 22.1003 24.68 243 1355627 294205 53260 207 0 0 0 0 0 0 553 310096 22023
24.686625 -0.202937 -0.0807589 6.00131 57629 1.0000007 281775 103773 5 2 646553.98 9.3873904 22.1003 24.686625 230 1355627 293554 52799 208 0 0 0 0 0 0 553 310161 21688
24.693375 -0.202937 -0.0800519 6.00132 57631 1.0000007 281640 103657 6 2 660625.06 9.3873904 22.1003 24.693375 275 1354039 295296 53227 209 0 0 0 0 0 0 553 310011 22160
24.7 -0.202937 -0.079358 6.00133 57632 1.0000007 281781 103807 5 2 655258.97 9.3873904 22.1003 24.7 231 1354975 294626 53331 210 0 0 0 0 0 0 553 310163 21980
24.706625 -0.202937 -0.0786641 6.00134 57633 1.0000007 281678 103721 6 2 653529.9 9.3873904 22.1003 24.706625 238 1354595 294351 52822 211 0 0 0 0 0 0 553 310035 21922
24.713375 -0.202937 -0.077957 6.00135 57635 1.0000007 281803 103812 5 2 650936.29 9.3873904 22.1003 24.713375 252 1354450 293722 52999 212 0 0 0 0 0 0 553 310166 21835
24.72 -0.202937 -0.0772631 6.00136 57636 1.0000007 281769 103774 5 2 654543.49 9.3873904 22.1003 24.72 234 1354290 294694 53017 213 0 0 0 0 0 0 553 310145 21956
24.726625 -0.202937 -0.0765692 6.00137 57638 1.0000007 281738 103793 5 2 641635.07 9.3873904 22.1003 24.726625 245 1353898 294397 52431 214 0 0 0 0 0 0 553 310117 21523
24.733375 -0.202937 -0.0758622 6.00138 57639 1.0000007 281750 103806 5 2 654245.37 9.3873904 22.1003 24.733375 213 1354221 293898 52897 215 0 0 0 0 0 0 553 310123 21946
24.74 -0.202937 -0.0751682 6.00139 57641 1.0000007 281694 103726 6 2 657196.72 9.3873904 22.1003 24.74 229 1353842 293729 53274 216 0 0 0 0 0 0 553 310047 22045
24.746625 -0.202937 -0.0744743 6.0014 57642 1.0000007 281872 103882 5 2 655050.29 9.3873904 22.1003 24.746625 235 1355078 295697 52974 217 0 0 0 0 0 0 553 310256 21973
24.753375 -0.202937 -0.0737673 6.0014 57644 1.0000007 281776 103840 6 2 645301.89 9.3873904 22.1003 24.753375 241 1353127 293444 52854 218 0 0 0 0 0 0 553 310141 21646
24.76 -0.202937 -0.0730734 6.00141 57645 1.0000007 281705 103777 6 2 641873.56 9.3873904 22.1003 24.76 235 1352357 293806 52573 219 0 0 0 0 0 0 553 310056 21531
24.766625 -0.202937 -0.0723794 6.00142 57647 1.0000007 281744 103817 6 2 645868.31 9.3873904 22.1003 24.766625 233 1352646 293348 52543 220 0 0 0 0 0 0 553 310097 21665
24.773375 -0.202937 -0.0716724 6.00143 57648 1.0000007 281729 103854 5 2 660386.56 9.3873904 22.1003 24.773375 221 1353465 294559 53437 221 0 0 0 0 0 0 553 310097 22152
24.78 -0.202937 -0.0709785 6.00144 57650 1.0000007 281795 103843 6 2 648938.91 9.3873904 22.1003 24.78 215 1354316 293432 52816 222 0 0 0 0 0 0 553 310162 21768
24.786625 -0.202937 -0.0702845 6.00145 57651 1.0000007 281630 103746 6 2 646136.62 9.3873904 22.1003 24.786625 228 1352950 293416 52543 223 0 0 0 0 0 0 553 309987 21674
24.793375 -0.202937 -0.0695775 6.00145 57653 1.0000007 281594 103757 5 2 646941.53 9.3873904 22.1003 24.793375 228 1353398 294310 52721 224 0 0 0 0 0 0 553 309934 21701
24.8 -0.202937 -0.0688836 6.00146 57654 1.0000007 281733 103814 5 2 654632.92 9.3873904 22.1003 24.8 241 1354878 294473 52892 225 0 0 0 0 0 0 553 310119 21959
24.806625 -0.202937 -0.0681896 6.00147 57656 1.0000007 281544 103722 5 2 654394.43 9.3873904 22.1003 24.806625 232 1352647 293500 53007 226 0 0 0 0 0 0 553 309919 21951
24.813375 -0.202937 -0.0674826 6.00148 57657 1.0000007 281608 103767 5 2 646553.98 9.3873904 22.1003 24.813375 228 1352132 293142 52508 227 0 0 0 0 0 0 553 309972 21688
24.82 -0.202937 -0.0667887 6.00149 57659 1.0000007 281523 103710 6 2 651234.4 9.3873904 22.1003 24.82 232 1350325 293297 53102 228 0 0 0 0 0 0 553 309883 21845
24.826625 -0.202937 -0.0660947 6.00149 57660 1.0000007 281591 103718 6 2 648432.11 9.3873904 22.1003 24.826625 220 1351940 293659 52885 229 0 0 0 0 0 0 553 309960 21751
24.833375 -0.202937 -0.0653877 6.0015 57662 1.0000007 281653 103747 6 2 651204.59 9.3873904 22.1003 24.833375 236 1352978 293345 52950 230 0 0 0 0 0 0 553 310009 21844
24.84 -0.202937 -0.0646937 6.00151 57663 1.0000007 281526 103701 5 2 646464.55 9.3873904 22.1003 24.84 224 1351942 293814 52593 231 0 0 0 0 0 0 553 309887 21685
24.846625 -0.202937 -0.0639998 6.00152 57665 1.0000007 281582 103689 4 2 650429.49 9.3873904 22.1003 24.846625 219 1351341 293696 52603 232 0 0 0 0 0 0 553 309941 21818
24.853375 -0.202937 -0.0632928 6.00152 57666 1.0000007 281630 103706 5 2 647030.97 9.3873904 22.1003 24.853375 222 1352414 293890 52799 233 0 0 0 0 0 0 553 310006 21704
24.86 -0.202937 -0.0625988 6.00153 57668 1.0000007 281623 103713 5 2 653291.4 9.3873904 22.1003 24.86 231 1355397 294604 52741 234 0 0 0 0 0 0 553 309991 21914
24.866625 -0.202937 -0.0619049 6.00154 57669 1.0000007 281430 103668 6 2 655586.9 9.3873904 22.1003 24.866625 254 1352283 293685 52837 235 0 0 0 0 0 0 553 309793 21991
24.873375 -0.202937 -0.0611978 6.00155 57670 1.0000007 281515 103686 5 2 649863.07 9.3873904 22.1003 24.873375 203 1351308 293110 52800 236 0 0 0 0 0 0 553 309874 21799
24.88 -0.202937 -0.0605039 6.00155 57672 1.0000007 281570 103716 5 2 654006.88 9.3873904 22.1003 24.88 213 1354092 294028 52861 237 0 0 0 0 0 0 553 309938 21938
24.886625 -0.202937 -0.0598099 6.00156 57673 1.0000007 281524 103732 4 2 639727.12 9.3873904 22.1003 24.886625 229 1354003 293275 52536 238 0 0 0 0 0 0 553 309903 21459
24.893375 -0.202937 -0.0591029 6.00157 57675 1.0000007 281650 103797 5 2 649326.46 9.3873904 22.1003 24.893375 232 1353931 294189 52986 239 0 0 0 0 0 0 553 310019 21781
24.9 -0.202937 -0.0584089 6.00157 57676 1.0000007 281518 103714 6 2 646762.66 9.3873904 22.1003 24.9 222 1351106 293852 52640 240 0 0 0 0 0 0 553 309869 21695
24.906625 -0.202937 -0.057715 6.00158 57678 1.0000007 281537 103686 5 2 654752.17 9.3873904 22.1003 24.906625 227 1353929 293666 52920 241 0 0 0 0 0 0 553 309902 21963
24.913375 -0.202937 -0.0570079 6.00159 57679 1.0000007 281447 103669 6 2 647895.5 9.3873904 22.1003 24.913375 231 1350417 293737 52830 242 0 0 0 0 0 0 553 309794 21733
24.92 -0.202937 -0.056314 6.00159 57681 1.0000007 281529 103702 6 2 654632.92 9.3873904 22.1003 24.92 235 1353589 293289 53056 243 0 0 0 0 0 0 553 309908 21959
24.926625 -0.202937 -0.05562 6.0016 57682 1.0000007 281481 103649 4 2 653887.63 9.3873904 22.1003 24.926625 253 1350597 293965 53023 244 0 0 0 0 0 0 553 309836 21934
24.933375 -0.202937 -0.054913 6.00161 57684 1.0000007 281554 103712 6 2 650548.74 9.3873904 22.1003 24.933375 228 1353166 294994 52859 245 0 0 0 0 0 0 553 309943 21822
24.94 -0.202937 -0.054219 6.00161 57685 1.0000007 281544 103715 6 2 641009.02 9.3873904 22.1003 24.94 232 1353964 293982 52543 246 0 0 0 0 0 0 553 309925 21502
24.946625 -0.202937 -0.0535251 6.00162 57687 1.0000007 281443 103654 6 2 649028.34 9.3873904 22.1003 24.946625 213 1349595 293004 52828 247 0 0 0 0 0 0 553 309805 21771
24.953375 -0.202937 -0.052818 6.00163 57688 1.0000007 281415 103647 6 2 649117.78 9.3873904 22.1003 24.953375 232 1351627 293653 52607 248 0 0 0 0 0 0 553 309783 21774
24.96 -0.202937 -0.0521241 6.00163 57690 1.0000007 281492 103738 5 2 646375.11 9.3873904 22.1003 24.96 236 1351088 292945 52597 249 0 0 0 0 0 0 553 309875 21682
24.966625 -0.202937 -0.0514301 6.00164 57691 1.0000007 281470 103754 6 2 657226.53 9.3873904 22.1003 24.966625 238 1352503 293620 53235 250 0 0 0 0 0 0 553 309812 22046
24.973375 -0.202937 -0.0507231 6.00164 57693 1.0000007 281515 103754 5 2 644765.28 9.3873904 22.1003 24.973375 227 1352008 293868 52973 251 0 0 0 0 0 0 553 309869 21628
24.98 -0.202937 -0.0500291 6.00165 57694 1.0000007 281456 103733 5 2 647090.59 9.3873904 22.1003 24.98 198 1351735 293708 52671 252 0 0 0 0 0 0 553 309805 21706
24.986625 -0.202937 -0.0493352 6.00165 57696 1.0000007 281472 103785 6 2 651771.01 9.3873904 22.1003 24.986625 230 1351427 293498 52818 253 0 0 0 0 0 0 553 309794 21863
24.993375 -0.202937 -0.0486281 6.00166 57697 1.0000007 282628 104282 6 2 651085.34 9.3873904 22.1003 24.993375 249 1358279 296055 53230 254 0 0 0 0 0 0 553 311010 21840
25 -0.202937 -0.0479341 6.00167 57699 1.0000007 282657 104271 6 2 650310.24 9.3873904 22.1003 25 228 1359201 295303 53110 255 0 0 0 0 0 0 553 311006 21814
25.006625 -0.202937 -0.0472402 6.00167 57700 1.0000007 282578 104240 5 2 659253.72 9.3873904 22.1003 25.006625 251 1360627 296096 53106 256 0 0 0 0 0 0 553 310878 22114
25.013375 -0.202937 -0.0465331 6.00168 57702 1.0000007 282694 104282 7 2 651860.45 9.3873904 22.1003 25.013375 240 1361482 295905 53311 257 0 0 0 0 0 0 553 311039 21866
25.02 -0.202937 -0.0458392 6.00168 57703 1.0000007 282575 104227 5 2 655885.01 9.3873904 22.1003 25.02 238 1357605 295470 53164 258 0 0 0 0 0 0 553 310925 22001
25.026625 -0.202937 -0.0451452 6.00169 57705 1.0000007 282711 104296 6 2 655974.45 9.3873904 22.1003 25.026625 222 1359809 295318 53028 259 0 0 0 0 0 0 553 311076 22004
25.033375 -0.202937 -0.0444381 6.00169 57706 1.0000007 282744 104314 5 2 655676.33 9.3873904 22.1003 25.033375 243 1358887 294283 53022 260 0 0 0 0 0 0 553 311086 21994
25.04 -0.202937 -0.0437442 6.0017 57708 1.0000007 282590 104259 5 2 655676.33 9.3873904 22.1003 25.04 243 1358887 293989 52964 261 0 0 0 0 0 0 553 310936 21994
25.046625 -0.202937 -0.0430502 6.0017 57709 1.0000007 282790 104356 6 2 656988.04 9.3873904 22.1003 25.046625 215 1359336 295288 53268 262 0 0 0 0 0 0 553 311173 22038
25.053375 -0.202937 -0.0423431 6.00171 57711 1.0000007 282779 104344 4 2 656272.56 9.3873904 22.1003 25.053375 252 1360031 295123 53363 263 0 0 0 0 0 0 553 311138 22014
25.06 -0.202937 -0.0416492 6.00171 57712 1.0000007 282657 104261 5 2 654960.85 9.3873904 22.1003 25.06 250 1358740 295035 53154 264 0 0 0 0 0 0 553 311015 21970
25.066625 -0.202937 -0.0409552 6.00172 57714 1.0000007 282646 104280 6 2 654334.81 9.3873904 22.1003 25.066625 218 1358949 294998 53273 265 0 0 0 0 0 0 553 310990 21949
25.073375 -0.202937 -0.0402482 6.00172 57715 1.0000007 282640 104256 6 2 654662.74 9.3873904 22.1003 25.073375 228 1360298 295088 53523 266 0 0 0 0 0 0 553 311006 21960
25.08 -0.202937 -0.0395542 6.00173 57717 1.0000007 282635 104324 5 2 656958.23 9.3873904 22.1003 25.08 245 1359283 294278 53353 267 0 0 0 0 0 0 553 310988 22037
25.086625 -0.202937 -0.0388602 6.00173 57718 1.0000007 282566 104219 5 2 655557.08 9.3873904 22.1003 25.086625 227 1359946 295568 53270 268 0 0 0 0 0 0 553 310918 21990
25.093375 -0.202937 -0.0381532 6.00174 57720 1.0000007 282575 104299 5 2 654096.32 9.3873904 22.1003 25.093375 236 1357840 294842 53025 269 0 0 0 0 0 0 553 310939 21941
25.1 -0.202937 -0.0374592 6.00174 57721 1.0000007 282594 104291 6 2 652665.36 9.3873904 22.1003 25.1 222 1359372 295783 53260 270 0 0 0 0 0 0 553 310947 21893
25.106625 -0.202937 -0.0367652 6.00175 57723 1.0000007 282607 104289 5 2 646404.92 9.3873904 22.1003 25.106625 191 1359578 295385 52741 271 0 0 0 0 0 0 553 310971 21683
25.113375 -0.202937 -0.0360582 6.00175 57724 1.0000007 282525 104229 5 2 659045.04 9.3873904 22.1003 25.113375 191 1359578 295639 53233 272 0 0 0 0 0 0 553 310881 22107
25.12 -0.202937 -0.0353642 6.00175 57725 1.0000007 282574 104278 5 2 659045.04 9.3873904 22.1003 25.12 225 1359122 295639 53233 273 0 0 0 0 0 0 553 310939 22107
25.126625 -0.202937 -0.0346702 6.00176 57727 1.0000007 282516 104234 5 2 651502.71 9.3873904 22.1003 25.126625 222 1360213 295835 53061 274 0 0 0 0 0 0 553 310872 21854
25.133375 -0.202937 -0.0339631 6.00176 57728 1.0000007 282653 104237 4 2 652039.32 9.3873904 22.1003 25.133375 216 1358309 295356 53278 275 0 0 0 0 0 0 553 310997 21872
25.14 -0.202937 -0.0332692 6.00177 57730 1.0000007 282435 104133 6 2 657643.9 9.3873904 22.1003 25.14 244 1360866 296344 53270 276 0 0 0 0 0 0 553 310782 22060
25.146625 -0.202937 -0.0325752 6.00177 57731 1.0000007 282495 104249 6 2 652397.05 9.3873904 22.1003 25.146625 236 1358222 294728 53034 277 0 0 0 0 0 0 553 310866 21884
25.153375 -0.202937 -0.0318681 6.00177 57733 1.0000007 282463 104154 6 2 654573.3 9.3873904 22.1003 25.153375 225 1358222 295028 53157 278 0 0 0 0 0 0 553 310814 21957
25.16 -0.202937 -0.0311742 6.00178 57734 1.0000007 282359 104042 5 2 657047.66 9.3873904 22.1003 25.16 252 1357691 295680 53281 279 0 0 0 0 0 0 553 310695 22040
25.166625 -0.202937 -0.0304802 6.00178 57736 1.0000007 282467 104175 5 2 648134 9.3873904 22.1003 25.166625 240 1358287 295332 53017 280 0 0 0 0 0 0 553 310828 21741
25.173375 -0.202937 -0.0297731 6.00178 57737 1.0000007 282308 104125 5 2 652098.94 9.3873904 22.1003 25.173375 226 1356712 293807 52824 281 0 0 0 0 0 0 553 310667 21874
25.18 -0.202937 -0.0290791 6.00179 57739 1.0000007 282287 104069 5 2 656898.61 9.3873904 22.1003 25.18 239 1357554 294600 53022 282 0 0 0 0 0 0 553 310659 22035
25.186625 -0.202937 -0.0283852 6.00179 57740 1.0000007 282310 104152 4 2 651979.69 9.3873904 22.1003 25.186625 244 1358235 295246 53490 283 0 0 0 0 0 0 553 310693 21870
25.193375 -0.202937 -0.0276781 6.00179 57742 1.0000007 282276 103979 5 2 655765.77 9.3873904 22.1003 25.193375 235 1355195 294787 53008 284 0 0 0 0 0 0 553 310663 21997
25.2 -0.202937 -0.0269841 6.0018 57743 1.0000007 282284 104044 5 2 656779.36 9.3873904 22.1003 25.2 213 1355195 295020 53052 285 0 0 0 0 0 0 553 310650 22031
25.206625 -0.202937 -0.0262901 6.0018 57745 1.0000007 282054 103932 5 2 648372.49 9.3873904 22.1003 25.206625 233 1358193 294388 52836 286 0 0 0 0 0 0 553 310395 21749
25.213375 -0.202937 -0.0255831 6.0018 57746 1.0000007 282062 103940 6 2 652874.04 9.3873904 22.1003 25.213375 235 1356019 294764 52997 287 0 0 0 0 0 0 553 310426 21900
25.22 -0.202937 -0.0248891 6.00181 57748 1.0000007 282066 103919 5 2 649654.39 9.3873904 22.1003 25.22 225 1354331 294169 52852 288 0 0 0 0 0 0 553 310427 21792
25.226625 -0.202937 -0.0241951 6.00181 57749 1.0000007 282007 103878 5 2 649594.76 9.3873904 22.1003 25.226625 235 1354331 293498 53018 289 0 0 0 0 0 0 553 310381 21790
25.233375 -0.202937 -0.023488 6.00181 57751 1.0000007 282064 103932 7 2 667958.71 9.3873904 22.1003 25.233375 238 1354613 295258 53469 290 0 0 0 0 0 0 553 310404 22406
25.24 -0.202937 -0.0227941 6.00181 57752 1.0000007 282091 103890 5 2 648014.75 9.3873904 22.1003 25.24 228 1354613 294114 52630 291 0 0 0 0 0 0 553 310467 21737
25.246625 -0.202937 -0.0221001 6.00182 57754 1.0000007 282022 103857 6 2 653589.52 9.3873904 22.1003 25.246625 230 1353966 294202 52941 292 0 0 0 0 0 0 553 310393 21924
25.253375 -0.202937 -0.021393 6.00182 57755 1.0000007 281976 103871 5 2 650817.04 9.3873904 22.1003 25.253375 212 1355584 294023 52892 293 0 0 0 0 0 0 553 310327 21831
25.26 -0.202937 -0.020699 6.00182 57757 1.0000007 282067 103879 6 2 655527.27 9.3873904 22.1003 25.26 217 1355627 294979 53208 294 0 0 0 0 0 0 553 310440 21989
25.266625 -0.202937 -0.0200051 6.00182 57758 1.0000007 282003 103819 5 2 655944.63 9.3873904 22.1003 25.266625 242 1355489 295528 53351 295 0 0 0 0 0 0 553 310352 22003
25.273375 -0.202937 -0.019298 6.00183 57760 1.0000007 281736 103739 6 2 645123.02 9.3873904 22.1003 25.273375 246 1351330 293358 52687 296 0 0 0 0 0 0 553 310092 21640
25.28 -0.202937 -0.018604 6.00183 57761 1.0000007 281891 103821 6 2 645123.02 9.3873904 22.1003 25.28 220 1355635 294467 52983 297 0 0 0 0 0 0 553 310267 21640
25.286625 -0.202937 -0.01791 6.00183 57763 1.0000007 281911 103846 6 2 649594.76 9.3873904 22.1003 25.286625 226 1356383 294922 52795 298 0 0 0 0 0 0 553 310285 21790
25.293375 -0.202937 -0.017203 6.00183 57764 1.0000007 281769 103731 6 2 653559.71 9.3873904 22.1003 25.293375 219 1354183 293838 52991 299 0 0 0 0 0 0 553 310119 21923
25.3 -0.202937 -0.016509 6.00183 57766 1.0000007 281823 103708 6 2 646524.17 9.3873904 22.1003 25.3 208 1353361 294370 52862 300 0 0 0 0 0 0 553 310215 21687
