Eta  H  K  L  Epoch  Sec  ion1  Hubmon  scan_bar  Filters  Correct  Qmag  Energy  Graze  p_peak  p_total  p_del_s  p_nu_s  p_image  p_xcen  p_xsig  p_ycen  p_ysig  power  tempsp  gun_on  ion0  p_point
23 -0.194824 -0.257039 5.99621 32653 0.5000007 141298 51918 4 2 249582.72 9.3867431 22.1003 23 78 513530 113026 20280 0 0 0 0 0 0 0 553 154825 8372
23.006625 -0.194824 -0.256346 5.99624 32654 0.5000007 141213 51910 5 2 253696.72 9.3867431 22.1003 23.006625 86 514841 113427 20629 1 0 0 0 0 0 0 553 154714 8510
23.013375 -0.194824 -0.255639 5.99627 32655 0.5000007 141201 51892 4 2 257065.43 9.3867431 22.1003 23.013375 72 514114 114144 20485 2 0 0 0 0 0 0 553 154710 8623
23.02 -0.194824 -0.254946 5.99629 32656 0.5000007 141209 51877 4 2 255664.28 9.3867431 22.1003 23.02 82 514090 113386 20543 3 0 0 0 0 0 0 553 154747 8576
23.026625 -0.194824 -0.254253 5.99632 32657 0.5000007 141179 51847 4 2 250655.93 9.3867431 22.1003 23.026625 75 515098 113641 20718 4 0 0 0 0 0 0 553 154694 8408
23.033375 -0.194824 -0.253546 5.99635 32658 0.5000007 141205 51871 4 2 253100.48 9.3867431 22.1003 23.033375 71 514973 113802 20449 5 0 0 0 0 0 0 553 154717 8490
23.04 -0.194824 -0.252853 5.99638 32659 0.5000007 141235 51896 5 2 252742.74 9.3867431 22.1003 23.04 80 514809 113789 20608 6 0 0 0 0 0 0 553 154742 8478
23.046625 -0.194824 -0.252159 5.99641 32660 0.5000007 141179 51868 4 2 254501.63 9.3867431 22.1003 23.046625 80 514695 113772 20475 7 0 0 0 0 0 0 553 154699 8537
23.053375 -0.194824 -0.251453 5.99644 32661 0.5000007 141121 51796 4 2 252444.63 9.3867431 22.1003 23.053375 91 515140 114241 20596 8 0 0 0 0 0 0 553 154642 8468
23.06 -0.194824 -0.25076 5.99647 32662 0.5000007 141105 51792 5 2 250834.8 9.3867431 22.1003 23.06 81 514803 113512 20491 9 0 0 0 0 0 0 553 154606 8414
23.066625 -0.194824 -0.250066 5.9965 32663 0.5000007 141184 51827 4 2 256856.75 9.3867431 22.1003 23.066625 75 517459 114374 20726 10 0 0 0 0 0 0 553 154698 8616
23.073375 -0.194824 -0.24936 5.99653 32664 0.5000007 141049 51737 4 2 251788.77 9.3867431 22.1003 23.073375 77 515136 114035 20636 11 0 0 0 0 0 0 553 154577 8446
23.08 -0.194824 -0.248666 5.99656 32665 0.5000007 141146 51783 4 2 252653.31 9.3867431 22.1003 23.08 82 515869 114131 20714 12 0 0 0 0 0 0 553 154647 8475
23.086625 -0.194824 -0.247973 5.99659 32666 0.5000007 141082 51790 5 2 257214.48 9.3867431 22.1003 23.086625 82 515972 114221 20829 13 0 0 0 0 0 0 553 154609 8628
23.093375 -0.194824 -0.247267 5.99662 32667 0.5000007 141063 51780 4 2 259778.28 9.3867431 22.1003 23.093375 78 516424 114911 21083 14 0 0 0 0 0 0 553 154577 8714
23.1 -0.194824 -0.246573 5.99664 32668 0.5000007 141014 51718 5 2 255276.73 9.3867431 22.1003 23.1 74 517567 114786 20787 15 0 0 0 0 0 0 553 154567 8563
23.106625 -0.194824 -0.24588 5.99667 32669 0.5000007 140981 51760 4 2 252951.43 9.3867431 22.1003 23.106625 86 517037 114438 20545 16 0 0 0 0 0 0 553 154502 8485
23.113375 -0.194824 -0.245173 5.9967 32670 0.5000007 140978 51709 4 2 251162.73 9.3867431 22.1003 23.113375 96 517885 114867 20604 17 0 0 0 0 0 0 553 154495 8425
23.12 -0.194824 -0.24448 5.99673 32671 0.5000007 140931 51685 4 2 259986.96 9.3867431 22.1003 23.12 71 516500 114798 21058 18 0 0 0 0 0 0 553 154454 8721
23.126625 -0.194824 -0.243787 5.99676 32672 0.5000007 140994 51742 5 2 254292.95 9.3867431 22.1003 23.126625 82 517070 114749 20806 19 0 0 0 0 0 0 553 154505 8530
23.133375 -0.194824 -0.24308 5.99679 32673 0.5000007 141011 51682 5 2 256826.93 9.3867431 22.1003 23.133375 80 518771 115534 20919 20 0 0 0 0 0 0 553 154544 8615
23.14 -0.194824 -0.242387 5.99682 32674 0.5000007 140971 51672 5 2 255992.21 9.3867431 22.1003 23.14 91 517112 115186 20851 21 0 0 0 0 0 0 553 154508 8587
23.146625 -0.194824 -0.241693 5.99684 32675 0.5000007 140937 51657 4 2 257005.8 9.3867431 22.1003 23.146625 86 517197 115095 20760 22 0 0 0 0 0 0 553 154470 8621
23.153375 -0.194824 -0.240987 5.99687 32676 0.5000007 140932 51636 5 2 259718.66 9.3867431 22.1003 23.153375 73 518619 115881 21032 23 0 0 0 0 0 0 553 154465 8712
23.16 -0.194824 -0.240293 5.9969 32677 0.5000007 140926 51650 5 2 255425.79 9.3867431 22.1003 23.16 84 517939 115265 20785 24 0 0 0 0 0 0 553 154455 8568
23.166625 -0.194824 -0.2396 5.99693 32678 0.5000007 141071 51726 5 2 258019.4 9.3867431 22.1003 23.166625 86 517772 115001 20949 25 0 0 0 0 0 0 553 154619 8655
23.173375 -0.194824 -0.238894 5.99696 32679 0.5000007 140929 51638 5 2 254918.99 9.3867431 22.1003 23.173375 79 519484 116010 20768 26 0 0 0 0 0 0 553 154457 8551
23.18 -0.194824 -0.2382 5.99698 32680 0.5000007 140923 51651 4 2 261686.22 9.3867431 22.1003 23.18 78 519312 115960 20959 27 0 0 0 0 0 0 553 154466 8778
23.186625 -0.194824 -0.237507 5.99701 32681 0.5000007 140927 51672 4 2 257005.8 9.3867431 22.1003 23.186625 89 519963 116133 20837 28 0 0 0 0 0 0 553 154457 8621
23.193375 -0.194824 -0.2368 5.99704 32682 0.5000007 140913 51593 5 2 258317.51 9.3867431 22.1003 23.193375 90 520023 116322 21084 29 0 0 0 0 0 0 553 154457 8665
23.2 -0.194824 -0.236107 5.99707 32683 0.5000007 140893 51596 4 2 262848.88 9.3867431 22.1003 23.2 93 520493 115899 20974 30 0 0 0 0 0 0 553 154437 8817
23.206625 -0.194824 -0.235413 5.99709 32684 0.5000007 140842 51609 4 2 257184.67 9.3867431 22.1003 23.206625 100 520325 116105 21014 31 0 0 0 0 0 0 553 154382 8627
23.213375 -0.194824 -0.234707 5.99712 32685 0.5000007 140815 51528 6 2 258347.33 9.3867431 22.1003 23.213375 103 520954 116401 20882 32 0 0 0 0 0 0 553 154339 8666
23.22 -0.194824 -0.234013 5.99715 32686 0.5000007 140911 51618 4 2 256946.18 9.3867431 22.1003 23.22 78 521732 116807 21085 33 0 0 0 0 0 0 553 154438 8619
23.226625 -0.194824 -0.23332 5.99718 32686 0.5000007 140880 51616 6 2 259182.05 9.3867431 22.1003 23.226625 84 521516 117332 21109 34 0 0 0 0 0 0 553 154421 8694
23.233375 -0.194824 -0.232613 5.9972 32687 0.5000007 140784 51556 5 2 255127.67 9.3867431 22.1003 23.233375 89 520701 117289 21113 35 0 0 0 0 0 0 553 154325 8558
23.24 -0.194824 -0.23192 5.99723 32689 0.5000007 140778 51540 6 2 259420.54 9.3867431 22.1003 23.24 91 521070 116730 21169 36 0 0 0 0 0 0 553 154321 8702
23.246625 -0.194824 -0.231227 5.99726 32689 0.5000007 140779 51510 4 2 262312.27 9.3867431 22.1003 23.246625 80 523873 117383 21355 37 0 0 0 0 0 0 553 154304 8799
23.253375 -0.194824 -0.23052 5.99728 32690 0.5000007 140810 51584 6 2 262103.59 9.3867431 22.1003 23.253375 77 522146 117745 21343 38 0 0 0 0 0 0 553 154351 8792
23.26 -0.194824 -0.229827 5.99731 32691 0.5000007 140665 51415 5 2 263176.8 9.3867431 22.1003 23.26 68 522673 117700 21395 39 0 0 0 0 0 0 553 154192 8828
23.266625 -0.194824 -0.229133 5.99734 32692 0.5000007 140795 51499 5 2 261745.85 9.3867431 22.1003 23.266625 70 523421 118109 21313 40 0 0 0 0 0 0 553 154331 8780
23.273375 -0.194824 -0.228427 5.99736 32693 0.5000007 140770 51520 6 2 264786.63 9.3867431 22.1003 23.273375 79 524209 118789 21401 41 0 0 0 0 0 0 553 154319 8882
23.28 -0.194824 -0.227733 5.99739 32694 0.5000007 140709 51502 4 2 262848.88 9.3867431 22.1003 23.28 68 523078 118869 21332 42 0 0 0 0 0 0 553 154258 8817
23.286625 -0.194824 -0.22704 5.99742 32695 0.5000007 140667 51429 4 2 264727.01 9.3867431 22.1003 23.286625 75 524955 118827 21456 43 0 0 0 0 0 0 553 154215 8880
23.293375 -0.194824 -0.226333 5.99744 32696 0.5000007 140664 51418 4 2 262133.4 9.3867431 22.1003 23.293375 88 524436 119026 21418 44 0 0 0 0 0 0 553 154213 8793
23.3 -0.194824 -0.22564 5.99747 32697 0.5000007 140710 51511 5 2 259062.8 9.3867431 22.1003 23.3 90 523685 118211 21115 45 0 0 0 0 0 0 553 154254 8690
23.306625 -0.194824 -0.224946 5.9975 32698 0.5000007 140667 51432 4 2 267171.56 9.3867431 22.1003 23.306625 86 524079 119163 21697 46 0 0 0 0 0 0 553 154242 8962
23.313375 -0.194824 -0.22424 5.99752 32699 0.5000007 140590 51377 4 2 265293.43 9.3867431 22.1003 23.313375 79 526364 119633 21600 47 0 0 0 0 0 0 553 154135 8899
23.32 -0.194824 -0.223546 5.99755 32700 0.5000007 140698 51440 5 2 270421.02 9.3867431 22.1003 23.32 90 527396 120081 21681 48 0 0 0 0 0 0 553 154237 9071
23.326625 -0.194824 -0.222853 5.99757 32701 0.5000007 140539 51367 5 2 261626.6 9.3867431 22.1003 23.326625 100 526073 119745 21379 49 0 0 0 0 0 0 553 154078 8776
23.333375 -0.194824 -0.222146 5.9976 32702 0.5000007 140579 51380 4 2 258168.46 9.3867431 22.1003 23.333375 91 526450 119713 21434 50 0 0 0 0 0 0 553 154110 8660
23.34 -0.194824 -0.221452 5.99763 32703 0.5000007 140504 51311 5 2 268602.52 9.3867431 22.1003 23.34 76 528115 120694 21725 51 0 0 0 0 0 0 553 154053 9010
23.346625 -0.194824 -0.220759 5.99765 32704 0.5000007 140639 51403 5 2 268006.28 9.3867431 22.1003 23.346625 81 527865 120365 21666 52 0 0 0 0 0 0 553 154190 8990
23.353375 -0.194824 -0.220052 5.99768 32705 0.5000007 140552 51354 4 2 267350.43 9.3867431 22.1003 23.353375 73 528330 120809 21860 53 0 0 0 0 0 0 553 154101 8968
23.36 -0.194824 -0.219359 5.9977 32706 0.5000007 140509 51315 5 2 262014.15 9.3867431 22.1003 23.36 75 529273 121256 21535 54 0 0 0 0 0 0 553 154046 8789
23.366625 -0.194824 -0.218665 5.99773 32707 0.5000007 140496 51308 5 2 266336.83 9.3867431 22.1003 23.366625 81 528770 121542 21829 55 0 0 0 0 0 0 553 154046 8934
23.373375 -0.194824 -0.217959 5.99775 32708 0.5000007 140518 51349 6 2 263087.37 9.3867431 22.1003 23.373375 81 528974 121584 21759 56 0 0 0 0 0 0 553 154056 8825
23.38 -0.194824 -0.217265 5.99778 32709 0.5000007 140458 51277 5 2 271524.05 9.3867431 22.1003 23.38 64 530221 121754 21908 57 0 0 0 0 0 0 553 154002 9108
23.386625 -0.194824 -0.216572 5.9978 32710 0.5000007 140373 51221 4 2 270152.72 9.3867431 22.1003 23.386625 75 530009 121839 21905 58 0 0 0 0 0 0 553 153933 9062
23.393375 -0.194824 -0.215865 5.99783 32711 0.5000007 140443 51293 5 2 270212.34 9.3867431 22.1003 23.393375 85 531365 122421 21857 59 0 0 0 0 0 0 553 153977 9064
23.4 -0.194824 -0.215172 5.99785 32712 0.5000007 140412 51282 4 2 269407.43 9.3867431 22.1003 23.4 82 531301 122765 22040 60 0 0 0 0 0 0 553 153941 9037
23.406625 -0.194824 -0.214478 5.99788 32713 0.5000007 140474 51283 5 2 271225.94 9.3867431 22.1003 23.406625 85 533580 123812 22042 61 0 0 0 0 0 0 553 154029 9098
23.413375 -0.194824 -0.213772 5.9979 32714 0.5000007 140455 51300 5 2 273282.94 9.3867431 22.1003 23.413375 69 533318 124013 22191 62 0 0 0 0 0 0 553 153994 9167
23.42 -0.194824 -0.213078 5.99793 32715 0.5000007 140406 51242 4 2 277307.5 9.3867431 22.1003 23.42 79 535248 124844 22385 63 0 0 0 0 0 0 553 153957 9302
23.426625 -0.194824 -0.212384 5.99795 32716 0.5000007 140461 51285 5 2 272597.27 9.3867431 22.1003 23.426625 84 536298 124890 22222 64 0 0 0 0 0 0 553 154012 9144
23.433375 -0.194824 -0.211678 5.99798 32717 0.5000007 140399 51258 5 2 274713.89 9.3867431 22.1003 23.433375 85 536836 125437 22367 65 0 0 0 0 0 0 553 153949 9215
23.44 -0.194824 -0.210984 5.998 32718 0.5000007 140343 51212 5 2 270510.46 9.3867431 22.1003 23.44 86 536405 125017 22188 66 0 0 0 0 0 0 553 153891 9074
23.446625 -0.194824 -0.210291 5.99803 32719 0.5000007 140324 51179 4 2 270659.52 9.3867431 22.1003 23.446625 91 538105 125767 22224 67 0 0 0 0 0 0 553 153854 9079
23.453375 -0.194824 -0.209584 5.99805 32720 0.5000007 140426 51272 4 2 270361.4 9.3867431 22.1003 23.453375 81 539403 126426 22182 68 0 0 0 0 0 0 553 153958 9069
23.46 -0.194824 -0.208891 5.99808 32721 0.5000007 140402 51264 4 2 275220.69 9.3867431 22.1003 23.46 101 541435 127495 22530 69 0 0 0 0 0 0 553 153942 9232
23.466625 -0.194824 -0.208197 5.9981 32722 0.5000007 140496 51304 4 2 277337.31 9.3867431 22.1003 23.466625 123 542177 127855 22480 70 0 0 0 0 0 0 553 154057 9303
23.473375 -0.194824 -0.20749 5.99812 32723 0.5000007 140338 51214 5 2 274564.84 9.3867431 22.1003 23.473375 138 542971 129011 22394 71 0 0 0 0 0 0 553 153877 9210
23.48 -0.194824 -0.206797 5.99815 32724 0.5000007 140485 51292 4 2 279304.88 9.3867431 22.1003 23.48 191 546402 129630 22615 72 0 0 0 0 0 0 553 154031 9369
23.486625 -0.194824 -0.206103 5.99817 32725 0.5000007 140472 51291 4 2 280706.03 9.3867431 22.1003 23.486625 216 546966 130597 22845 73 0 0 0 0 0 0 553 154014 9416
23.493375 -0.194824 -0.205397 5.9982 32726 0.5000007 140306 51263 4 2 284998.9 9.3867431 22.1003 23.493375 325 547887 130644 22850 74 0 0 0 0 0 0 553 153851 9560
23.5 -0.194824 -0.204703 5.99822 32727 0.5000007 140437 51269 5 2 276949.76 9.3867431 22.1003 23.5 362 550642 131936 22522 75 0 0 0 0 0 0 553 153987 9290
23.506625 -0.194824 -0.20401 5.99824 32728 0.5000007 140351 51234 6 2 278947.14 9.3867431 22.1003 23.506625 681 553440 132625 22749 76 0 0 0 0 0 0 553 153890 9357
23.513375 -0.194824 -0.203303 5.99827 32729 0.5000007 140421 51285 4 2 279453.94 9.3867431 22.1003 23.513375 838 557611 134090 22712 77 0 0 0 0 0 0 553 153960 9374
23.52 -0.194824 -0.202609 5.99829 32730 0.5000007 140373 51216 5 2 285565.32 9.3867431 22.1003 23.52 1512 564473 135068 22934 78 0 0 0 0 0 0 553 153922 9579
23.526625 -0.194824 -0.201916 5.99831 32730 0.5000007 140360 51281 4 2 285297.01 9.3867431 22.1003 23.526625 3314 574608 136182 22865 79 0 0 0 0 0 0 553 153894 9570
23.533375 -0.194824 -0.201209 5.99834 32731 0.5000007 140339 51203 5 2 286161.55 9.3867431 22.1003 23.533375 6942 591709 138220 22929 80 0 0 0 0 0 0 553 153869 9599
23.54 -0.194824 -0.200516 5.99836 32732 0.5000007 140358 51254 5 2 287771.37 9.3867431 22.1003 23.54 13560 611006 139850 23095 81 0 0 0 0 0 0 553 153903 9653
23.546625 -0.194824 -0.199822 5.99838 32733 0.5000007 140339 51198 4 2 288307.98 9.3867431 22.1003 23.546625 19971 635285 142344 23432 82 0 0 0 0 0 0 553 153876 9671
23.553375 -0.194824 -0.199115 5.99841 32734 0.5000007 140397 51273 4 2 282584.16 9.3867431 22.1003 23.553375 19143 648368 146038 23150 83 0 0 0 0 0 0 553 153948 9479
23.56 -0.194824 -0.198422 5.99843 32735 0.5000007 140385 51238 4 2 284670.97 9.3867431 22.1003 23.56 20565 640755 150939 23321 84 0 0 0 0 0 0 553 153934 9549
23.566625 -0.194824 -0.197728 5.99845 32736 0.5000007 140269 51179 4 2 288934.03 9.3867431 22.1003 23.566625 11684 625569 158762 23500 85 0 0 0 0 0 0 553 153801 9692
23.573375 -0.194824 -0.197021 5.99848 32737 0.5000007 140361 51262 5 2 288844.59 9.3867431 22.1003 23.573375 5164 615047 171151 23608 86 0 0 0 0 0 0 553 153893 9689
23.58 -0.194824 -0.196328 5.9985 32738 0.5000007 140353 51226 4 2 293435.58 9.3867431 22.1003 23.58 2194 625511 192615 23501 87 0 0 0 0 0 0 553 153891 9843
23.586625 -0.194824 -0.195634 5.99852 32739 0.5000007 140399 51275 4 2 289560.07 9.3867431 22.1003 23.586625 4954 657274 229798 23638 88 0 0 0 0 0 0 553 153943 9713
23.593375 -0.194824 -0.194928 5.99855 32740 0.5000007 140398 51289 4 2 292690.29 9.3867431 22.1003 23.593375 12042 724179 300996 23827 89 0 0 0 0 0 0 553 153949 9818
23.6 -0.194824 -0.194234 5.99857 32741 0.5000007 140241 51162 4 2 295075.22 9.3867431 22.1003 23.6 26548 857393 436470 23998 90 0 0 0 0 0 0 553 153801 9898
23.606625 -0.194824 -0.19354 5.99859 32742 0.5000007 140352 51263 4 2 300023.94 9.3867431 22.1003 23.606625 60441 1143288 721567 24572 91 0 0 0 0 0 0 553 153894 10064
23.613375 -0.194824 -0.192834 5.99861 32743 0.5000007 140324 51179 5 2 305747.77 9.3867431 22.1003 23.613375 116798 1647315 1225044 25257 92 0 0 0 0 0 0 553 153856 10256
23.62 -0.194824 -0.19214 5.99864 32744 0.5000007 140418 51322 5 2 306820.99 9.3867431 22.1003 23.62 163332 2185936 1765140 25713 93 0 0 0 0 0 0 553 153961 10292
23.626625 -0.194824 -0.191446 5.99866 32745 0.5000007 140374 51270 4 2 309086.67 9.3867431 22.1003 23.626625 194195 2434136 2012592 26108 94 0 0 0 0 0 0 553 153916 10368
23.633375 -0.194824 -0.19074 5.99868 32746 0.5000007 140346 51226 4 2 309384.78 9.3867431 22.1003 23.633375 187420 2216954 1796749 26135 95 0 0 0 0 0 0 553 153874 10378
23.64 -0.194824 -0.190046 5.9987 32747 0.5000007 140325 51221 5 2 308907.8 9.3867431 22.1003 23.64 141417 1740654 1320130 25981 96 0 0 0 0 0 0 553 153860 10362
23.646625 -0.194824 -0.189352 5.99872 32748 0.5000007 140407 51313 4 2 312574.63 9.3867431 22.1003 23.646625 77846 1306775 885491 26263 97 0 0 0 0 0 0 553 153947 10485
23.653375 -0.194824 -0.188646 5.99875 32749 0.5000007 140317 51209 4 2 306850.8 9.3867431 22.1003 23.653375 34954 1027506 608273 26308 98 0 0 0 0 0 0 553 153851 10293
23.66 -0.194824 -0.187952 5.99877 32750 0.5000007 140368 51318 5 2 314065.21 9.3867431 22.1003 23.66 20391 873011 452775 27779 99 0 0 0 0 0 0 553 153903 10535
23.666625 -0.194824 -0.187259 5.99879 32751 0.5000007 140418 51318 4 2 311650.47 9.3867431 22.1003 23.666625 11505 775426 355595 29138 100 0 0 0 0 0 0 553 153953 10454
23.673375 -0.194824 -0.186552 5.99881 32752 0.5000007 140370 51291 4 2 319341.86 9.3867431 22.1003 23.673375 6361 715448 294221 32336 101 0 0 0 0 0 0 553 153910 10712
23.68 -0.194824 -0.185858 5.99883 32753 0.5000007 140423 51299 4 2 322919.25 9.3867431 22.1003 23.68 3652 680289 257564 36135 102 0 0 0 0 0 0 553 153961 10832
23.686625 -0.194824 -0.185165 5.99886 32754 0.5000007 140457 51305 5 2 329835.54 9.3867431 22.1003 23.686625 2152 657886 234562 40129 103 0 0 0 0 0 0 553 154000 11064
23.693375 -0.194824 -0.184458 5.99888 32755 0.5000007 140350 51259 4 2 337199.01 9.3867431 22.1003 23.693375 1972 639616 217033 42293 104 0 0 0 0 0 0 553 153872 11311
23.7 -0.194824 -0.183764 5.9989 32756 0.5000007 140523 51379 4 2 347901.37 9.3867431 22.1003 23.7 1874 629756 204889 43035 105 0 0 0 0 0 0 553 154056 11670
23.706625 -0.194824 -0.183071 5.99892 32757 0.5000007 140438 51309 4 2 374374.07 9.3867431 22.1003 23.706625 1421 618366 193917 43103 106 0 0 0 0 0 0 553 153992 12558
23.713375 -0.194824 -0.182364 5.99894 32758 0.5000007 140446 51343 5 2 402605.66 9.3867431 22.1003 23.713375 959 609646 184167 42368 107 0 0 0 0 0 0 553 153967 13505
23.72 -0.194824 -0.18167 5.99896 32759 0.5000007 140491 51397 4 2 408001.56 9.3867431 22.1003 23.72 648 602482 176377 41148 108 0 0 0 0 0 0 553 154017 13686
23.726625 -0.194824 -0.180976 5.99898 32760 0.5000007 140453 51363 4 2 406719.66 9.3867431 22.1003 23.726625 575 598544 171789 40527 109 0 0 0 0 0 0 553 154003 13643
23.733375 -0.194824 -0.18027 5.999 32761 0.5000007 140370 51282 4 2 412145.37 9.3867431 22.1003 23.733375 538 593979 168403 40186 110 0 0 0 0 0 0 553 153900 13825
23.74 -0.194824 -0.179576 5.99902 32762 0.5000007 140477 51405 5 2 402635.47 9.3867431 22.1003 23.74 546 591886 165648 39320 111 0 0 0 0 0 0 553 154011 13506
23.746625 -0.194824 -0.178882 5.99905 32763 0.5000007 140507 51391 4 2 400697.72 9.3867431 22.1003 23.746625 539 592374 164396 39238 112 0 0 0 0 0 0 553 154049 13441
23.753375 -0.194824 -0.178176 5.99907 32764 0.5000007 140409 51302 5 2 405467.57 9.3867431 22.1003 23.753375 493 591487 163825 39331 113 0 0 0 0 0 0 553 153954 13601
23.76 -0.194824 -0.177482 5.99909 32765 0.5000007 140461 51363 5 2 401413.19 9.3867431 22.1003 23.76 534 589967 162513 39063 114 0 0 0 0 0 0 553 153992 13465
23.766625 -0.194824 -0.176788 5.99911 32766 0.5000007 140455 51382 4 2 403052.83 9.3867431 22.1003 23.766625 518 591145 162306 39757 115 0 0 0 0 0 0 553 153993 13520
23.773375 -0.194824 -0.176082 5.99913 32767 0.5000007 140517 51385 4 2 403738.5 9.3867431 22.1003 23.773375 546 594256 164285 41148 116 0 0 0 0 0 0 553 154048 13543
23.78 -0.194824 -0.175388 5.99915 32768 0.5000007 140583 51453 4 2 398133.92 9.3867431 22.1003 23.78 770 597143 166494 43680 117 0 0 0 0 0 0 553 154128 13355
23.786625 -0.194824 -0.174694 5.99917 32769 0.5000007 140585 51440 5 2 389488.55 9.3867431 22.1003 23.786625 1578 602202 171775 48968 118 0 0 0 0 0 0 553 154111 13065
23.793375 -0.194824 -0.173988 5.99919 32770 0.5000007 140493 51411 4 2 382631.89 9.3867431 22.1003 23.793375 3120 613302 181522 58773 119 0 0 0 0 0 0 553 154042 12835
23.8 -0.194824 -0.173294 5.99921 32771 0.5000007 140628 51511 5 2 360988.66 9.3867431 22.1003 23.8 3675 622766 190149 65873 120 0 0 0 0 0 0 553 154156 12109
23.806625 -0.194824 -0.1726 5.99923 32772 0.5000007 140488 51427 4 2 356844.85 9.3867431 22.1003 23.806625 4445 623047 189442 65884 121 0 0 0 0 0 0 553 154004 11970
23.813375 -0.194824 -0.171893 5.99925 32773 0.5000007 140594 51466 5 2 337139.38 9.3867431 22.1003 23.813375 3925 615409 179786 54590 122 0 0 0 0 0 0 553 154116 11309
23.82 -0.194824 -0.1712 5.99927 32774 0.5000007 140565 51455 4 2 335142.01 9.3867431 22.1003 23.82 1759 606276 168587 42031 123 0 0 0 0 0 0 553 154091 11242
23.826625 -0.194824 -0.170506 5.99929 32775 0.5000007 140603 51539 5 2 336394.09 9.3867431 22.1003 23.826625 551 600849 163683 34563 124 0 0 0 0 0 0 553 154129 11284
23.833375 -0.194824 -0.169799 5.99931 32776 0.5000007 140564 51449 5 2 328553.64 9.3867431 22.1003 23.833375 385 601309 161800 30794 125 0 0 0 0 0 0 553 154097 11021
23.84 -0.194824 -0.169106 5.99933 32777 0.5000007 140532 51486 5 2 340359.04 9.3867431 22.1003 23.84 421 604376 162421 29575 126 0 0 0 0 0 0 553 154057 11417
23.846625 -0.194824 -0.168412 5.99935 32778 0.5000007 140604 51476 5 2 330342.34 9.3867431 22.1003 23.846625 425 606011 163158 28843 127 0 0 0 0 0 0 553 154123 11081
23.853375 -0.194824 -0.167705 5.99937 32779 0.5000007 140568 51498 4 2 331713.67 9.3867431 22.1003 23.853375 435 610655 165180 28286 128 0 0 0 0 0 0 553 154102 11127
23.86 -0.194824 -0.167011 5.99939 32780 0.5000007 140703 51562 5 2 325572.48 9.3867431 22.1003 23.86 444 613147 166266 27781 129 0 0 0 0 0 0 553 154224 10921
23.866625 -0.194824 -0.166318 5.99941 32780 0.5000007 140664 51567 5 2 333174.44 9.3867431 22.1003 23.866625 518 616418 167637 27978 130 0 0 0 0 0 0 553 154183 11176
23.873375 -0.194824 -0.165611 5.99943 32781 0.5000007 140754 51631 5 2 322233.58 9.3867431 22.1003 23.873375 529 624745 170961 27622 131 0 0 0 0 0 0 553 154291 10809
23.88 -0.194824 -0.164917 5.99945 32782 0.5000007 140699 51574 5 2 319013.93 9.3867431 22.1003 23.88 596 628034 171872 27152 132 0 0 0 0 0 0 553 154194 10701
23.886625 -0.194824 -0.164223 5.99946 32783 0.5000007 140604 51578 5 2 324141.53 9.3867431 22.1003 23.886625 684 636459 174958 27169 133 0 0 0 0 0 0 553 154130 10873
23.893375 -0.194824 -0.163517 5.99948 32784 0.5000007 140710 51628 5 2 324022.28 9.3867431 22.1003 23.893375 869 646838 178500 27241 134 0 0 0 0 0 0 553 154239 10869
23.9 -0.194824 -0.162823 5.9995 32785 0.5000007 140602 51540 5 2 325244.56 9.3867431 22.1003 23.9 1158 660083 183650 27149 135 0 0 0 0 0 0 553 154141 10910
23.906625 -0.194824 -0.162129 5.99952 32786 0.5000007 140653 51570 5 2 326914.01 9.3867431 22.1003 23.906625 1678 675531 188393 27288 136 0 0 0 0 0 0 553 154181 10966
23.913375 -0.194824 -0.161422 5.99954 32787 0.5000007 140719 51646 5 2 318536.95 9.3867431 22.1003 23.913375 2420 697245 192437 26878 137 0 0 0 0 0 0 553 154263 10685
23.92 -0.194824 -0.160729 5.99956 32788 0.5000007 140687 51613 4 2 322740.38 9.3867431 22.1003 23.92 3574 728623 197701 27074 138 0 0 0 0 0 0 553 154208 10826
23.926625 -0.194824 -0.160035 5.99958 32789 0.5000007 140829 51711 4 2 323306.8 9.3867431 22.1003 23.926625 5850 778999 201662 27114 139 0 0 0 0 0 0 553 154358 10845
23.933375 -0.194824 -0.159328 5.9996 32790 0.5000007 140764 51715 4 2 314214.26 9.3867431 22.1003 23.933375 10463 864861 203386 26611 140 0 0 0 0 0 0 553 154285 10540
23.94 -0.194824 -0.158635 5.99962 32791 0.5000007 140899 51783 4 2 322084.53 9.3867431 22.1003 23.94 25076 1032610 203429 26803 141 0 0 0 0 0 0 553 154419 10804
23.946625 -0.194824 -0.157941 5.99963 32792 0.5000007 140859 51784 4 2 321309.42 9.3867431 22.1003 23.946625 64076 1362817 201566 27011 142 0 0 0 0 0 0 553 154370 10778
23.953375 -0.194824 -0.157234 5.99965 32793 0.5000007 140892 51756 5 2 317612.79 9.3867431 22.1003 23.953375 156774 2055624 202743 26851 143 0 0 0 0 0 0 553 154422 10654
23.96 -0.194824 -0.15654 5.99967 32794 0.5000007 140863 51788 5 2 321726.79 9.3867431 22.1003 23.96 319037 3299715 208653 27176 144 0 0 0 0 0 0 553 154386 10792
23.966625 -0.194824 -0.155846 5.99969 32795 0.5000007 138346 50783 4 2 314273.89 9.3867431 22.1003 23.966625 416711 4557317 213214 26543 145 0 0 0 0 0 0 553 151783 10542
23.973375 -0.194824 -0.15514 5.99971 32796 0.5000007 141410 51990 4 2 323932.85 9.3867431 22.1003 23.973375 469814 4783148 222624 27032 146 0 0 0 0 0 0 553 154921 10866
23.98 -0.194824 -0.154446 5.99972 32797 0.5000007 141535 52082 5 2 332101.22 9.3867431 22.1003 23.98 397312 3618480 224907 27663 147 0 0 0 0 0 0 553 155068 11140
23.986625 -0.194824 -0.153752 5.99974 32798 0.5000007 141596 52134 5 2 322531.7 9.3867431 22.1003 23.986625 211216 2247030 225585 26904 148 0 0 0 0 0 0 553 155109 10819
23.993375 -0.194824 -0.153045 5.99976 32799 0.5000007 141603 52149 5 2 323247.18 9.3867431 22.1003 23.993375 67114 1420105 232314 26986 149 0 0 0 0 0 0 553 155115 10843
24 -0.194824 -0.152352 5.99978 32800 0.5000007 141613 52159 5 2 324439.64 9.3867431 22.1003 24 32377 1103549 242452 26884 150 0 0 0 0 0 0 553 155131 10883
24.006625 -0.194824 -0.151658 5.9998 32801 0.5000007 141611 52168 5 2 324409.83 9.3867431 22.1003 24.006625 16521 972212 258207 26900 151 0 0 0 0 0 0 553 155127 10882
24.013375 -0.194824 -0.150951 5.99981 32802 0.5000007 141653 52180 6 2 332071.41 9.3867431 22.1003 24.013375 9645 913784 286240 27609 152 0 0 0 0 0 0 553 155179 11139
24.02 -0.194824 -0.150257 5.99983 32803 0.5000007 141595 52193 4 2 321041.12 9.3867431 22.1003 24.02 11139 914351 337334 26960 153 0 0 0 0 0 0 553 155104 10769
24.026625 -0.194824 -0.149564 5.99985 32804 0.5000007 141640 52210 5 2 322531.7 9.3867431 22.1003 24.026625 31264 998678 454484 27328 154 0 0 0 0 0 0 553 155157 10819
24.033375 -0.194824 -0.148857 5.99987 32805 0.5000007 141727 52242 4 2 326168.72 9.3867431 22.1003 24.033375 221529 1478870 957361 27453 155 0 0 0 0 0 0 553 155238 10941
24.04 -0.194824 -0.148163 5.99988 32806 0.5000007 141692 52252 4 2 327629.48 9.3867431 22.1003 24.04 444444 2418869 1912868 27893 156 0 0 0 0 0 0 553 155210 10990
24.046625 -0.194824 -0.147469 5.9999 32807 0.5000007 141708 52257 5 2 338451.09 9.3867431 22.1003 24.046625 474973 4139735 3638816 28709 157 0 0 0 0 0 0 553 155212 11353
24.053375 -0.194824 -0.146762 5.99992 32808 0.5000007 141765 52296 5 2 345814.56 9.3867431 22.1003 24.053375 530297 6219617 5720667 29659 158 0 0 0 0 0 0 553 155273 11600
24.06 -0.194824 -0.146069 5.99993 32809 0.5000007 141794 52274 4 2 351389.33 9.3867431 22.1003 24.06 549378 5875142 5381977 30167 159 0 0 0 0 0 0 553 155297 11787
24.066625 -0.194824 -0.145375 5.99995 32810 0.5000007 141777 52286 5 2 340478.28 9.3867431 22.1003 24.066625 522487 4397451 3916278 28698 160 0 0 0 0 0 0 553 155295 11421
24.073375 -0.194824 -0.144668 5.99997 32811 0.5000007 141770 52324 5 2 334038.98 9.3867431 22.1003 24.073375 441568 2781046 2307418 28531 161 0 0 0 0 0 0 553 155281 11205
24.08 -0.194824 -0.143974 5.99998 32812 0.5000007 141767 52321 5 2 329984.6 9.3867431 22.1003 24.08 186442 1509976 1043027 27902 162 0 0 0 0 0 0 553 155276 11069
24.086625 -0.194824 -0.14328 6 32813 0.5000007 141808 52340 4 2 324588.7 9.3867431 22.1003 24.086625 35492 959244 497075 27561 163 0 0 0 0 0 0 553 155317 10888
24.093375 -0.194824 -0.142574 6.00002 32814 0.5000007 141780 52328 5 2 334605.4 9.3867431 22.1003 24.093375 8138 796763 337845 27960 164 0 0 0 0 0 0 553 155293 11224
24.1 -0.194824 -0.14188 6.00003 32815 0.5000007 141846 52333 4 2 329865.35 9.3867431 22.1003 24.1 3527 737764 281329 27717 165 0 0 0 0 0 0 553 155358 11065
24.106625 -0.194824 -0.141186 6.00005 32816 0.5000007 141830 52330 4 2 329239.31 9.3867431 22.1003 24.106625 1717 705385 250057 27621 166 0 0 0 0 0 0 553 155340 11044
24.113375 -0.194824 -0.140479 6.00007 32817 0.5000007 141821 52367 5 2 328285.34 9.3867431 22.1003 24.113375 959 684691 230471 27385 167 0 0 0 0 0 0 553 155321 11012
24.12 -0.194824 -0.139785 6.00008 32818 0.5000007 141866 52393 5 2 325632.11 9.3867431 22.1003 24.12 761 668799 217063 27342 168 0 0 0 0 0 0 553 155390 10923
24.126625 -0.194824 -0.139092 6.0001 32819 0.5000007 141813 52367 5 2 327718.92 9.3867431 22.1003 24.126625 609 657862 207189 27360 169 0 0 0 0 0 0 553 155319 10993
24.133375 -0.194824 -0.138385 6.00012 32819 0.5000007 141897 52437 4 2 325512.86 9.3867431 22.1003 24.133375 487 647793 198941 27090 170 0 0 0 0 0 0 553 155406 10919
24.14 -0.194824 -0.137691 6.00013 32821 0.5000007 141941 52447 4 2 326556.27 9.3867431 22.1003 24.14 421 640427 193065 27410 171 0 0 0 0 0 0 553 155466 10954
24.146625 -0.194824 -0.136997 6.00015 32822 0.5000007 141844 52425 4 2 323604.92 9.3867431 22.1003 24.146625 384 633511 186602 26913 172 0 0 0 0 0 0 553 155349 10855
24.153375 -0.194824 -0.13629 6.00016 32823 0.5000007 141826 52385 5 2 324857.01 9.3867431 22.1003 24.153375 320 626791 182258 26959 173 0 0 0 0 0 0 553 155346 10897
24.16 -0.194824 -0.135597 6.00018 32824 0.5000007 141951 52497 4 2 326586.08 9.3867431 22.1003 24.16 284 623400 178588 26890 174 0 0 0 0 0 0 553 155448 10955
24.166625 -0.194824 -0.134903 6.0002 32825 0.5000007 141928 52476 5 2 324588.7 9.3867431 22.1003 24.166625 236 617496 173884 26844 175 0 0 0 0 0 0 553 155436 10888
24.173375 -0.194824 -0.134196 6.00021 32826 0.5000007 141920 52490 4 2 323187.56 9.3867431 22.1003 24.173375 220 612725 170353 26615 176 0 0 0 0 0 0 553 155413 10841
24.18 -0.194824 -0.133502 6.00023 32827 0.5000007 141984 52494 4 2 319967.9 9.3867431 22.1003 24.18 188 610046 167135 26323 177 0 0 0 0 0 0 553 155506 10733
24.186625 -0.194824 -0.132808 6.00024 32827 0.5000007 142012 52502 5 2 320564.13 9.3867431 22.1003 24.186625 185 604476 163886 26331 178 0 0 0 0 0 0 553 155519 10753
24.193375 -0.194824 -0.132101 6.00026 32828 0.5000007 141899 52423 5 2 319789.03 9.3867431 22.1003 24.193375 156 601984 161490 26254 179 0 0 0 0 0 0 553 155409 10727
24.2 -0.194824 -0.131408 6.00027 32829 0.5000007 141917 52472 4 2 316807.87 9.3867431 22.1003 24.2 158 598929 159015 25878 180 0 0 0 0 0 0 553 155425 10627
24.206625 -0.194824 -0.130714 6.00029 32830 0.5000007 141992 52486 4 2 310040.64 9.3867431 22.1003 24.206625 141 596041 157092 25640 181 0 0 0 0 0 0 553 155508 10400
24.213375 -0.194824 -0.130007 6.0003 32831 0.5000007 141810 52394 5 2 309444.41 9.3867431 22.1003 24.213375 129 591289 154511 25589 182 0 0 0 0 0 0 553 155307 10380
24.22 -0.194824 -0.129313 6.00032 32832 0.5000007 141832 52460 4 2 310428.19 9.3867431 22.1003 24.22 116 590356 152895 25513 183 0 0 0 0 0 0 553 155329 10413
24.226625 -0.194824 -0.128619 6.00033 32833 0.5000007 141850 52426 4 2 306820.99 9.3867431 22.1003 24.226625 112 588677 150728 25283 184 0 0 0 0 0 0 553 155359 10292
24.233375 -0.194824 -0.127912 6.00035 32834 0.5000007 141895 52436 5 2 305330.41 9.3867431 22.1003 24.233375 101 586178 149344 25046 185 0 0 0 0 0 0 553 155400 10242
24.24 -0.194824 -0.127219 6.00036 32835 0.5000007 141856 52444 4 2 305628.52 9.3867431 22.1003 24.24 95 582897 147742 24914 186 0 0 0 0 0 0 553 155365 10252
24.246625 -0.194824 -0.126525 6.00038 32836 0.5000007 141778 52412 4 2 307625.9 9.3867431 22.1003 24.246625 92 580209 145672 25021 187 0 0 0 0 0 0 553 155296 10319
24.253375 -0.194824 -0.125818 6.00039 32837 0.5000007 141902 52502 4 2 304406.25 9.3867431 22.1003 24.253375 84 579593 144423 24971 188 0 0 0 0 0 0 553 155405 10211
24.26 -0.194824 -0.125124 6.00041 32838 0.5000007 141881 52455 4 2 308460.63 9.3867431 22.1003 24.26 80 577583 144078 24998 189 0 0 0 0 0 0 553 155380 10347
24.266625 -0.194824 -0.12443 6.00042 32839 0.5000007 141905 52461 5 2 302080.94 9.3867431 22.1003 24.266625 81 574675 142374 24809 190 0 0 0 0 0 0 553 155407 10133
24.273375 -0.194824 -0.123723 6.00044 32840 0.5000007 141884 52478 4 2 294806.91 9.3867431 22.1003 24.273375 74 573247 140432 24394 191 0 0 0 0 0 0 553 155386 9889
24.28 -0.194824 -0.123029 6.00045 32841 0.5000007 141789 52421 5 2 304227.38 9.3867431 22.1003 24.28 85 572264 140462 24761 192 0 0 0 0 0 0 553 155297 10205
24.286625 -0.194824 -0.122336 6.00047 32842 0.5000007 141921 52537 4 2 300471.12 9.3867431 22.1003 24.286625 131 571396 139780 24779 193 0 0 0 0 0 0 553 155443 10079
24.293375 -0.194824 -0.121629 6.00048 32843 0.5000007 141789 52376 5 2 290245.74 9.3867431 22.1003 24.293375 275 568858 138598 24675 194 0 0 0 0 0 0 553 155309 9736
24.3 -0.194824 -0.120935 6.00049 32844 0.5000007 141840 52382 4 2 289709.13 9.3867431 22.1003 24.3 497 570491 139204 24663 195 0 0 0 0 0 0 553 155341 9718
24.306625 -0.194824 -0.120241 6.00051 32845 0.5000007 141835 52377 4 2 302587.74 9.3867431 22.1003 24.306625 540 568077 139248 25678 196 0 0 0 0 0 0 553 155358 10150
24.313375 -0.194824 -0.119534 6.00052 32846 0.5000007 141816 52339 4 2 291020.84 9.3867431 22.1003 24.313375 288 566453 137160 24651 197 0 0 0 0 0 0 553 155310 9762
24.32 -0.194824 -0.11884 6.00054 32847 0.5000007 141866 52476 4 2 291408.39 9.3867431 22.1003 24.32 159 565155 136188 24437 198 0 0 0 0 0 0 553 155373 9775
24.326625 -0.194824 -0.118147 6.00055 32848 0.5000007 141725 52402 4 2 284193.98 9.3867431 22.1003 24.326625 89 562416 134554 23911 199 0 0 0 0 0 0 553 155232 9533
24.333375 -0.194824 -0.11744 6.00056 32849 0.5000007 141767 52395 5 2 288307.98 9.3867431 22.1003 24.333375 129 561390 133976 23680 200 0 0 0 0 0 0 553 155293 9671
24.34 -0.194824 -0.116746 6.00058 32850 0.5000007 141814 52415 5 2 286757.78 9.3867431 22.1003 24.34 186 562226 134152 23684 201 0 0 0 0 0 0 553 155339 9619
24.346625 -0.194824 -0.116052 6.00059 32851 0.5000007 141749 52377 4 2 281898.49 9.3867431 22.1003 24.346625 260 561496 134761 23507 202 0 0 0 0 0 0 553 155261 9456
24.353375 -0.194824 -0.115345 6.0006 32852 0.5000007 141664 52326 5 2 287980.06 9.3867431 22.1003 24.353375 509 561697 135742 23265 203 0 0 0 0 0 0 553 155169 9660
24.36 -0.194824 -0.114651 6.00062 32853 0.5000007 141695 52327 5 2 291795.94 9.3867431 22.1003 24.36 1143 565289 140928 23537 204 0 0 0 0 0 0 553 155215 9788
24.366625 -0.194824 -0.113957 6.00063 32854 0.5000007 141788 52372 4 2 287503.07 9.3867431 22.1003 24.366625 2575 575336 151174 23170 205 0 0 0 0 0 0 553 155302 9644
24.373375 -0.194824 -0.11325 6.00064 32855 0.5000007 141745 52349 5 2 282554.34 9.3867431 22.1003 24.373375 5463 588204 163120 22960 206 0 0 0 0 0 0 553 155257 9478
24.38 -0.194824 -0.112557 6.00066 32856 0.5000007 141695 52299 4 2 284730.59 9.3867431 22.1003 24.38 5859 593453 167583 23023 207 0 0 0 0 0 0 553 155195 9551
24.386625 -0.194824 -0.111863 6.00067 32857 0.5000007 141693 52316 4 2 284343.04 9.3867431 22.1003 24.386625 5218 584933 160839 22797 208 0 0 0 0 0 0 553 155204 9538
24.393375 -0.194824 -0.111156 6.00068 32858 0.5000007 141713 52337 5 2 278380.72 9.3867431 22.1003 24.393375 3174 570985 147491 22777 209 0 0 0 0 0 0 553 155244 9338
24.4 -0.194824 -0.110462 6.0007 32859 0.5000007 141676 52287 5 2 279364.5 9.3867431 22.1003 24.4 1402 561189 138000 22706 210 0 0 0 0 0 0 553 155174 9371
24.406625 -0.194824 -0.109768 6.00071 32860 0.5000007 141662 52328 3 2 276532.4 9.3867431 22.1003 24.406625 661 554418 132286 22546 211 0 0 0 0 0 0 553 155166 9276
24.413375 -0.194824 -0.109061 6.00072 32861 0.5000007 141687 52328 4 2 275369.75 9.3867431 22.1003 24.413375 260 550350 129179 22386 212 0 0 0 0 0 0 553 155197 9237
24.42 -0.194824 -0.108367 6.00073 32862 0.5000007 141734 52334 4 2 276234.29 9.3867431 22.1003 24.42 156 549048 127696 22250 213 0 0 0 0 0 0 553 155275 9266
24.426625 -0.194824 -0.107673 6.00075 32863 0.5000007 141696 52323 5 2 279066.39 9.3867431 22.1003 24.426625 149 548470 127168 22672 214 0 0 0 0 0 0 553 155201 9361
24.433375 -0.194824 -0.106966 6.00076 32864 0.5000007 141735 52332 5 2 278022.98 9.3867431 22.1003 24.433375 176 548017 127000 22332 215 0 0 0 0 0 0 553 155250 9326
24.44 -0.194824 -0.106273 6.00077 32865 0.5000007 141726 52316 4 2 274236.91 9.3867431 22.1003 24.44 222 548268 126565 22306 216 0 0 0 0 0 0 553 155228 9199
24.446625 -0.194824 -0.105579 6.00078 32866 0.5000007 141612 52255 5 2 277963.36 9.3867431 22.1003 24.446625 328 546194 126682 22401 217 0 0 0 0 0 0 553 155108 9324
24.453375 -0.194824 -0.104872 6.0008 32867 0.5000007 141650 52270 5 2 271971.23 9.3867431 22.1003 24.453375 503 545970 126633 22179 218 0 0 0 0 0 0 553 155155 9123
24.46 -0.194824 -0.104178 6.00081 32868 0.5000007 141679 52304 5 2 272865.57 9.3867431 22.1003 24.46 764 545579 127215 22152 219 0 0 0 0 0 0 553 155203 9153
24.466625 -0.194824 -0.103484 6.00082 32869 0.5000007 141609 52261 5 2 274445.59 9.3867431 22.1003 24.466625 1091 547191 129329 22402 220 0 0 0 0 0 0 553 155116 9206
24.473375 -0.194824 -0.102777 6.00083 32870 0.5000007 141661 52315 5 2 274147.47 9.3867431 22.1003 24.473375 1381 548171 129992 22055 221 0 0 0 0 0 0 553 155211 9196
24.48 -0.194824 -0.102083 6.00084 32871 0.5000007 141542 52210 4 2 269884.41 9.3867431 22.1003 24.48 2151 550643 131989 22064 222 0 0 0 0 0 0 553 155056 9053
24.486625 -0.194824 -0.101389 6.00086 32872 0.5000007 141576 52227 5 2 264607.76 9.3867431 22.1003 24.486625 3112 550293 133675 21686 223 0 0 0 0 0 0 553 155113 8876
24.493375 -0.194824 -0.100682 6.00087 32873 0.5000007 141583 52234 5 2 269437.24 9.3867431 22.1003 24.493375 3334 550828 134753 21890 224 0 0 0 0 0 0 553 155097 9038
24.5 -0.194824 -0.0999886 6.00088 32874 0.5000007 141557 52238 5 2 266843.63 9.3867431 22.1003 24.5 3969 552590 135810 21729 225 0 0 0 0 0 0 553 155053 8951
24.506625 -0.194824 -0.0992947 6.00089 32875 0.5000007 141580 52249 4 2 270510.46 9.3867431 22.1003 24.506625 4843 551598 135959 21626 226 0 0 0 0 0 0 553 155085 9074
24.513375 -0.194824 -0.0985877 6.0009 32876 0.5000007 141544 52263 4 2 270212.34 9.3867431 22.1003 24.513375 3686 549074 134210 21865 227 0 0 0 0 0 0 553 155049 9064
24.52 -0.194824 -0.0978938 6.00091 32877 0.5000007 141541 52213 4 2 268513.08 9.3867431 22.1003 24.52 3540 545143 132409 21631 228 0 0 0 0 0 0 553 155047 9007
24.526625 -0.194824 -0.0972 6.00092 32878 0.5000007 141678 52326 5 2 266694.57 9.3867431 22.1003 24.526625 2979 544719 129151 21470 229 0 0 0 0 0 0 553 155197 8946
24.533375 -0.194824 -0.096493 6.00094 32879 0.5000007 141461 52208 5 2 266634.95 9.3867431 22.1003 24.533375 1714 539881 126519 21545 230 0 0 0 0 0 0 553 154959 8944
24.54 -0.194824 -0.0957991 6.00095 32880 0.5000007 141570 52223 4 2 263117.18 9.3867431 22.1003 24.54 1406 538057 124616 21354 231 0 0 0 0 0 0 553 155078 8826
24.546625 -0.194824 -0.0951052 6.00096 32881 0.5000007 141524 52193 5 2 265800.23 9.3867431 22.1003 24.546625 734 534340 122181 21587 232 0 0 0 0 0 0 553 155034 8916
24.553375 -0.194824 -0.0943983 6.00097 32882 0.5000007 141558 52250 5 2 262222.83 9.3867431 22.1003 24.553375 375 535291 121292 21311 233 0 0 0 0 0 0 553 155087 8796
24.56 -0.194824 -0.0937044 6.00098 32883 0.5000007 141620 52330 5 2 262610.38 9.3867431 22.1003 24.56 233 533259 120597 21421 234 0 0 0 0 0 0 553 155133 8809
24.566625 -0.194824 -0.0930105 6.00099 32884 0.5000007 141466 52187 4 2 264428.89 9.3867431 22.1003 24.566625 162 532009 118948 21495 235 0 0 0 0 0 0 553 154985 8870
24.573375 -0.194824 -0.0923035 6.001 32885 0.5000007 141547 52268 5 2 260911.12 9.3867431 22.1003 24.573375 112 531920 119357 21512 236 0 0 0 0 0 0 553 155055 8752
24.58 -0.194824 -0.0916097 6.00101 32886 0.5000007 141601 52282 5 2 264399.08 9.3867431 22.1003 24.58 95 530044 118606 21302 237 0 0 0 0 0 0 553 155102 8869
24.586625 -0.194824 -0.0909158 6.00102 32887 0.5000007 141538 52241 5 2 260821.69 9.3867431 22.1003 24.586625 111 530086 118265 21416 238 0 0 0 0 0 0 553 155050 8749
24.593375 -0.194824 -0.0902088 6.00103 32888 0.5000007 141532 52245 6 2 260493.76 9.3867431 22.1003 24.593375 83 527800 117506 21098 239 0 0 0 0 0 0 553 155041 8738
24.6 -0.194824 -0.0895149 6.00104 32889 0.5000007 141468 52208 4 2 256439.38 9.3867431 22.1003 24.6 85 527703 116796 20963 240 0 0 0 0 0 0 553 154974 8602
24.606625 -0.194824 -0.088821 6.00105 32889 0.5000007 141509 52228 4 2 258496.38 9.3867431 22.1003 24.606625 86 528242 117100 21052 241 0 0 0 0 0 0 553 155007 8671
24.613375 -0.194824 -0.088114 6.00107 32890 0.5000007 141438 52163 4 2 260136.02 9.3867431 22.1003 24.613375 74 527573 116628 21011 242 0 0 0 0 0 0 553 154954 8726
24.62 -0.194824 -0.0874201 6.00108 32891 0.5000007 141451 52169 5 2 258287.7 9.3867431 22.1003 24.62 76 526684 116831 20997 243 0 0 0 0 0 0 553 154966 8664
24.626625 -0.194824 -0.0867262 6.00109 32892 0.5000007 141446 52218 4 2 258943.56 9.3867431 22.1003 24.626625 80 525371 116162 20868 244 0 0 0 0 0 0 553 154976 8686
24.633375 -0.194824 -0.0860193 6.0011 32893 0.5000007 141473 52204 5 2 260046.59 9.3867431 22.1003 24.633375 79 525163 116347 21097 245 0 0 0 0 0 0 553 154980 8723
24.64 -0.194824 -0.0853254 6.00111 32894 0.5000007 141433 52173 4 2 258824.31 9.3867431 22.1003 24.64 78 525110 115864 20903 246 0 0 0 0 0 0 553 154938 8682
24.646625 -0.194824 -0.0846315 6.00112 32895 0.5000007 141428 52145 4 2 253637.09 9.3867431 22.1003 24.646625 82 524351 115655 20683 247 0 0 0 0 0 0 553 154945 8508
24.653375 -0.194824 -0.0839245 6.00113 32896 0.5000007 141358 52110 5 2 258406.95 9.3867431 22.1003 24.653375 81 524702 115881 20818 248 0 0 0 0 0 0 553 154886 8668
24.66 -0.194824 -0.0832306 6.00113 32897 0.5000007 141366 52137 4 2 257929.96 9.3867431 22.1003 24.66 81 523041 115714 20753 249 0 0 0 0 0 0 553 154859 8652
24.666625 -0.194824 -0.0825367 6.00114 32898 0.5000007 141458 52201 4 2 258257.89 9.3867431 22.1003 24.666625 88 523505 115789 21113 250 0 0 0 0 0 0 553 154965 8663
24.673375 -0.194824 -0.0818297 6.00115 32899 0.5000007 141337 52088 4 2 251699.34 9.3867431 22.1003 24.673375 70 522348 114826 20691 251 0 0 0 0 0 0 553 154848 8443
24.68 -0.194824 -0.0811358 6.00116 32900 0.5000007 141336 52110 4 2 253815.96 9.3867431 22.1003 24.68 93 521980 114898 20623 252 0 0 0 0 0 0 553 154844 8514
24.686625 -0.194824 -0.0804419 6.00117 32901 0.5000007 141513 52243 5 2 250715.56 9.3867431 22.1003 24.686625 70 522297 115101 20433 253 0 0 0 0 0 0 553 155031 8410
24.693375 -0.194824 -0.0797349 6.00118 32902 0.5000007 141397 52115 4 2 253815.96 9.3867431 22.1003 24.693375 83 521412 114674 20589 254 0 0 0 0 0 0 553 154901 8514
24.7 -0.194824 -0.079041 6.00119 32903 0.5000007 141483 52162 6 2 252534.06 9.3867431 22.1003 24.7 93 522056 114991 20696 255 0 0 0 0 0 0 553 154995 8471
24.706625 -0.194824 -0.0783471 6.0012 32904 0.5000007 141414 52136 5 2 251967.64 9.3867431 22.1003 24.706625 82 521788 114811 20683 256 0 0 0 0 0 0 553 154914 8452
24.713375 -0.194824 -0.0776401 6.00121 32905 0.5000007 141332 52089 4 2 261000.56 9.3867431 22.1003 24.713375 76 521159 114653 20678 257 0 0 0 0 0 0 553 154845 8755
24.72 -0.194824 -0.0769462 6.00122 32906 0.5000007 141429 52143 4 2 253666.9 9.3867431 22.1003 24.72 76 520534 114809 20565 258 0 0 0 0 0 0 553 154953 8509
24.726625 -0.194824 -0.0762522 6.00123 32907 0.5000007 141346 52107 5 2 245140.79 9.3867431 22.1003 24.726625 81 518561 113326 20285 259 0 0 0 0 0 0 553 154866 8223
24.733375 -0.194824 -0.0755452 6.00124 32908 0.5000007 141315 52058 4 2 255485.41 9.3867431 22.1003 24.733375 82 520356 113865 20624 260 0 0 0 0 0 0 553 154825 8570
24.74 -0.194824 -0.0748513 6.00125 32909 0.5000007 141296 52052 4 2 252802.37 9.3867431 22.1003 24.74 65 518223 113746 20405 261 0 0 0 0 0 0 553 154815 8480
24.746625 -0.194824 -0.0741574 6.00125 32910 0.5000007 141165 51981 4 2 252712.93 9.3867431 22.1003 24.746625 82 517794 113636 20398 262 0 0 0 0 0 0 553 154667 8477
24.753375 -0.194824 -0.0734504 6.00126 32911 0.5000007 141383 52098 5 2 253875.59 9.3867431 22.1003 24.753375 82 517748 113733 20556 263 0 0 0 0 0 0 553 154895 8516
24.76 -0.194824 -0.0727565 6.00127 32912 0.5000007 141297 52003 5 2 252772.56 9.3867431 22.1003 24.76 82 517652 113442 20421 264 0 0 0 0 0 0 553 154814 8479
24.766625 -0.194824 -0.0720626 6.00128 32913 0.5000007 141260 51998 5 2 256588.44 9.3867431 22.1003 24.766625 96 517716 113164 20483 265 0 0 0 0 0 0 553 154761 8607
24.773375 -0.194824 -0.0713556 6.00129 32914 0.5000007 141186 52020 4 2 250715.56 9.3867431 22.1003 24.773375 78 516560 113605 20449 266 0 0 0 0 0 0 553 154689 8410
24.78 -0.194824 -0.0706617 6.0013 32915 0.5000007 141061 51963 4 2 249135.54 9.3867431 22.1003 24.78 81 515535 112983 20150 267 0 0 0 0 0 0 553 154330 8357
24.786625 -0.194824 -0.0699677 6.0013 32916 0.5000007 141291 52016 4 2 251788.77 9.3867431 22.1003 24.786625 86 517245 113039 20291 268 0 0 0 0 0 0 553 154796 8446
24.793375 -0.194824 -0.0692607 6.00131 32917 0.5000007 141301 52074 5 2 248837.43 9.3867431 22.1003 24.793375 85 515590 112759 20254 269 0 0 0 0 0 0 553 154811 8347
24.8 -0.194824 -0.0685668 6.00132 32918 0.5000007 141257 52028 5 2 250119.32 9.3867431 22.1003 24.8 85 515029 112899 20318 270 0 0 0 0 0 0 553 154775 8390
24.806625 -0.194824 -0.0678729 6.00133 32919 0.5000007 141261 52001 5 2 246541.93 9.3867431 22.1003 24.806625 88 514859 112615 20209 271 0 0 0 0 0 0 553 154756 8270
24.813375 -0.194824 -0.0671659 6.00134 32920 0.5000007 141322 52007 5 2 248002.7 9.3867431 22.1003 24.813375 78 515438 112810 20268 272 0 0 0 0 0 0 553 154839 8319
24.82 -0.194824 -0.0664719 6.00134 32921 0.5000007 141254 51976 5 2 249314.41 9.3867431 22.1003 24.82 77 514656 112785 20309 273 0 0 0 0 0 0 553 154781 8363
24.826625 -0.194824 -0.065778 6.00135 32922 0.5000007 141201 51924 4 2 247734.4 9.3867431 22.1003 24.826625 76 514236 112118 20086 274 0 0 0 0 0 0 553 154739 8310
24.833375 -0.194824 -0.065071 6.00136 32923 0.5000007 141098 51839 4 2 251401.22 9.3867431 22.1003 24.833375 80 512885 112073 20230 275 0 0 0 0 0 0 553 154612 8433
24.84 -0.194824 -0.0643771 6.00137 32924 0.5000007 141105 51878 4 2 251520.47 9.3867431 22.1003 24.84 78 514558 112378 20298 276 0 0 0 0 0 0 553 154627 8437
24.846625 -0.194824 -0.0636831 6.00137 32925 0.5000007 141147 51905 5 2 250954.05 9.3867431 22.1003 24.846625 85 513598 112777 20287 277 0 0 0 0 0 0 553 154660 8418
24.853375 -0.194824 -0.0629761 6.00138 32926 0.5000007 141055 51845 4 2 246035.13 9.3867431 22.1003 24.853375 88 512674 112172 20058 278 0 0 0 0 0 0 553 154563 8253
24.86 -0.194824 -0.0622822 6.00139 32927 0.5000007 140981 51805 4 2 248241.19 9.3867431 22.1003 24.86 84 511687 111657 20023 279 0 0 0 0 0 0 553 154511 8327
24.866625 -0.194824 -0.0615883 6.0014 32928 0.5000007 141026 51831 4 2 249552.9 9.3867431 22.1003 24.866625 87 511943 112029 20171 280 0 0 0 0 0 0 553 154555 8371
24.873375 -0.194824 -0.0608812 6.0014 32929 0.5000007 141001 51815 4 2 247972.89 9.3867431 22.1003 24.873375 90 511742 111648 20070 281 0 0 0 0 0 0 553 154518 8318
24.88 -0.194824 -0.0601873 6.00141 32930 0.5000007 141035 51828 4 2 250149.14 9.3867431 22.1003 24.88 85 512716 111874 20445 282 0 0 0 0 0 0 553 154549 8391
24.886625 -0.194824 -0.0594934 6.00142 32931 0.5000007 140973 51806 4 2 245915.89 9.3867431 22.1003 24.886625 97 510530 111289 20056 283 0 0 0 0 0 0 553 154488 8249
24.893375 -0.194824 -0.0587864 6.00142 32932 0.5000007 140983 51785 4 2 248420.06 9.3867431 22.1003 24.893375 76 509996 111845 20017 284 0 0 0 0 0 0 553 154507 8333
24.9 -0.194824 -0.0580924 6.00143 32933 0.5000007 140955 51746 4 2 250685.74 9.3867431 22.1003 24.9 84 510034 111063 20109 285 0 0 0 0 0 0 553 154481 8409
24.906625 -0.194824 -0.0573985 6.00144 32934 0.5000007 141047 51790 4 2 251013.67 9.3867431 22.1003 24.906625 83 511283 111965 20291 286 0 0 0 0 0 0 553 154575 8420
24.913375 -0.194824 -0.0566915 6.00144 32935 0.5000007 140871 51726 5 2 248121.95 9.3867431 22.1003 24.913375 86 509906 111881 20017 287 0 0 0 0 0 0 553 154392 8323
24.92 -0.194824 -0.0559975 6.00145 32936 0.5000007 140839 51695 6 2 243620.4 9.3867431 22.1003 24.92 71 509022 111222 19962 288 0 0 0 0 0 0 553 154379 8172
24.926625 -0.194824 -0.0553036 6.00146 32937 0.5000007 140820 51634 5 2 244484.93 9.3867431 22.1003 24.926625 81 509059 111225 19946 289 0 0 0 0 0 0 553 154347 8201
24.933375 -0.194824 -0.0545966 6.00146 32938 0.5000007 140820 51640 4 2 252355.19 9.3867431 22.1003 24.933375 94 508493 110846 20327 290 0 0 0 0 0 0 553 154347 8465
24.94 -0.194824 -0.0539026 6.00147 32939 0.5000007 140868 51647 4 2 244902.29 9.3867431 22.1003 24.94 97 508886 110809 19987 291 0 0 0 0 0 0 553 154425 8215
24.946625 -0.194824 -0.0532087 6.00148 32940 0.5000007 140699 51576 4 2 249016.29 9.3867431 22.1003 24.946625 81 508576 110851 19976 292 0 0 0 0 0 0 553 154211 8353
24.953375 -0.194824 -0.0525016 6.00148 32941 0.5000007 140746 51601 4 2 241384.53 9.3867431 22.1003 24.953375 78 507492 110501 19873 293 0 0 0 0 0 0 553 154264 8097
24.96 -0.194824 -0.0518077 6.00149 32941 0.5000007 140645 51537 4 2 240818.1 9.3867431 22.1003 24.96 76 505917 110153 19803 294 0 0 0 0 0 0 553 154168 8078
24.966625 -0.194824 -0.0511138 6.00149 32943 0.5000007 140651 51485 4 2 244306.06 9.3867431 22.1003 24.966625 97 505687 110345 19933 295 0 0 0 0 0 0 553 154180 8195
24.973375 -0.194824 -0.0504067 6.0015 32944 0.5000007 140718 51568 5 2 242904.92 9.3867431 22.1003 24.973375 70 507706 110693 19785 296 0 0 0 0 0 0 553 154253 8148
24.98 -0.194824 -0.0497128 6.00151 32945 0.5000007 140633 51496 5 2 246512.12 9.3867431 22.1003 24.98 84 504989 110429 19842 297 0 0 0 0 0 0 553 154167 8269
24.986625 -0.194824 -0.0490188 6.00151 32946 0.5000007 140626 51529 4 2 244663.8 9.3867431 22.1003 24.986625 95 505645 110034 19581 298 0 0 0 0 0 0 553 154165 8207
24.993375 -0.194824 -0.0483118 6.00152 32947 0.5000007 140556 51443 4 2 243083.79 9.3867431 22.1003 24.993375 86 505542 110082 19755 299 0 0 0 0 0 0 553 154085 8154
25 -0.194824 -0.0476179 6.00152 32948 0.5000007 140588 51424 5 2 242904.92 9.3867431 22.1003 25 85 505168 110072 19916 300 0 0 0 0 0 0 553 154141 8148
