Eta  H  K  L  Epoch  Sec  ion1  Hubmon  scan_bar  Filters  Correct  Qmag  Energy  Graze  p_peak  p_total  p_del_s  p_nu_s  p_image  p_xcen  p_xsig  p_ycen  p_ysig  power  tempsp  gun_on  ion0  p_point
22.4 0.194824 -0.319816 5.99318 21654 0.5000007 141800 52057 3 2 247674.77 9.3867431 22.1003 22.4 47 520020 113093 20173 0 0 0 0 0 0 0 553 155607 8308
22.406625 0.194824 -0.319123 5.99322 21655 0.5000007 141773 52045 4 2 247585.34 9.3867431 22.1003 22.406625 54 520887 113635 20515 1 0 0 0 0 0 0 553 155613 8305
22.413375 0.194824 -0.318417 5.99326 21656 0.5000007 141847 52084 4 2 248092.14 9.3867431 22.1003 22.413375 50 520973 113418 20344 2 0 0 0 0 0 0 553 155667 8322
22.42 0.194824 -0.317724 5.9933 21657 0.5000007 141726 52000 5 2 249165.35 9.3867431 22.1003 22.42 51 520421 113257 20275 3 0 0 0 0 0 0 553 155553 8358
22.426625 0.194824 -0.317031 5.99333 21658 0.5000007 141818 52065 5 2 250834.8 9.3867431 22.1003 22.426625 50 520405 113641 20348 4 0 0 0 0 0 0 553 155655 8414
22.433375 0.194824 -0.316325 5.99337 21659 0.5000007 141726 52010 5 2 255008.43 9.3867431 22.1003 22.433375 55 519994 113466 20516 5 0 0 0 0 0 0 553 155550 8554
22.44 0.194824 -0.315632 5.99341 21660 0.5000007 141808 52079 5 2 252802.37 9.3867431 22.1003 22.44 51 521297 113521 20488 6 0 0 0 0 0 0 553 155638 8480
22.446625 0.194824 -0.314939 5.99344 21661 0.5000007 141615 51897 4 2 250864.61 9.3867431 22.1003 22.446625 59 520139 113771 20513 7 0 0 0 0 0 0 553 155468 8415
22.453375 0.194824 -0.314233 5.99348 21662 0.5000007 141740 52030 4 2 248509.5 9.3867431 22.1003 22.453375 53 521250 113362 20327 8 0 0 0 0 0 0 553 155563 8336
22.46 0.194824 -0.31354 5.99352 21663 0.5000007 141778 51990 5 2 255932.59 9.3867431 22.1003 22.46 51 521823 113857 20724 9 0 0 0 0 0 0 553 155642 8585
22.466625 0.194824 -0.312847 5.99355 21664 0.5000007 141708 51984 4 2 252742.74 9.3867431 22.1003 22.466625 53 521172 113624 20547 10 0 0 0 0 0 0 553 155532 8478
22.473375 0.194824 -0.312141 5.99359 21665 0.5000007 141753 52011 4 2 249791.4 9.3867431 22.1003 22.473375 53 522350 114157 20384 11 0 0 0 0 0 0 553 155573 8379
22.48 0.194824 -0.311447 5.99363 21666 0.5000007 141740 52013 5 2 249821.21 9.3867431 22.1003 22.48 54 522059 114122 20394 12 0 0 0 0 0 0 553 155570 8380
22.486625 0.194824 -0.310754 5.99366 21667 0.5000007 141760 52030 4 2 258168.46 9.3867431 22.1003 22.486625 50 522643 113635 20486 13 0 0 0 0 0 0 553 155607 8660
22.493375 0.194824 -0.310048 5.9937 21668 0.5000007 141811 52099 4 2 258168.46 9.3867431 22.1003 22.493375 50 522643 113635 20486 14 0 0 0 0 0 0 553 155640 8660
22.5 0.194824 -0.309355 5.99373 21669 0.5000007 141763 51998 4 2 247823.83 9.3867431 22.1003 22.5 51 522578 113280 20294 15 0 0 0 0 0 0 553 155591 8313
22.506625 0.194824 -0.308662 5.99377 21670 0.5000007 141786 52040 4 2 253011.05 9.3867431 22.1003 22.506625 52 522899 113950 20456 16 0 0 0 0 0 0 553 155624 8487
22.513375 0.194824 -0.307956 5.99381 21671 0.5000007 141755 52003 4 2 250834.8 9.3867431 22.1003 22.513375 52 522611 113921 20471 17 0 0 0 0 0 0 553 155578 8414
22.52 0.194824 -0.307263 5.99384 21672 0.5000007 141750 52034 4 2 251818.59 9.3867431 22.1003 22.52 56 522525 113557 20433 18 0 0 0 0 0 0 553 155593 8447
22.526625 0.194824 -0.30657 5.99388 21673 0.5000007 141768 52019 4 2 249642.34 9.3867431 22.1003 22.526625 53 523105 114321 20623 19 0 0 0 0 0 0 553 155591 8374
22.533375 0.194824 -0.305864 5.99391 21673 0.5000007 141742 52009 4 2 249701.96 9.3867431 22.1003 22.533375 50 521419 113560 20478 20 0 0 0 0 0 0 553 155565 8376
22.54 0.194824 -0.305171 5.99395 21675 0.5000007 141789 52061 6 2 252981.24 9.3867431 22.1003 22.54 54 524567 114539 20644 21 0 0 0 0 0 0 553 155615 8486
22.546625 0.194824 -0.304478 5.99398 21676 0.5000007 141768 52019 4 2 252146.51 9.3867431 22.1003 22.546625 50 523647 114142 20476 22 0 0 0 0 0 0 553 155600 8458
22.553375 0.194824 -0.303772 5.99402 21677 0.5000007 141805 52051 5 2 256230.7 9.3867431 22.1003 22.553375 50 524163 113808 20714 23 0 0 0 0 0 0 553 155634 8595
22.56 0.194824 -0.303079 5.99405 21678 0.5000007 141783 52088 4 2 252206.14 9.3867431 22.1003 22.56 53 523628 114243 20602 24 0 0 0 0 0 0 553 155588 8460
22.566625 0.194824 -0.302385 5.99409 21679 0.5000007 141872 52127 4 2 251252.16 9.3867431 22.1003 22.566625 50 524593 114456 20534 25 0 0 0 0 0 0 553 155702 8428
22.573375 0.194824 -0.301679 5.99413 21680 0.5000007 141802 52074 4 2 254471.82 9.3867431 22.1003 22.573375 50 524896 114751 20686 26 0 0 0 0 0 0 553 155635 8536
22.58 0.194824 -0.300986 5.99416 21681 0.5000007 141921 52096 3 2 253160.11 9.3867431 22.1003 22.58 52 524900 114412 20591 27 0 0 0 0 0 0 553 155737 8492
22.586625 0.194824 -0.300293 5.99419 21682 0.5000007 141722 52050 4 2 258585.82 9.3867431 22.1003 22.586625 50 524202 114178 20921 28 0 0 0 0 0 0 553 155549 8674
22.593375 0.194824 -0.299587 5.99423 21682 0.5000007 141864 52089 4 2 256946.18 9.3867431 22.1003 22.593375 56 525585 114734 20706 29 0 0 0 0 0 0 553 155700 8619
22.6 0.194824 -0.298894 5.99426 21683 0.5000007 141876 52097 4 2 260076.4 9.3867431 22.1003 22.6 49 526003 115166 20976 30 0 0 0 0 0 0 553 155699 8724
22.606625 0.194824 -0.298201 5.9943 21684 0.5000007 141843 52082 4 2 250149.14 9.3867431 22.1003 22.606625 51 525653 114144 20517 31 0 0 0 0 0 0 553 155683 8391
22.613375 0.194824 -0.297495 5.99433 21685 0.5000007 141887 52129 5 2 255485.41 9.3867431 22.1003 22.613375 50 526225 114820 20788 32 0 0 0 0 0 0 553 155724 8570
22.62 0.194824 -0.296801 5.99437 21686 0.5000007 141904 52149 5 2 254382.38 9.3867431 22.1003 22.62 57 526989 115087 20648 33 0 0 0 0 0 0 553 155749 8533
22.626625 0.194824 -0.296108 5.9944 21687 0.5000007 141842 52097 5 2 257721.28 9.3867431 22.1003 22.626625 51 526597 115528 21005 34 0 0 0 0 0 0 553 155665 8645
22.633375 0.194824 -0.295402 5.99444 21688 0.5000007 141873 52111 4 2 260106.21 9.3867431 22.1003 22.633375 51 527716 115110 20733 35 0 0 0 0 0 0 553 155712 8725
22.64 0.194824 -0.294709 5.99447 21689 0.5000007 141808 52113 4 2 254173.7 9.3867431 22.1003 22.64 55 526391 114973 20642 36 0 0 0 0 0 0 553 155629 8526
22.646625 0.194824 -0.294016 5.99451 21690 0.5000007 141786 52068 5 2 250655.93 9.3867431 22.1003 22.646625 49 527260 114858 20565 37 0 0 0 0 0 0 553 155621 8408
22.653375 0.194824 -0.29331 5.99454 21691 0.5000007 141790 52100 5 2 255872.96 9.3867431 22.1003 22.653375 49 528391 115361 20923 38 0 0 0 0 0 0 553 155617 8583
22.66 0.194824 -0.292616 5.99457 21692 0.5000007 141791 52072 4 2 248241.19 9.3867431 22.1003 22.66 53 526721 115530 20650 39 0 0 0 0 0 0 553 155631 8327
22.666625 0.194824 -0.291923 5.99461 21693 0.5000007 141821 52086 5 2 248837.43 9.3867431 22.1003 22.666625 50 527765 114730 20421 40 0 0 0 0 0 0 553 155644 8347
22.673375 0.194824 -0.291217 5.99464 21694 0.5000007 141857 52128 4 2 258973.37 9.3867431 22.1003 22.673375 51 529018 115663 20864 41 0 0 0 0 0 0 553 155700 8687
22.68 0.194824 -0.290524 5.99468 21695 0.5000007 139348 51141 4 2 251043.48 9.3867431 22.1003 22.68 49 519355 113234 20591 42 0 0 0 0 0 0 553 153064 8421
22.686625 0.194824 -0.289831 5.99471 21696 0.5000007 142012 52207 4 2 254710.31 9.3867431 22.1003 22.686625 49 529880 116597 20816 43 0 0 0 0 0 0 553 155854 8544
22.693375 0.194824 -0.289125 5.99474 21697 0.5000007 142098 52224 5 2 263534.54 9.3867431 22.1003 22.693375 51 530715 116328 21141 44 0 0 0 0 0 0 553 155940 8840
22.7 0.194824 -0.288431 5.99478 21698 0.5000007 142078 52188 4 2 256946.18 9.3867431 22.1003 22.7 52 530650 115901 20741 45 0 0 0 0 0 0 553 155907 8619
22.706625 0.194824 -0.287738 5.99481 21699 0.5000007 142032 52171 5 2 263504.73 9.3867431 22.1003 22.706625 52 530830 116329 21061 46 0 0 0 0 0 0 553 155867 8839
22.713375 0.194824 -0.287032 5.99484 21700 0.5000007 141978 52177 4 2 263534.54 9.3867431 22.1003 22.713375 49 531007 116622 21224 47 0 0 0 0 0 0 553 155819 8840
22.72 0.194824 -0.286339 5.99488 21701 0.5000007 142101 52253 4 2 263534.54 9.3867431 22.1003 22.72 49 531197 116845 21192 48 0 0 0 0 0 0 553 155937 8840
22.726625 0.194824 -0.285646 5.99491 21702 0.5000007 142012 52148 4 2 261358.3 9.3867431 22.1003 22.726625 56 532055 116471 21145 49 0 0 0 0 0 0 553 155857 8767
22.733375 0.194824 -0.284939 5.99494 21703 0.5000007 141943 52138 4 2 262252.65 9.3867431 22.1003 22.733375 54 532386 117601 21187 50 0 0 0 0 0 0 553 155775 8797
22.74 0.194824 -0.284246 5.99498 21704 0.5000007 142039 52168 5 2 257244.3 9.3867431 22.1003 22.74 53 532128 116651 20878 51 0 0 0 0 0 0 553 155866 8629
22.746625 0.194824 -0.283553 5.99501 21705 0.5000007 141967 52100 5 2 263325.86 9.3867431 22.1003 22.746625 53 532364 116774 21085 52 0 0 0 0 0 0 553 155796 8833
22.753375 0.194824 -0.282847 5.99504 21706 0.5000007 141985 52184 5 2 260106.21 9.3867431 22.1003 22.753375 51 533587 116949 21040 53 0 0 0 0 0 0 553 155823 8725
22.76 0.194824 -0.282154 5.99508 21707 0.5000007 142012 52219 5 2 258466.57 9.3867431 22.1003 22.76 51 532109 116629 20852 54 0 0 0 0 0 0 553 155839 8670
22.766625 0.194824 -0.28146 5.99511 21708 0.5000007 142019 52176 5 2 257363.54 9.3867431 22.1003 22.766625 51 531441 116843 21178 55 0 0 0 0 0 0 553 155866 8633
22.773375 0.194824 -0.280754 5.99514 21709 0.5000007 141935 52112 4 2 263027.75 9.3867431 22.1003 22.773375 49 532489 117206 21288 56 0 0 0 0 0 0 553 155773 8823
22.78 0.194824 -0.280061 5.99517 21710 0.5000007 141845 52047 4 2 263653.79 9.3867431 22.1003 22.78 54 534250 117689 21108 57 0 0 0 0 0 0 553 155661 8844
22.786625 0.194824 -0.279368 5.99521 21711 0.5000007 141937 52135 5 2 261835.28 9.3867431 22.1003 22.786625 53 534522 117638 21212 58 0 0 0 0 0 0 553 155784 8783
22.793375 0.194824 -0.278661 5.99524 21712 0.5000007 141909 52128 4 2 264667.38 9.3867431 22.1003 22.793375 49 534176 116976 21231 59 0 0 0 0 0 0 553 155739 8878
22.8 0.194824 -0.277968 5.99527 21713 0.5000007 141986 52161 5 2 269794.98 9.3867431 22.1003 22.8 49 534862 117472 21504 60 0 0 0 0 0 0 553 155823 9050
22.806625 0.194824 -0.277275 5.9953 21714 0.5000007 141858 52066 5 2 264190.4 9.3867431 22.1003 22.806625 55 535176 117701 21526 61 0 0 0 0 0 0 553 155688 8862
22.813375 0.194824 -0.276569 5.99534 21715 0.5000007 141890 52082 5 2 261328.49 9.3867431 22.1003 22.813375 51 535131 117854 21241 62 0 0 0 0 0 0 553 155724 8766
22.82 0.194824 -0.275875 5.99537 21716 0.5000007 141851 52039 4 2 259539.79 9.3867431 22.1003 22.82 51 538612 119027 21251 63 0 0 0 0 0 0 553 155675 8706
22.826625 0.194824 -0.275182 5.9954 21717 0.5000007 141880 52064 4 2 260076.4 9.3867431 22.1003 22.826625 52 537272 118597 21542 64 0 0 0 0 0 0 553 155727 8724
22.833375 0.194824 -0.274476 5.99543 21718 0.5000007 141902 52118 5 2 267231.18 9.3867431 22.1003 22.833375 51 536862 119013 21600 65 0 0 0 0 0 0 553 155748 8964
22.84 0.194824 -0.273783 5.99546 21719 0.5000007 141821 52038 4 2 267767.79 9.3867431 22.1003 22.84 49 538182 118566 21699 66 0 0 0 0 0 0 553 155659 8982
22.846625 0.194824 -0.273089 5.9955 21720 0.5000007 141810 52016 4 2 265919.47 9.3867431 22.1003 22.846625 51 537760 118353 21480 67 0 0 0 0 0 0 553 155637 8920
22.853375 0.194824 -0.272383 5.99553 21721 0.5000007 141908 52078 4 2 262968.12 9.3867431 22.1003 22.853375 49 539482 119299 21619 68 0 0 0 0 0 0 553 155745 8821
22.86 0.194824 -0.27169 5.99556 21722 0.5000007 141830 52058 5 2 266307.02 9.3867431 22.1003 22.86 51 537756 118354 21518 69 0 0 0 0 0 0 553 155673 8933
22.866625 0.194824 -0.270996 5.99559 21723 0.5000007 141771 52013 5 2 268781.39 9.3867431 22.1003 22.866625 51 539646 118913 21526 70 0 0 0 0 0 0 553 155597 9016
22.873375 0.194824 -0.27029 5.99562 21724 0.5000007 141767 52003 5 2 269794.98 9.3867431 22.1003 22.873375 49 541604 119402 21864 71 0 0 0 0 0 0 553 155599 9050
22.88 0.194824 -0.269597 5.99565 21725 0.5000007 141679 51946 5 2 261447.73 9.3867431 22.1003 22.88 49 540744 119461 21462 72 0 0 0 0 0 0 553 155496 8770
22.886625 0.194824 -0.268904 5.99569 21726 0.5000007 141737 51968 5 2 269079.5 9.3867431 22.1003 22.886625 54 539793 119675 21815 73 0 0 0 0 0 0 553 155564 9026
22.893375 0.194824 -0.268197 5.99572 21727 0.5000007 141720 51937 4 2 271404.81 9.3867431 22.1003 22.893375 48 542181 120762 21801 74 0 0 0 0 0 0 553 155551 9104
22.9 0.194824 -0.267504 5.99575 21728 0.5000007 141774 51958 4 2 268185.15 9.3867431 22.1003 22.9 52 543770 121229 21995 75 0 0 0 0 0 0 553 155612 8996
22.906625 0.194824 -0.266811 5.99578 21729 0.5000007 141749 51998 5 2 267767.79 9.3867431 22.1003 22.906625 52 544293 120820 21871 76 0 0 0 0 0 0 553 155577 8982
22.913375 0.194824 -0.266104 5.99581 21730 0.5000007 141668 51909 5 2 270599.89 9.3867431 22.1003 22.913375 51 542637 120872 22031 77 0 0 0 0 0 0 553 155507 9077
22.92 0.194824 -0.265411 5.99584 21731 0.5000007 141724 51965 4 2 275459.18 9.3867431 22.1003 22.92 60 544472 121604 22272 78 0 0 0 0 0 0 553 155576 9240
22.926625 0.194824 -0.264718 5.99587 21732 0.5000007 141731 51994 5 2 277426.75 9.3867431 22.1003 22.926625 49 544655 121110 22222 79 0 0 0 0 0 0 553 155565 9306
22.933375 0.194824 -0.264011 5.9959 21732 0.5000007 141657 51898 4 2 274117.66 9.3867431 22.1003 22.933375 51 547170 122310 22231 80 0 0 0 0 0 0 553 155501 9195
22.94 0.194824 -0.263318 5.99593 21734 0.5000007 141662 51929 6 2 274624.46 9.3867431 22.1003 22.94 51 545559 121805 22209 81 0 0 0 0 0 0 553 155511 9212
22.946625 0.194824 -0.262625 5.99596 21734 0.5000007 141632 51901 4 2 275727.49 9.3867431 22.1003 22.946625 53 547969 122547 22317 82 0 0 0 0 0 0 553 155487 9249
22.953375 0.194824 -0.261918 5.99599 21735 0.5000007 141685 51934 5 2 276234.29 9.3867431 22.1003 22.953375 53 548294 123027 22535 83 0 0 0 0 0 0 553 155526 9266
22.96 0.194824 -0.261225 5.99602 21737 0.5000007 141558 51854 4 2 279781.87 9.3867431 22.1003 22.96 52 549076 123622 22565 84 0 0 0 0 0 0 553 155387 9385
22.966625 0.194824 -0.260532 5.99605 21738 0.5000007 141615 51867 4 2 279841.49 9.3867431 22.1003 22.966625 53 548428 123166 22571 85 0 0 0 0 0 0 553 155461 9387
22.973375 0.194824 -0.259825 5.99609 21739 0.5000007 141580 51819 5 2 283329.45 9.3867431 22.1003 22.973375 51 550275 124600 22842 86 0 0 0 0 0 0 553 155424 9504
22.98 0.194824 -0.259132 5.99612 21739 0.5000007 141622 51866 4 2 282613.97 9.3867431 22.1003 22.98 57 552534 125015 22904 87 0 0 0 0 0 0 553 155470 9480
22.986625 0.194824 -0.258439 5.99615 21740 0.5000007 141520 51801 4 2 285952.87 9.3867431 22.1003 22.986625 56 552528 124968 22913 88 0 0 0 0 0 0 553 155370 9592
22.993375 0.194824 -0.257732 5.99618 21741 0.5000007 141479 51797 4 2 284641.16 9.3867431 22.1003 22.993375 52 552291 125552 23017 89 0 0 0 0 0 0 553 155301 9548
23 0.194824 -0.257039 5.99621 21742 0.5000007 141544 51795 3 2 289679.32 9.3867431 22.1003 23 58 554093 126214 23483 90 0 0 0 0 0 0 553 155402 9717
23.006625 0.194824 -0.256346 5.99624 21743 0.5000007 141384 51739 5 2 292630.67 9.3867431 22.1003 23.006625 58 554853 126628 23645 91 0 0 0 0 0 0 553 155203 9816
23.013375 0.194824 -0.255639 5.99627 21744 0.5000007 141518 51807 5 2 290901.59 9.3867431 22.1003 23.013375 58 557594 127604 23642 92 0 0 0 0 0 0 553 155348 9758
23.02 0.194824 -0.254946 5.99629 21745 0.5000007 141568 51824 4 2 289917.81 9.3867431 22.1003 23.02 56 559052 128313 23681 93 0 0 0 0 0 0 553 155409 9725
23.026625 0.194824 -0.254253 5.99632 21746 0.5000007 141446 51744 5 2 293972.19 9.3867431 22.1003 23.026625 61 561180 129131 24008 94 0 0 0 0 0 0 553 155270 9861
23.033375 0.194824 -0.253546 5.99635 21747 0.5000007 141424 51751 5 2 299964.32 9.3867431 22.1003 23.033375 63 562384 130079 24147 95 0 0 0 0 0 0 553 155257 10062
23.04 0.194824 -0.252853 5.99638 21748 0.5000007 141483 51802 3 2 295999.38 9.3867431 22.1003 23.04 67 563540 131297 24380 96 0 0 0 0 0 0 553 155326 9929
23.046625 0.194824 -0.252159 5.99641 21749 0.5000007 141421 51744 4 2 303660.96 9.3867431 22.1003 23.046625 66 566522 132145 24705 97 0 0 0 0 0 0 553 155262 10186
23.053375 0.194824 -0.251453 5.99644 21750 0.5000007 141379 51683 4 2 308341.38 9.3867431 22.1003 23.053375 69 567848 134152 24774 98 0 0 0 0 0 0 553 155204 10343
23.06 0.194824 -0.25076 5.99647 21751 0.5000007 141451 51793 4 2 312276.51 9.3867431 22.1003 23.06 77 570801 135428 25234 99 0 0 0 0 0 0 553 155304 10475
23.066625 0.194824 -0.250066 5.9965 21752 0.5000007 141425 51720 5 2 314929.74 9.3867431 22.1003 23.066625 110 574377 138061 25679 100 0 0 0 0 0 0 553 155263 10564
23.073375 0.194824 -0.24936 5.99653 21753 0.5000007 141472 51781 4 2 318686 9.3867431 22.1003 23.073375 122 577696 139125 25740 101 0 0 0 0 0 0 553 155323 10690
23.08 0.194824 -0.248666 5.99656 21754 0.5000007 141363 51704 4 2 322382.64 9.3867431 22.1003 23.08 114 580384 140731 26097 102 0 0 0 0 0 0 553 155183 10814
23.086625 0.194824 -0.247973 5.99659 21755 0.5000007 140070 51221 3 2 329924.98 9.3867431 22.1003 23.086625 119 580251 142718 26471 103 0 0 0 0 0 0 553 153870 11067
23.093375 0.194824 -0.247267 5.99662 21756 0.5000007 141526 51806 5 2 341044.7 9.3867431 22.1003 23.093375 138 593204 147821 27185 104 0 0 0 0 0 0 553 155375 11440
23.1 0.194824 -0.246573 5.99664 21757 0.5000007 141495 51796 4 2 350256.49 9.3867431 22.1003 23.1 167 599539 151462 27879 105 0 0 0 0 0 0 553 155333 11749
23.106625 0.194824 -0.24588 5.99667 21758 0.5000007 141607 51821 4 2 356576.55 9.3867431 22.1003 23.106625 222 606904 156001 28444 106 0 0 0 0 0 0 553 155456 11961
23.113375 0.194824 -0.245173 5.9967 21759 0.5000007 141522 51753 4 2 363313.97 9.3867431 22.1003 23.113375 298 615734 161260 29263 107 0 0 0 0 0 0 553 155369 12187
23.12 0.194824 -0.24448 5.99673 21760 0.5000007 141669 51882 4 2 371750.65 9.3867431 22.1003 23.12 333 626252 168130 29852 108 0 0 0 0 0 0 553 155518 12470
23.126625 0.194824 -0.243787 5.99676 21761 0.5000007 141501 51806 3 2 388951.95 9.3867431 22.1003 23.126625 343 636081 177009 30892 109 0 0 0 0 0 0 553 155345 13047
23.133375 0.194824 -0.24308 5.99679 21762 0.5000007 141559 51828 5 2 392141.79 9.3867431 22.1003 23.133375 374 647435 186231 31489 110 0 0 0 0 0 0 553 155403 13154
23.14 0.194824 -0.242387 5.99682 21763 0.5000007 141467 51763 5 2 408657.41 9.3867431 22.1003 23.14 332 656917 197031 32669 111 0 0 0 0 0 0 553 155309 13708
23.146625 0.194824 -0.241693 5.99684 21764 0.5000007 141552 51776 5 2 426127.01 9.3867431 22.1003 23.146625 373 671353 211528 33987 112 0 0 0 0 0 0 553 155395 14294
23.153375 0.194824 -0.240987 5.99687 21765 0.5000007 141585 51800 5 2 442284.9 9.3867431 22.1003 23.153375 420 689613 229275 35387 113 0 0 0 0 0 0 553 155437 14836
23.16 0.194824 -0.240293 5.9969 21766 0.5000007 141443 51742 4 2 458472.6 9.3867431 22.1003 23.16 556 708762 250743 36408 114 0 0 0 0 0 0 553 155301 15379
23.166625 0.194824 -0.2396 5.99693 21767 0.5000007 141576 51824 5 2 477462.59 9.3867431 22.1003 23.166625 788 734906 277779 38264 115 0 0 0 0 0 0 553 155411 16016
23.173375 0.194824 -0.238894 5.99696 21768 0.5000007 141521 51791 3 2 492129.89 9.3867431 22.1003 23.173375 1174 769244 314455 39752 116 0 0 0 0 0 0 553 155358 16508
23.18 0.194824 -0.2382 5.99698 21769 0.5000007 141633 51851 4 2 507095.32 9.3867431 22.1003 23.18 2047 816548 363310 41778 117 0 0 0 0 0 0 553 155479 17010
23.186625 0.194824 -0.237507 5.99701 21770 0.5000007 141440 51751 4 2 519198.83 9.3867431 22.1003 23.186625 4235 886571 436727 43728 118 0 0 0 0 0 0 553 155280 17416
23.193375 0.194824 -0.2368 5.99704 21771 0.5000007 141486 51815 4 2 535654.83 9.3867431 22.1003 23.193375 11720 1005596 559021 46616 119 0 0 0 0 0 0 553 155318 17968
23.2 0.194824 -0.236107 5.99707 21772 0.5000007 141547 51774 4 2 554525.57 9.3867431 22.1003 23.2 26857 1180237 733273 50012 120 0 0 0 0 0 0 553 155393 18601
23.206625 0.194824 -0.235413 5.99709 21773 0.5000007 141512 51797 5 2 566897.39 9.3867431 22.1003 23.206625 37219 1387528 944384 55095 121 0 0 0 0 0 0 553 155349 19016
23.213375 0.194824 -0.234707 5.99712 21774 0.5000007 141562 51813 5 2 586185.49 9.3867431 22.1003 23.213375 66175 1664799 1222770 62356 122 0 0 0 0 0 0 553 155401 19663
23.22 0.194824 -0.234013 5.99715 21775 0.5000007 141515 51814 4 2 616354.83 9.3867431 22.1003 23.22 87219 1979178 1538530 74896 123 0 0 0 0 0 0 553 155374 20675
23.226625 0.194824 -0.23332 5.99718 21776 0.5000007 141561 51829 5 2 627236.06 9.3867431 22.1003 23.226625 67253 2381630 1942254 96251 124 0 0 0 0 0 0 553 155395 21040
23.233375 0.194824 -0.232613 5.9972 21777 0.5000007 141497 51790 4 2 676216.52 9.3867431 22.1003 23.233375 154708 3234058 2795370 144702 125 0 0 0 0 0 0 553 155336 22683
23.24 0.194824 -0.23192 5.99723 21778 0.5000007 141540 51768 4 2 751580.25 9.3867431 22.1003 23.24 295685 4469196 4030621 229599 126 0 0 0 0 0 0 553 155388 25211
23.246625 0.194824 -0.231227 5.99726 21779 0.5000007 141427 51719 5 2 823187.71 9.3867431 22.1003 23.246625 421879 5449269 5010319 324338 127 0 0 0 0 0 0 553 155301 27613
23.253375 0.194824 -0.23052 5.99728 21780 0.5000007 141492 51741 4 2 889607.96 9.3867431 22.1003 23.253375 404841 5639609 5200125 408116 128 0 0 0 0 0 0 553 155350 29841
23.26 0.194824 -0.229827 5.99731 21781 0.5000007 141493 51763 4 2 921744.86 9.3867431 22.1003 23.26 314627 5001317 4563724 496697 129 0 0 0 0 0 0 553 155338 30919
23.266625 0.194824 -0.229133 5.99734 21781 0.5000007 141512 51783 5 2 976300.09 9.3867431 22.1003 23.266625 266077 4337719 3900531 614084 130 0 0 0 0 0 0 553 155362 32749
23.273375 0.194824 -0.228427 5.99736 21782 0.5000007 141458 51745 4 2 1035595.4 9.3867431 22.1003 23.273375 223691 3791654 3356784 700742 131 0 0 0 0 0 0 553 155318 34738
23.28 0.194824 -0.227733 5.99739 21783 0.5000007 141484 51747 4 2 1093429.9 9.3867431 22.1003 23.28 171676 3277067 2842102 701781 132 0 0 0 0 0 0 553 155326 36678
23.286625 0.194824 -0.22704 5.99742 21784 0.5000007 141432 51739 4 2 1152695.3 9.3867431 22.1003 23.286625 121096 2731301 2297226 636368 133 0 0 0 0 0 0 553 155283 38666
23.293375 0.194824 -0.226333 5.99744 21785 0.5000007 141503 51827 5 2 1187604.7 9.3867431 22.1003 23.293375 76279 2250935 1817887 603581 134 0 0 0 0 0 0 553 155351 39837
23.3 0.194824 -0.22564 5.99747 21786 0.5000007 141427 51756 4 2 1214614 9.3867431 22.1003 23.3 75035 1849681 1416182 586816 135 0 0 0 0 0 0 553 155289 40743
23.306625 0.194824 -0.224946 5.9975 21787 0.5000007 141530 51778 4 2 1230086.2 9.3867431 22.1003 23.306625 58508 1517137 1084234 505761 136 0 0 0 0 0 0 553 155366 41262
23.313375 0.194824 -0.22424 5.99752 21788 0.5000007 141521 51759 4 2 1218191.4 9.3867431 22.1003 23.313375 37077 1234087 800167 374026 137 0 0 0 0 0 0 553 155388 40863
23.32 0.194824 -0.223546 5.99755 21789 0.5000007 141512 51796 5 2 1173682.7 9.3867431 22.1003 23.32 24697 1057186 622825 283602 138 0 0 0 0 0 0 553 155356 39370
23.326625 0.194824 -0.222853 5.99757 21790 0.5000007 141441 51769 6 2 1133854.4 9.3867431 22.1003 23.326625 16177 932164 499513 222980 139 0 0 0 0 0 0 553 155285 38034
23.333375 0.194824 -0.222146 5.9976 21791 0.5000007 141457 51782 5 2 1086215.5 9.3867431 22.1003 23.333375 11425 843667 409960 178291 140 0 0 0 0 0 0 553 155322 36436
23.34 0.194824 -0.221452 5.99763 21792 0.5000007 141437 51754 4 2 1036221.4 9.3867431 22.1003 23.34 5940 776628 342952 140128 141 0 0 0 0 0 0 553 155287 34759
23.346625 0.194824 -0.220759 5.99765 21793 0.5000007 141452 51764 5 2 981397.87 9.3867431 22.1003 23.346625 3394 734896 301063 113632 142 0 0 0 0 0 0 553 155281 32920
23.353375 0.194824 -0.220052 5.99768 21794 0.5000007 141402 51708 4 2 932626.09 9.3867431 22.1003 23.353375 1766 705608 271869 95778 143 0 0 0 0 0 0 553 155246 31284
23.36 0.194824 -0.219359 5.9977 21795 0.5000007 141404 51792 4 2 887312.46 9.3867431 22.1003 23.36 1086 687918 253066 83319 144 0 0 0 0 0 0 553 155241 29764
23.366625 0.194824 -0.218665 5.99773 21796 0.5000007 141466 51783 4 2 872973.08 9.3867431 22.1003 23.366625 745 678453 242224 76375 145 0 0 0 0 0 0 553 155302 29283
23.373375 0.194824 -0.217959 5.99775 21797 0.5000007 141478 51823 5 2 846768.69 9.3867431 22.1003 23.373375 556 668368 233093 70081 146 0 0 0 0 0 0 553 155316 28404
23.38 0.194824 -0.217265 5.99778 21798 0.5000007 141487 51831 4 2 838033.89 9.3867431 22.1003 23.38 420 661696 227272 65889 147 0 0 0 0 0 0 553 155336 28111
23.386625 0.194824 -0.216572 5.9978 21799 0.5000007 141503 51837 4 2 845367.54 9.3867431 22.1003 23.386625 320 659016 223702 63342 148 0 0 0 0 0 0 553 155349 28357
23.393375 0.194824 -0.215865 5.99783 21800 0.5000007 141533 51864 4 2 865490.37 9.3867431 22.1003 23.393375 344 656523 220177 61602 149 0 0 0 0 0 0 553 155380 29032
23.4 0.194824 -0.215172 5.99785 21801 0.5000007 141441 51809 5 2 889429.09 9.3867431 22.1003 23.4 336 654375 219294 60596 150 0 0 0 0 0 0 553 155282 29835
23.406625 0.194824 -0.214478 5.99788 21802 0.5000007 141374 51743 4 2 905765.84 9.3867431 22.1003 23.406625 391 653045 216245 59861 151 0 0 0 0 0 0 553 155221 30383
23.413375 0.194824 -0.213772 5.9979 21803 0.5000007 141563 51852 4 2 918405.96 9.3867431 22.1003 23.413375 370 652901 215314 58801 152 0 0 0 0 0 0 553 155406 30807
23.42 0.194824 -0.213078 5.99793 21804 0.5000007 141576 51876 5 2 913725.54 9.3867431 22.1003 23.42 266 650566 213315 57753 153 0 0 0 0 0 0 553 155426 30650
23.426625 0.194824 -0.212384 5.99795 21805 0.5000007 141428 51790 5 2 891038.91 9.3867431 22.1003 23.426625 219 647268 210302 55947 154 0 0 0 0 0 0 553 155269 29889
23.433375 0.194824 -0.211678 5.99798 21806 0.5000007 141686 51951 5 2 890651.36 9.3867431 22.1003 23.433375 286 649567 212253 56181 155 0 0 0 0 0 0 553 155536 29876
23.44 0.194824 -0.210984 5.998 21807 0.5000007 141529 51874 5 2 883287.9 9.3867431 22.1003 23.44 341 646778 209743 55109 156 0 0 0 0 0 0 553 155379 29629
23.446625 0.194824 -0.210291 5.99803 21808 0.5000007 141582 51913 4 2 879293.14 9.3867431 22.1003 23.446625 388 647703 210040 54865 157 0 0 0 0 0 0 553 155445 29495
23.453375 0.194824 -0.209584 5.99805 21809 0.5000007 141562 51855 4 2 862360.15 9.3867431 22.1003 23.453375 590 646773 210422 54248 158 0 0 0 0 0 0 553 155406 28927
23.46 0.194824 -0.208891 5.99808 21810 0.5000007 141613 51958 4 2 832995.73 9.3867431 22.1003 23.46 821 648854 211643 53789 159 0 0 0 0 0 0 553 155466 27942
23.466625 0.194824 -0.208197 5.9981 21811 0.5000007 141630 51942 5 2 824827.35 9.3867431 22.1003 23.466625 1213 650170 213272 53126 160 0 0 0 0 0 0 553 155455 27668
23.473375 0.194824 -0.20749 5.99812 21812 0.5000007 141669 51990 4 2 804048.66 9.3867431 22.1003 23.473375 1382 650231 214372 52595 161 0 0 0 0 0 0 553 155519 26971
23.48 0.194824 -0.206797 5.99815 21813 0.5000007 141711 51969 4 2 786817.56 9.3867431 22.1003 23.48 1356 651507 216193 52767 162 0 0 0 0 0 0 553 155549 26393
23.486625 0.194824 -0.206103 5.99817 21814 0.5000007 141643 51969 4 2 773253.28 9.3867431 22.1003 23.486625 1261 649933 215062 52333 163 0 0 0 0 0 0 553 155464 25938
23.493375 0.194824 -0.205397 5.9982 21815 0.5000007 139261 51062 5 2 742100.16 9.3867431 22.1003 23.493375 903 638212 209847 51085 164 0 0 0 0 0 0 553 152825 24893
23.5 0.194824 -0.204703 5.99822 21816 0.5000007 142248 52258 4 2 762252.8 9.3867431 22.1003 23.5 946 655758 217737 53308 165 0 0 0 0 0 0 553 156072 25569
23.506625 0.194824 -0.20401 5.99824 21817 0.5000007 142320 52266 5 2 747436.44 9.3867431 22.1003 23.506625 1181 658922 220621 53443 166 0 0 0 0 0 0 553 156151 25072
23.513375 0.194824 -0.203303 5.99827 21818 0.5000007 142323 52334 4 2 742040.54 9.3867431 22.1003 23.513375 1757 665869 227578 54196 167 0 0 0 0 0 0 553 156137 24891
23.52 0.194824 -0.202609 5.99829 21819 0.5000007 142313 52271 4 2 736465.77 9.3867431 22.1003 23.52 2524 673070 234590 54206 168 0 0 0 0 0 0 553 156143 24704
23.526625 0.194824 -0.201916 5.99831 21820 0.5000007 142424 52364 4 2 737688.04 9.3867431 22.1003 23.526625 3027 681180 242972 55410 169 0 0 0 0 0 0 553 156236 24745
23.533375 0.194824 -0.201209 5.99834 21821 0.5000007 142356 52330 4 2 730205.33 9.3867431 22.1003 23.533375 3686 682148 245019 55549 170 0 0 0 0 0 0 553 156183 24494
23.54 0.194824 -0.200516 5.99836 21822 0.5000007 142408 52391 4 2 722901.49 9.3867431 22.1003 23.54 2921 682259 243751 55834 171 0 0 0 0 0 0 553 156232 24249
23.546625 0.194824 -0.199822 5.99838 21823 0.5000007 142402 52369 4 2 728923.43 9.3867431 22.1003 23.546625 2100 678188 240972 57254 172 0 0 0 0 0 0 553 156249 24451
23.553375 0.194824 -0.199115 5.99841 21824 0.5000007 142456 52377 5 2 718876.92 9.3867431 22.1003 23.553375 1372 671430 235884 57566 173 0 0 0 0 0 0 553 156282 24114
23.56 0.194824 -0.198422 5.99843 21825 0.5000007 142494 52414 4 2 733752.91 9.3867431 22.1003 23.56 877 672310 235215 59108 174 0 0 0 0 0 0 553 156327 24613
23.566625 0.194824 -0.197728 5.99845 21826 0.5000007 142458 52398 4 2 728535.88 9.3867431 22.1003 23.566625 635 670689 235440 60206 175 0 0 0 0 0 0 553 156293 24438
23.573375 0.194824 -0.197021 5.99848 21827 0.5000007 142521 52476 5 2 734557.82 9.3867431 22.1003 23.573375 832 673763 238668 61251 176 0 0 0 0 0 0 553 156347 24640
23.58 0.194824 -0.196328 5.9985 21828 0.5000007 142474 52453 5 2 762968.28 9.3867431 22.1003 23.58 1166 680645 245259 63670 177 0 0 0 0 0 0 553 156309 25593
23.586625 0.194824 -0.195634 5.99852 21829 0.5000007 142460 52453 4 2 751192.7 9.3867431 22.1003 23.586625 1505 685820 250080 64069 178 0 0 0 0 0 0 553 156273 25198
23.593375 0.194824 -0.194928 5.99855 21830 0.5000007 142558 52527 5 2 779245.41 9.3867431 22.1003 23.593375 1850 697471 260137 66389 179 0 0 0 0 0 0 553 156384 26139
23.6 0.194824 -0.194234 5.99857 21831 0.5000007 142526 52499 4 2 778947.3 9.3867431 22.1003 23.6 2110 704085 267937 66686 180 0 0 0 0 0 0 553 156352 26129
23.606625 0.194824 -0.19354 5.99859 21832 0.5000007 142656 52530 4 2 807447.19 9.3867431 22.1003 23.606625 2265 711645 275380 67103 181 0 0 0 0 0 0 553 156485 27085
23.613375 0.194824 -0.192834 5.99861 21833 0.5000007 142603 52562 4 2 808550.22 9.3867431 22.1003 23.613375 2277 718657 283989 67044 182 0 0 0 0 0 0 553 156438 27122
23.62 0.194824 -0.19214 5.99864 21834 0.5000007 142636 52621 5 2 811799.68 9.3867431 22.1003 23.62 2194 728925 294294 66999 183 0 0 0 0 0 0 553 156455 27231
23.626625 0.194824 -0.191446 5.99866 21834 0.5000007 142642 52586 4 2 821577.88 9.3867431 22.1003 23.626625 2150 743203 306573 66918 184 0 0 0 0 0 0 553 156464 27559
23.633375 0.194824 -0.19074 5.99868 21836 0.5000007 142665 52621 4 2 847364.92 9.3867431 22.1003 23.633375 1974 752284 317809 67959 185 0 0 0 0 0 0 553 156483 28424
23.64 0.194824 -0.190046 5.9987 21836 0.5000007 142536 52553 5 2 841432.41 9.3867431 22.1003 23.64 2278 760250 326744 66964 186 0 0 0 0 0 0 553 156368 28225
23.646625 0.194824 -0.189352 5.99872 21837 0.5000007 142728 52667 4 2 844979.99 9.3867431 22.1003 23.646625 2669 774428 339075 67455 187 0 0 0 0 0 0 553 156546 28344
23.653375 0.194824 -0.188646 5.99875 21838 0.5000007 142793 52704 4 2 834277.63 9.3867431 22.1003 23.653375 3248 786434 351600 67038 188 0 0 0 0 0 0 553 156615 27985
23.66 0.194824 -0.187952 5.99877 21839 0.5000007 142667 52671 4 2 808758.9 9.3867431 22.1003 23.66 3454 796174 362173 65749 189 0 0 0 0 0 0 553 156496 27129
23.666625 0.194824 -0.187259 5.99879 21840 0.5000007 142720 52704 5 2 819133.33 9.3867431 22.1003 23.666625 3649 822430 386453 66319 190 0 0 0 0 0 0 553 156551 27477
23.673375 0.194824 -0.186552 5.99881 21841 0.5000007 142656 52678 5 2 792511.57 9.3867431 22.1003 23.673375 3940 843279 408707 65552 191 0 0 0 0 0 0 553 156458 26584
23.68 0.194824 -0.185858 5.99883 21842 0.5000007 142753 52700 4 2 761358.45 9.3867431 22.1003 23.68 4191 876809 442288 64971 192 0 0 0 0 0 0 553 156592 25539
23.686625 0.194824 -0.185165 5.99886 21843 0.5000007 142790 52805 4 2 759718.81 9.3867431 22.1003 23.686625 7216 934798 499997 64215 193 0 0 0 0 0 0 553 156620 25484
23.693375 0.194824 -0.184458 5.99888 21844 0.5000007 142729 52702 5 2 742994.51 9.3867431 22.1003 23.693375 10463 1020838 586821 63980 194 0 0 0 0 0 0 553 156548 24923
23.7 0.194824 -0.183764 5.9989 21845 0.5000007 142794 52726 5 2 731666.1 9.3867431 22.1003 23.7 12941 1144807 710752 63444 195 0 0 0 0 0 0 553 156590 24543
23.706625 0.194824 -0.183071 5.99892 21846 0.5000007 142782 52742 4 2 725375.85 9.3867431 22.1003 23.706625 32644 1387853 952527 64013 196 0 0 0 0 0 0 553 156592 24332
23.713375 0.194824 -0.182364 5.99894 21847 0.5000007 142847 52783 5 2 741802.04 9.3867431 22.1003 23.713375 118764 1919806 1485144 65578 197 0 0 0 0 0 0 553 156665 24883
23.72 0.194824 -0.18167 5.99896 21848 0.5000007 142708 52727 4 2 754591.22 9.3867431 22.1003 23.72 336909 3159098 2722655 68330 198 0 0 0 0 0 0 553 156518 25312
23.726625 0.194824 -0.180976 5.99898 21849 0.5000007 142872 52804 5 2 770242.31 9.3867431 22.1003 23.726625 482786 4123627 3684768 72114 199 0 0 0 0 0 0 553 156702 25837
23.733375 0.194824 -0.18027 5.999 21850 0.5000007 142802 52805 5 2 771315.53 9.3867431 22.1003 23.733375 504549 3870085 3433146 73617 200 0 0 0 0 0 0 553 156613 25873
23.74 0.194824 -0.179576 5.99902 21851 0.5000007 142823 52809 4 2 780408.06 9.3867431 22.1003 23.74 344498 2989640 2553494 78618 201 0 0 0 0 0 0 553 156639 26178
23.746625 0.194824 -0.178882 5.99905 21852 0.5000007 142807 52795 4 2 824708.1 9.3867431 22.1003 23.746625 146325 2248503 1813905 88196 202 0 0 0 0 0 0 553 156621 27664
23.753375 0.194824 -0.178176 5.99907 21853 0.5000007 142787 52770 5 2 974034.41 9.3867431 22.1003 23.753375 102667 1899636 1465081 98087 203 0 0 0 0 0 0 553 156606 32673
23.76 0.194824 -0.177482 5.99909 21854 0.5000007 142865 52834 4 2 1202212.4 9.3867431 22.1003 23.76 55504 1632698 1198524 104731 204 0 0 0 0 0 0 553 156682 40327
23.766625 0.194824 -0.176788 5.99911 21855 0.5000007 142817 52803 4 2 1357769.3 9.3867431 22.1003 23.766625 37471 1416430 982232 110910 205 0 0 0 0 0 0 553 156620 45545
23.773375 0.194824 -0.176082 5.99913 21856 0.5000007 142863 52794 5 2 1339047.6 9.3867431 22.1003 23.773375 24137 1251191 818499 123428 206 0 0 0 0 0 0 553 156679 44917
23.78 0.194824 -0.175388 5.99915 21857 0.5000007 142749 52807 4 2 1187455.7 9.3867431 22.1003 23.78 17089 1209844 778016 140332 207 0 0 0 0 0 0 553 156564 39832
23.786625 0.194824 -0.174694 5.99917 21858 0.5000007 142806 52804 5 2 1027427 9.3867431 22.1003 23.786625 20505 1254317 823151 157218 208 0 0 0 0 0 0 553 156609 34464
23.793375 0.194824 -0.173988 5.99919 21859 0.5000007 142957 52879 5 2 927826.43 9.3867431 22.1003 23.793375 33708 1318859 885944 165132 209 0 0 0 0 0 0 553 156770 31123
23.8 0.194824 -0.173294 5.99921 21860 0.5000007 142878 52827 5 2 842088.27 9.3867431 22.1003 23.8 35054 1275142 844101 153891 210 0 0 0 0 0 0 553 156704 28247
23.806625 0.194824 -0.1726 5.99923 21861 0.5000007 142849 52837 5 2 789917.97 9.3867431 22.1003 23.806625 24552 1135474 702994 133617 211 0 0 0 0 0 0 553 156660 26497
23.813375 0.194824 -0.171893 5.99925 21862 0.5000007 142862 52835 5 2 738910.32 9.3867431 22.1003 23.813375 14270 971676 540408 110533 212 0 0 0 0 0 0 553 156664 24786
23.82 0.194824 -0.1712 5.99927 21863 0.5000007 142922 52837 4 2 687157.38 9.3867431 22.1003 23.82 7893 857818 426486 92322 213 0 0 0 0 0 0 553 156741 23050
23.826625 0.194824 -0.170506 5.99929 21864 0.5000007 142870 52837 4 2 653380.84 9.3867431 22.1003 23.826625 4212 781700 351942 78543 214 0 0 0 0 0 0 553 156685 21917
23.833375 0.194824 -0.169799 5.99931 21865 0.5000007 142777 52778 5 2 622346.96 9.3867431 22.1003 23.833375 2111 728953 298603 66747 215 0 0 0 0 0 0 553 156585 20876
23.84 0.194824 -0.169106 5.99933 21866 0.5000007 142817 52804 4 2 579120.14 9.3867431 22.1003 23.84 1195 694864 263700 57462 216 0 0 0 0 0 0 553 156632 19426
23.846625 0.194824 -0.168412 5.99935 21867 0.5000007 142852 52882 4 2 557178.8 9.3867431 22.1003 23.846625 759 672553 241060 50638 217 0 0 0 0 0 0 553 156667 18690
23.853375 0.194824 -0.167705 5.99937 21868 0.5000007 142778 52819 5 2 519198.83 9.3867431 22.1003 23.853375 660 654231 223024 44902 218 0 0 0 0 0 0 553 156602 17416
23.86 0.194824 -0.167011 5.99939 21869 0.5000007 142808 52809 3 2 491205.73 9.3867431 22.1003 23.86 639 640955 210468 41271 219 0 0 0 0 0 0 553 156613 16477
23.866625 0.194824 -0.166318 5.99941 21870 0.5000007 142741 52785 4 2 468906.66 9.3867431 22.1003 23.866625 548 629442 200087 38572 220 0 0 0 0 0 0 553 156539 15729
23.873375 0.194824 -0.165611 5.99943 21871 0.5000007 142791 52787 5 2 448515.52 9.3867431 22.1003 23.873375 488 622381 193174 36435 221 0 0 0 0 0 0 553 156600 15045
23.88 0.194824 -0.164917 5.99945 21872 0.5000007 142758 52711 4 2 432834.62 9.3867431 22.1003 23.88 516 616701 187784 34730 222 0 0 0 0 0 0 553 156571 14519
23.886625 0.194824 -0.164223 5.99946 21873 0.5000007 142770 52767 5 2 414470.67 9.3867431 22.1003 23.886625 570 610916 182552 33202 223 0 0 0 0 0 0 553 156588 13903
23.893375 0.194824 -0.163517 5.99948 21874 0.5000007 142712 52713 4 2 402963.4 9.3867431 22.1003 23.893375 655 606730 178757 32107 224 0 0 0 0 0 0 553 156513 13517
23.9 0.194824 -0.162823 5.9995 21875 0.5000007 142553 52650 3 2 380723.94 9.3867431 22.1003 23.9 618 602336 174502 30681 225 0 0 0 0 0 0 553 156506 12771
23.906625 0.194824 -0.162129 5.99952 21876 0.5000007 142769 52711 4 2 370737.06 9.3867431 22.1003 23.906625 617 598775 169816 29832 226 0 0 0 0 0 0 553 156594 12436
23.913375 0.194824 -0.161422 5.99954 21877 0.5000007 142742 52727 4 2 364536.24 9.3867431 22.1003 23.913375 561 592564 165045 29409 227 0 0 0 0 0 0 553 156560 12228
23.92 0.194824 -0.160729 5.99956 21878 0.5000007 142732 52697 4 2 351419.14 9.3867431 22.1003 23.92 391 587918 160000 28525 228 0 0 0 0 0 0 553 156549 11788
23.926625 0.194824 -0.160035 5.99958 21879 0.5000007 142694 52685 4 2 339494.5 9.3867431 22.1003 23.926625 318 582552 156238 27451 229 0 0 0 0 0 0 553 156502 11388
23.933375 0.194824 -0.159328 5.9996 21880 0.5000007 142617 52655 4 2 336155.6 9.3867431 22.1003 23.933375 274 579906 153225 27344 230 0 0 0 0 0 0 553 156424 11276
23.94 0.194824 -0.158635 5.99962 21881 0.5000007 142556 52585 4 2 328643.08 9.3867431 22.1003 23.94 225 578132 150177 26556 231 0 0 0 0 0 0 553 156375 11024
23.946625 0.194824 -0.157941 5.99963 21882 0.5000007 142539 52593 5 2 324588.7 9.3867431 22.1003 23.946625 153 573474 147513 26533 232 0 0 0 0 0 0 553 156347 10888
23.953375 0.194824 -0.157234 5.99965 21883 0.5000007 142525 52580 4 2 312365.94 9.3867431 22.1003 23.953375 120 571915 144547 25662 233 0 0 0 0 0 0 553 156343 10478
23.96 0.194824 -0.15654 5.99967 21884 0.5000007 142508 52573 4 2 313975.77 9.3867431 22.1003 23.96 93 569043 142617 25413 234 0 0 0 0 0 0 553 156322 10532
23.966625 0.194824 -0.155846 5.99969 21885 0.5000007 142555 52591 4 2 307864.39 9.3867431 22.1003 23.966625 92 565477 140639 24890 235 0 0 0 0 0 0 553 156368 10327
23.973375 0.194824 -0.15514 5.99971 21885 0.5000007 142367 52476 3 2 305777.58 9.3867431 22.1003 23.973375 68 564229 139314 24918 236 0 0 0 0 0 0 553 156182 10257
23.98 0.194824 -0.154446 5.99972 21886 0.5000007 142428 52511 4 2 305330.41 9.3867431 22.1003 23.98 69 563319 137682 24831 237 0 0 0 0 0 0 553 156243 10242
23.986625 0.194824 -0.153752 5.99974 21887 0.5000007 142341 52473 4 2 296237.87 9.3867431 22.1003 23.986625 71 559929 136172 24331 238 0 0 0 0 0 0 553 156160 9937
23.993375 0.194824 -0.153045 5.99976 21888 0.5000007 142431 52519 4 2 300322.06 9.3867431 22.1003 23.993375 65 559144 135122 24109 239 0 0 0 0 0 0 553 156245 10074
24 0.194824 -0.152352 5.99978 21889 0.5000007 142369 52401 5 2 298533.36 9.3867431 22.1003 24 61 556826 134336 24239 240 0 0 0 0 0 0 553 156191 10014
24.006625 0.194824 -0.151658 5.9998 21890 0.5000007 142287 52420 5 2 287145.33 9.3867431 22.1003 24.006625 60 556643 133118 23812 241 0 0 0 0 0 0 553 156103 9632
24.013375 0.194824 -0.150951 5.99981 21891 0.5000007 142326 52432 6 2 293405.77 9.3867431 22.1003 24.013375 55 557402 132743 23859 242 0 0 0 0 0 0 553 156159 9842
24.02 0.194824 -0.150257 5.99983 21892 0.5000007 142339 52442 4 2 283061.14 9.3867431 22.1003 24.02 59 555446 131430 23375 243 0 0 0 0 0 0 553 156154 9495
24.026625 0.194824 -0.149564 5.99985 21893 0.5000007 142362 52442 3 2 291438.2 9.3867431 22.1003 24.026625 55 554093 130652 23520 244 0 0 0 0 0 0 553 156179 9776
24.033375 0.194824 -0.148857 5.99987 21894 0.5000007 142194 52318 4 2 290126.49 9.3867431 22.1003 24.033375 55 553093 130158 23495 245 0 0 0 0 0 0 553 156011 9732
24.04 0.194824 -0.148163 5.99988 21895 0.5000007 142133 52265 4 2 286131.74 9.3867431 22.1003 24.04 52 551796 128895 23312 246 0 0 0 0 0 0 553 155950 9598
24.046625 0.194824 -0.147469 5.9999 21896 0.5000007 142170 52261 4 2 284343.04 9.3867431 22.1003 24.046625 56 549948 128829 23042 247 0 0 0 0 0 0 553 155974 9538
24.053375 0.194824 -0.146762 5.99992 21897 0.5000007 142186 52317 4 2 287026.08 9.3867431 22.1003 24.053375 57 549770 128140 23245 248 0 0 0 0 0 0 553 156013 9628
24.06 0.194824 -0.146069 5.99993 21898 0.5000007 142092 52237 4 2 281987.92 9.3867431 22.1003 24.06 55 547251 127152 22909 249 0 0 0 0 0 0 553 155920 9459
24.066625 0.194824 -0.145375 5.99995 21899 0.5000007 142036 52206 4 2 280437.72 9.3867431 22.1003 24.066625 54 547736 127066 23178 250 0 0 0 0 0 0 553 155853 9407
24.073375 0.194824 -0.144668 5.99997 21900 0.5000007 142057 52186 4 2 276830.52 9.3867431 22.1003 24.073375 52 546511 126393 22676 251 0 0 0 0 0 0 553 155888 9286
24.08 0.194824 -0.143974 5.99998 21901 0.5000007 141887 52093 5 2 276204.47 9.3867431 22.1003 24.08 50 544679 124954 22462 252 0 0 0 0 0 0 553 155729 9265
24.086625 0.194824 -0.14328 6 21902 0.5000007 141997 52145 5 2 282375.48 9.3867431 22.1003 24.086625 49 546441 126138 22842 253 0 0 0 0 0 0 553 155822 9472
24.093375 0.194824 -0.142574 6.00002 21903 0.5000007 141951 52133 4 2 278410.53 9.3867431 22.1003 24.093375 54 544723 125223 22793 254 0 0 0 0 0 0 553 155774 9339
24.1 0.194824 -0.14188 6.00003 21904 0.5000007 141927 52089 5 2 273372.37 9.3867431 22.1003 24.1 51 543588 125052 22393 255 0 0 0 0 0 0 553 155744 9170
24.106625 0.194824 -0.141186 6.00005 21905 0.5000007 141951 52100 5 2 274922.58 9.3867431 22.1003 24.106625 57 544171 124403 22498 256 0 0 0 0 0 0 553 155791 9222
24.113375 0.194824 -0.140479 6.00007 21906 0.5000007 141880 52026 4 2 270242.15 9.3867431 22.1003 24.113375 50 542866 123519 22215 257 0 0 0 0 0 0 553 155715 9065
24.12 0.194824 -0.139785 6.00008 21907 0.5000007 141766 51993 4 2 274117.66 9.3867431 22.1003 24.12 52 540990 122938 22374 258 0 0 0 0 0 0 553 155597 9195
24.126625 0.194824 -0.139092 6.0001 21908 0.5000007 141699 51911 4 2 270838.39 9.3867431 22.1003 24.126625 50 540221 122664 22068 259 0 0 0 0 0 0 553 155529 9085
24.133375 0.194824 -0.138385 6.00012 21909 0.5000007 141843 52017 5 2 273491.62 9.3867431 22.1003 24.133375 56 542084 122703 22083 260 0 0 0 0 0 0 553 155680 9174
24.14 0.194824 -0.137691 6.00013 21910 0.5000007 141603 51870 4 2 275489 9.3867431 22.1003 24.14 57 540236 122557 22079 261 0 0 0 0 0 0 553 155420 9241
24.146625 0.194824 -0.136997 6.00015 21911 0.5000007 141744 51943 5 2 273223.31 9.3867431 22.1003 24.146625 55 540500 122363 22115 262 0 0 0 0 0 0 553 155607 9165
24.153375 0.194824 -0.13629 6.00016 21912 0.5000007 141563 51844 4 2 267857.23 9.3867431 22.1003 24.153375 50 538483 121648 21784 263 0 0 0 0 0 0 553 155417 8985
24.16 0.194824 -0.135597 6.00018 21913 0.5000007 141591 51865 5 2 270748.95 9.3867431 22.1003 24.16 50 537875 121486 21758 264 0 0 0 0 0 0 553 155428 9082
24.166625 0.194824 -0.134903 6.0002 21914 0.5000007 141573 51841 4 2 268036.1 9.3867431 22.1003 24.166625 50 537498 121184 21752 265 0 0 0 0 0 0 553 155391 8991
24.173375 0.194824 -0.134196 6.00021 21915 0.5000007 141490 51726 4 2 267797.6 9.3867431 22.1003 24.173375 51 537203 121402 22004 266 0 0 0 0 0 0 553 155350 8983
24.18 0.194824 -0.133502 6.00023 21916 0.5000007 141546 51777 4 2 270838.39 9.3867431 22.1003 24.18 51 536428 120746 21579 267 0 0 0 0 0 0 553 155389 9085
24.186625 0.194824 -0.132808 6.00024 21917 0.5000007 141539 51744 5 2 266784.01 9.3867431 22.1003 24.186625 51 536378 120526 21813 268 0 0 0 0 0 0 553 155376 8949
24.193375 0.194824 -0.132101 6.00026 21918 0.5000007 141455 51689 5 2 264339.46 9.3867431 22.1003 24.193375 59 535382 119931 21565 269 0 0 0 0 0 0 553 155305 8867
24.2 0.194824 -0.131408 6.00027 21919 0.5000007 141456 51751 5 2 264697.2 9.3867431 22.1003 24.2 57 535850 119845 21710 270 0 0 0 0 0 0 553 155294 8879
24.206625 0.194824 -0.130714 6.00029 21920 0.5000007 141396 51659 4 2 261268.86 9.3867431 22.1003 24.206625 50 534021 119687 21522 271 0 0 0 0 0 0 553 155236 8764
24.213375 0.194824 -0.130007 6.0003 21921 0.5000007 141311 51613 5 2 265919.47 9.3867431 22.1003 24.213375 49 533976 119069 21331 272 0 0 0 0 0 0 553 155152 8920
24.22 0.194824 -0.129313 6.00032 21922 0.5000007 141309 51590 5 2 268185.15 9.3867431 22.1003 24.22 49 532690 119007 21482 273 0 0 0 0 0 0 553 155150 8996
24.226625 0.194824 -0.128619 6.00033 21923 0.5000007 141299 51586 5 2 255992.21 9.3867431 22.1003 24.226625 59 532145 118912 21047 274 0 0 0 0 0 0 553 155137 8587
24.233375 0.194824 -0.127912 6.00035 21924 0.5000007 141203 51551 5 2 258764.69 9.3867431 22.1003 24.233375 50 531067 118382 21291 275 0 0 0 0 0 0 553 155037 8680
24.24 0.194824 -0.127219 6.00036 21925 0.5000007 141191 51488 4 2 261119.8 9.3867431 22.1003 24.24 53 529642 118397 21425 276 0 0 0 0 0 0 553 155035 8759
24.246625 0.194824 -0.126525 6.00038 21926 0.5000007 141114 51464 4 2 257542.41 9.3867431 22.1003 24.246625 52 529759 118058 21033 277 0 0 0 0 0 0 553 154977 8639
24.253375 0.194824 -0.125818 6.00039 21927 0.5000007 141155 51478 5 2 261388.11 9.3867431 22.1003 24.253375 48 528727 117585 21145 278 0 0 0 0 0 0 553 154999 8768
24.26 0.194824 -0.125124 6.00041 21928 0.5000007 141206 51524 4 2 255515.22 9.3867431 22.1003 24.26 49 530374 117860 21007 279 0 0 0 0 0 0 553 155063 8571
24.266625 0.194824 -0.12443 6.00042 21929 0.5000007 141122 51451 6 2 261507.36 9.3867431 22.1003 24.266625 50 528911 117655 21323 280 0 0 0 0 0 0 553 154970 8772
24.273375 0.194824 -0.123723 6.00044 21930 0.5000007 141146 51517 4 2 261298.67 9.3867431 22.1003 24.273375 50 530101 117882 21165 281 0 0 0 0 0 0 553 154994 8765
24.28 0.194824 -0.123029 6.00045 21931 0.5000007 141059 51393 4 2 263862.47 9.3867431 22.1003 24.28 51 525841 116642 21199 282 0 0 0 0 0 0 553 154908 8851
24.286625 0.194824 -0.122336 6.00047 21931 0.5000007 141106 51465 4 2 258883.93 9.3867431 22.1003 24.286625 49 528568 117200 21236 283 0 0 0 0 0 0 553 154973 8684
24.293375 0.194824 -0.121629 6.00048 21932 0.5000007 141131 51419 3 2 264011.53 9.3867431 22.1003 24.293375 56 528827 117039 21339 284 0 0 0 0 0 0 553 154980 8856
24.3 0.194824 -0.120935 6.00049 21933 0.5000007 141092 51423 5 2 258108.83 9.3867431 22.1003 24.3 49 526526 116483 21090 285 0 0 0 0 0 0 553 154937 8658
24.306625 0.194824 -0.120241 6.00051 21934 0.5000007 141073 51446 5 2 259092.62 9.3867431 22.1003 24.306625 49 526641 116288 20945 286 0 0 0 0 0 0 553 154918 8691
24.313375 0.194824 -0.119534 6.00052 21935 0.5000007 141477 51586 4 2 262610.38 9.3867431 22.1003 24.313375 51 529037 116175 21268 287 0 0 0 0 0 0 553 155328 8809
24.32 0.194824 -0.11884 6.00054 21936 0.5000007 141651 51692 5 2 262759.44 9.3867431 22.1003 24.32 50 528258 116472 21091 288 0 0 0 0 0 0 553 155507 8814
24.326625 0.194824 -0.118147 6.00055 21937 0.5000007 141618 51671 5 2 252832.18 9.3867431 22.1003 24.326625 52 527657 116352 20918 289 0 0 0 0 0 0 553 155439 8481
24.333375 0.194824 -0.11744 6.00056 21938 0.5000007 141585 51619 6 2 259450.35 9.3867431 22.1003 24.333375 49 526437 116090 20947 290 0 0 0 0 0 0 553 155423 8703
24.34 0.194824 -0.116746 6.00058 21939 0.5000007 141543 51647 5 2 256349.95 9.3867431 22.1003 24.34 51 528069 116257 20776 291 0 0 0 0 0 0 553 155380 8599
24.346625 0.194824 -0.116052 6.00059 21940 0.5000007 141569 51610 5 2 258705.06 9.3867431 22.1003 24.346625 50 526881 116309 21048 292 0 0 0 0 0 0 553 155413 8678
24.353375 0.194824 -0.115345 6.0006 21941 0.5000007 141571 51630 5 2 257780.91 9.3867431 22.1003 24.353375 50 526602 115567 20888 293 0 0 0 0 0 0 553 155428 8647
24.36 0.194824 -0.114651 6.00062 21942 0.5000007 141615 51666 4 2 258615.63 9.3867431 22.1003 24.36 52 527900 116288 21037 294 0 0 0 0 0 0 553 155478 8675
24.366625 0.194824 -0.113957 6.00063 21943 0.5000007 141563 51635 5 2 258585.82 9.3867431 22.1003 24.366625 52 527756 116277 21085 295 0 0 0 0 0 0 553 155415 8674
24.373375 0.194824 -0.11325 6.00064 21944 0.5000007 141695 51711 5 2 257572.22 9.3867431 22.1003 24.373375 53 526987 115967 20821 296 0 0 0 0 0 0 553 155550 8640
24.38 0.194824 -0.112557 6.00066 21945 0.5000007 141630 51686 4 2 254471.82 9.3867431 22.1003 24.38 51 525774 115690 20719 297 0 0 0 0 0 0 553 155478 8536
24.386625 0.194824 -0.111863 6.00067 21946 0.5000007 141646 51712 4 2 256081.64 9.3867431 22.1003 24.386625 50 525436 115217 20752 298 0 0 0 0 0 0 553 155479 8590
24.393375 0.194824 -0.111156 6.00068 21947 0.5000007 141661 51710 5 2 259032.99 9.3867431 22.1003 24.393375 53 525810 115602 20980 299 0 0 0 0 0 0 553 155523 8689
24.4 0.194824 -0.110462 6.0007 21948 0.5000007 141759 51751 5 2 258049.21 9.3867431 22.1003 24.4 51 526444 116053 20850 300 0 0 0 0 0 0 553 155599 8656
