Eta  H  K  L  Epoch  Sec  ion1  Hubmon  scan_bar  Filters  Correct  Qmag  Energy  Graze  p_peak  p_total  p_del_s  p_nu_s  p_image  p_xcen  p_xsig  p_ycen  p_ysig  power  tempsp  gun_on  ion0  p_point
23 -0.194824 -0.257039 5.99621 31108 0.5000007 143451 53173 6 2 251520.47 9.3867431 22.1003 23 78 522976 114324 20622 0 0 0 0 0 0 0 553 156921 8437
23.006625 -0.194824 -0.256346 5.99624 31109 0.5000007 143477 53153 4 2 253547.66 9.3867431 22.1003 23.006625 67 524532 115002 20726 1 0 0 0 0 0 0 553 156927 8505
23.013375 -0.194824 -0.255639 5.99627 31110 0.5000007 143448 53182 3 2 257214.48 9.3867431 22.1003 23.013375 81 525087 114272 20645 2 0 0 0 0 0 0 553 156916 8628
23.02 -0.194824 -0.254946 5.99629 31111 0.5000007 143478 53167 5 2 255455.6 9.3867431 22.1003 23.02 70 525234 115197 20731 3 0 0 0 0 0 0 553 156938 8569
23.026625 -0.194824 -0.254253 5.99632 31112 0.5000007 143455 53125 4 2 251311.79 9.3867431 22.1003 23.026625 65 524823 114458 20578 4 0 0 0 0 0 0 553 156927 8430
23.033375 -0.194824 -0.253546 5.99635 31113 0.5000007 143403 53164 4 2 254352.57 9.3867431 22.1003 23.033375 91 525347 114303 20686 5 0 0 0 0 0 0 553 156896 8532
23.04 -0.194824 -0.252853 5.99638 31114 0.5000007 143446 53191 4 2 254203.51 9.3867431 22.1003 23.04 76 523877 114304 20587 6 0 0 0 0 0 0 553 156894 8527
23.046625 -0.194824 -0.252159 5.99641 31115 0.5000007 143442 53126 4 2 253666.9 9.3867431 22.1003 23.046625 69 526050 114119 20513 7 0 0 0 0 0 0 553 156927 8509
23.053375 -0.194824 -0.251453 5.99644 31116 0.5000007 143591 53218 5 2 250775.18 9.3867431 22.1003 23.053375 70 526301 114599 20358 8 0 0 0 0 0 0 553 157081 8412
23.06 -0.194824 -0.25076 5.99647 31117 0.5000007 143652 53245 4 2 259659.04 9.3867431 22.1003 23.06 72 526892 115192 20812 9 0 0 0 0 0 0 553 157122 8710
23.066625 -0.194824 -0.250066 5.9965 31118 0.5000007 143606 53217 4 2 247823.83 9.3867431 22.1003 23.066625 83 527166 115082 20395 10 0 0 0 0 0 0 553 157083 8313
23.073375 -0.194824 -0.24936 5.99653 31119 0.5000007 143618 53200 4 2 256677.88 9.3867431 22.1003 23.073375 75 526962 115098 20694 11 0 0 0 0 0 0 553 157084 8610
23.08 -0.194824 -0.248666 5.99656 31120 0.5000007 143677 53265 5 2 257125.05 9.3867431 22.1003 23.08 73 527320 115367 20830 12 0 0 0 0 0 0 553 157153 8625
23.086625 -0.194824 -0.247973 5.99659 31121 0.5000007 143660 53220 5 2 251401.22 9.3867431 22.1003 23.086625 82 527809 115183 20580 13 0 0 0 0 0 0 553 157128 8433
23.093375 -0.194824 -0.247267 5.99662 31122 0.5000007 143533 53145 4 2 258317.51 9.3867431 22.1003 23.093375 77 527792 116009 20915 14 0 0 0 0 0 0 553 157017 8665
23.1 -0.194824 -0.246573 5.99664 31123 0.5000007 143641 53228 5 2 261268.86 9.3867431 22.1003 23.1 85 528315 115641 20985 15 0 0 0 0 0 0 553 157122 8764
23.106625 -0.194824 -0.24588 5.99667 31124 0.5000007 143491 53134 4 2 257184.67 9.3867431 22.1003 23.106625 86 528795 115755 20815 16 0 0 0 0 0 0 553 156980 8627
23.113375 -0.194824 -0.245173 5.9967 31125 0.5000007 143560 53173 5 2 250954.05 9.3867431 22.1003 23.113375 92 530351 116200 20669 17 0 0 0 0 0 0 553 157042 8418
23.12 -0.194824 -0.24448 5.99673 31126 0.5000007 143509 53114 5 2 254114.08 9.3867431 22.1003 23.12 87 529932 115662 20714 18 0 0 0 0 0 0 553 156993 8524
23.126625 -0.194824 -0.243787 5.99676 31127 0.5000007 143514 53116 5 2 256409.57 9.3867431 22.1003 23.126625 118 530351 116429 20709 19 0 0 0 0 0 0 553 156982 8601
23.133375 -0.194824 -0.24308 5.99679 31128 0.5000007 143579 53166 5 2 259867.72 9.3867431 22.1003 23.133375 99 530020 116662 21071 20 0 0 0 0 0 0 553 157057 8717
23.14 -0.194824 -0.242387 5.99682 31129 0.5000007 143523 53121 5 2 255932.59 9.3867431 22.1003 23.14 125 530767 116169 20811 21 0 0 0 0 0 0 553 157006 8585
23.146625 -0.194824 -0.241693 5.99684 31130 0.5000007 143447 53086 4 2 255783.53 9.3867431 22.1003 23.146625 129 530525 116970 20883 22 0 0 0 0 0 0 553 156923 8580
23.153375 -0.194824 -0.240987 5.99687 31131 0.5000007 143444 53091 5 2 256141.27 9.3867431 22.1003 23.153375 150 530829 115926 20741 23 0 0 0 0 0 0 553 156947 8592
23.16 -0.194824 -0.240293 5.9969 31132 0.5000007 143365 53039 4 2 260404.33 9.3867431 22.1003 23.16 161 531988 117553 21341 24 0 0 0 0 0 0 553 156854 8735
23.166625 -0.194824 -0.2396 5.99693 31133 0.5000007 143344 52993 4 2 257691.47 9.3867431 22.1003 23.166625 155 533031 117250 21137 25 0 0 0 0 0 0 553 156840 8644
23.173375 -0.194824 -0.238894 5.99696 31134 0.5000007 143288 52963 4 2 257005.8 9.3867431 22.1003 23.173375 176 533052 116910 21079 26 0 0 0 0 0 0 553 156757 8621
23.18 -0.194824 -0.2382 5.99698 31135 0.5000007 143374 52994 4 2 258705.06 9.3867431 22.1003 23.18 188 534323 117048 20940 27 0 0 0 0 0 0 553 156878 8678
23.186625 -0.194824 -0.237507 5.99701 31136 0.5000007 143278 52949 5 2 256588.44 9.3867431 22.1003 23.186625 224 534147 116816 20823 28 0 0 0 0 0 0 553 156770 8607
23.193375 -0.194824 -0.2368 5.99704 31137 0.5000007 143189 52894 4 2 256469.19 9.3867431 22.1003 23.193375 265 536211 117729 21072 29 0 0 0 0 0 0 553 156665 8603
23.2 -0.194824 -0.236107 5.99707 31138 0.5000007 143235 52927 5 2 257810.72 9.3867431 22.1003 23.2 328 536003 117232 20973 30 0 0 0 0 0 0 553 156712 8648
23.206625 -0.194824 -0.235413 5.99709 31139 0.5000007 143207 52888 4 2 262163.21 9.3867431 22.1003 23.206625 339 536931 118103 21160 31 0 0 0 0 0 0 553 156684 8794
23.213375 -0.194824 -0.234707 5.99712 31140 0.5000007 143135 52789 4 2 260106.21 9.3867431 22.1003 23.213375 359 537619 117451 20960 32 0 0 0 0 0 0 553 156637 8725
23.22 -0.194824 -0.234013 5.99715 31141 0.5000007 143122 52891 5 2 261119.8 9.3867431 22.1003 23.22 439 540890 118784 21262 33 0 0 0 0 0 0 553 156615 8759
23.226625 -0.194824 -0.23332 5.99718 31142 0.5000007 143103 52813 5 2 259480.17 9.3867431 22.1003 23.226625 541 544428 118328 21158 34 0 0 0 0 0 0 553 156595 8704
23.233375 -0.194824 -0.232613 5.9972 31143 0.5000007 143138 52749 5 2 262252.65 9.3867431 22.1003 23.233375 638 546508 118521 21142 35 0 0 0 0 0 0 553 156649 8797
23.24 -0.194824 -0.23192 5.99723 31144 0.5000007 143056 52771 5 2 261984.34 9.3867431 22.1003 23.24 751 550822 119254 21424 36 0 0 0 0 0 0 553 156552 8788
23.246625 -0.194824 -0.231227 5.99726 31145 0.5000007 142955 52732 4 2 263832.66 9.3867431 22.1003 23.246625 1001 554192 119808 21410 37 0 0 0 0 0 0 553 156454 8850
23.253375 -0.194824 -0.23052 5.99728 31146 0.5000007 142980 52681 4 2 267797.6 9.3867431 22.1003 23.253375 1132 557634 119184 21271 38 0 0 0 0 0 0 553 156490 8983
23.26 -0.194824 -0.229827 5.99731 31147 0.5000007 142989 52710 5 2 264279.83 9.3867431 22.1003 23.26 1689 567284 119270 21425 39 0 0 0 0 0 0 553 156476 8865
23.266625 -0.194824 -0.229133 5.99734 31148 0.5000007 142941 52675 5 2 265889.66 9.3867431 22.1003 23.266625 2636 578355 119627 21251 40 0 0 0 0 0 0 553 156435 8919
23.273375 -0.194824 -0.228427 5.99736 31148 0.5000007 142911 52663 5 2 263623.98 9.3867431 22.1003 23.273375 4810 598840 120377 21307 41 0 0 0 0 0 0 553 156388 8843
23.28 -0.194824 -0.227733 5.99739 31149 0.5000007 142887 52594 5 2 263832.66 9.3867431 22.1003 23.28 8040 628294 121139 21346 42 0 0 0 0 0 0 553 156394 8850
23.286625 -0.194824 -0.22704 5.99742 31150 0.5000007 142802 52606 4 2 267529.3 9.3867431 22.1003 23.286625 12470 671708 121946 21376 43 0 0 0 0 0 0 553 156311 8974
23.293375 -0.194824 -0.226333 5.99744 31151 0.5000007 142840 52580 4 2 264727.01 9.3867431 22.1003 23.293375 20164 730850 122357 21546 44 0 0 0 0 0 0 553 156347 8880
23.3 -0.194824 -0.22564 5.99747 31152 0.5000007 142847 52623 4 2 261328.49 9.3867431 22.1003 23.3 27938 799985 124070 21479 45 0 0 0 0 0 0 553 156350 8766
23.306625 -0.194824 -0.224946 5.9975 31153 0.5000007 142735 52533 4 2 266038.72 9.3867431 22.1003 23.306625 41714 863139 125792 21632 46 0 0 0 0 0 0 553 156236 8924
23.313375 -0.194824 -0.22424 5.99752 31154 0.5000007 142679 52476 5 2 263027.75 9.3867431 22.1003 23.313375 54069 907481 125936 21694 47 0 0 0 0 0 0 553 156189 8823
23.32 -0.194824 -0.223546 5.99755 31155 0.5000007 142748 52540 4 2 267171.56 9.3867431 22.1003 23.32 53524 925031 127621 21673 48 0 0 0 0 0 0 553 156227 8962
23.326625 -0.194824 -0.222853 5.99757 31156 0.5000007 142728 52492 5 2 265621.36 9.3867431 22.1003 23.326625 52054 910751 129269 21557 49 0 0 0 0 0 0 553 156227 8910
23.333375 -0.194824 -0.222146 5.9976 31157 0.5000007 142688 52508 4 2 267439.86 9.3867431 22.1003 23.333375 48042 870672 130761 21747 50 0 0 0 0 0 0 553 156187 8971
23.34 -0.194824 -0.221452 5.99763 31158 0.5000007 142740 52480 3 2 272090.47 9.3867431 22.1003 23.34 34342 814831 131924 21849 51 0 0 0 0 0 0 553 156255 9127
23.346625 -0.194824 -0.220759 5.99765 31159 0.5000007 142638 52422 4 2 270063.28 9.3867431 22.1003 23.346625 22777 761420 134314 22070 52 0 0 0 0 0 0 553 156156 9059
23.353375 -0.194824 -0.220052 5.99768 31160 0.5000007 142624 52452 4 2 271881.79 9.3867431 22.1003 23.353375 15970 712768 136019 22148 53 0 0 0 0 0 0 553 156114 9120
23.36 -0.194824 -0.219359 5.9977 31161 0.5000007 142687 52461 5 2 270510.46 9.3867431 22.1003 23.36 9865 682082 137572 22021 54 0 0 0 0 0 0 553 156215 9074
23.366625 -0.194824 -0.218665 5.99773 31162 0.5000007 142579 52399 4 2 274922.58 9.3867431 22.1003 23.366625 5815 659967 139272 22232 55 0 0 0 0 0 0 553 156097 9222
23.373375 -0.194824 -0.217959 5.99775 31163 0.5000007 142525 52350 5 2 272567.46 9.3867431 22.1003 23.373375 5243 645429 140983 22034 56 0 0 0 0 0 0 553 156043 9143
23.38 -0.194824 -0.217265 5.99778 31164 0.5000007 142663 52434 5 2 273014.63 9.3867431 22.1003 23.38 6078 635486 142698 22179 57 0 0 0 0 0 0 553 156172 9158
23.386625 -0.194824 -0.216572 5.9978 31165 0.5000007 142568 52392 5 2 277903.74 9.3867431 22.1003 23.386625 5967 626793 144188 22428 58 0 0 0 0 0 0 553 156088 9322
23.393375 -0.194824 -0.215865 5.99783 31166 0.5000007 142573 52368 4 2 272925.2 9.3867431 22.1003 23.393375 4800 617289 144657 21989 59 0 0 0 0 0 0 553 156092 9155
23.4 -0.194824 -0.215172 5.99785 31167 0.5000007 142588 52354 3 2 275697.68 9.3867431 22.1003 23.4 3828 609505 145719 22444 60 0 0 0 0 0 0 553 156102 9248
23.406625 -0.194824 -0.214478 5.99788 31168 0.5000007 142499 52323 4 2 271941.42 9.3867431 22.1003 23.406625 3013 601059 144931 22375 61 0 0 0 0 0 0 553 155990 9122
23.413375 -0.194824 -0.213772 5.9979 31169 0.5000007 142477 52329 4 2 277754.68 9.3867431 22.1003 23.413375 2414 593614 144603 22595 62 0 0 0 0 0 0 553 155984 9317
23.42 -0.194824 -0.213078 5.99793 31170 0.5000007 142580 52344 4 2 282345.66 9.3867431 22.1003 23.42 2120 589125 145740 22836 63 0 0 0 0 0 0 553 156090 9471
23.426625 -0.194824 -0.212384 5.99795 31171 0.5000007 142505 52313 5 2 278142.23 9.3867431 22.1003 23.426625 1705 583995 144401 22657 64 0 0 0 0 0 0 553 156019 9330
23.433375 -0.194824 -0.211678 5.99798 31172 0.5000007 142425 52238 5 2 281242.63 9.3867431 22.1003 23.433375 1313 579142 144934 22833 65 0 0 0 0 0 0 553 155922 9434
23.44 -0.194824 -0.210984 5.998 31173 0.5000007 142493 52304 4 2 283567.94 9.3867431 22.1003 23.44 997 577061 144314 22954 66 0 0 0 0 0 0 553 156006 9512
23.446625 -0.194824 -0.210291 5.99803 31174 0.5000007 142482 52319 4 2 285147.95 9.3867431 22.1003 23.446625 735 572928 144398 23118 67 0 0 0 0 0 0 553 155993 9565
23.453375 -0.194824 -0.209584 5.99805 31175 0.5000007 142481 52319 3 2 287980.06 9.3867431 22.1003 23.453375 602 572921 144993 23364 68 0 0 0 0 0 0 553 156002 9660
23.46 -0.194824 -0.208891 5.99808 31176 0.5000007 142468 52316 4 2 291617.07 9.3867431 22.1003 23.46 595 571573 144956 23414 69 0 0 0 0 0 0 553 155989 9782
23.466625 -0.194824 -0.208197 5.9981 31177 0.5000007 142413 52259 5 2 289470.64 9.3867431 22.1003 23.466625 520 570114 144369 23738 70 0 0 0 0 0 0 553 155935 9710
23.473375 -0.194824 -0.20749 5.99812 31178 0.5000007 142451 52323 4 2 293048.03 9.3867431 22.1003 23.473375 513 569567 144896 23677 71 0 0 0 0 0 0 553 155956 9830
23.48 -0.194824 -0.206797 5.99815 31179 0.5000007 142452 52298 4 2 290961.22 9.3867431 22.1003 23.48 476 570122 144919 23597 72 0 0 0 0 0 0 553 155970 9760
23.486625 -0.194824 -0.206103 5.99817 31180 0.5000007 142460 52281 5 2 290961.22 9.3867431 22.1003 23.486625 488 569420 145627 23811 73 0 0 0 0 0 0 553 155980 9760
23.493375 -0.194824 -0.205397 5.9982 31181 0.5000007 142438 52289 4 2 289679.32 9.3867431 22.1003 23.493375 448 570186 145747 23945 74 0 0 0 0 0 0 553 155950 9717
23.5 -0.194824 -0.204703 5.99822 31182 0.5000007 142398 52236 4 2 295522.39 9.3867431 22.1003 23.5 396 573247 147177 24292 75 0 0 0 0 0 0 553 155908 9913
23.506625 -0.194824 -0.20401 5.99824 31183 0.5000007 142450 52288 4 2 298473.74 9.3867431 22.1003 23.506625 406 576643 147604 24311 76 0 0 0 0 0 0 553 155945 10012
23.513375 -0.194824 -0.203303 5.99827 31184 0.5000007 142432 52307 4 2 300530.74 9.3867431 22.1003 23.513375 374 578100 148271 24775 77 0 0 0 0 0 0 553 155934 10081
23.52 -0.194824 -0.202609 5.99829 31185 0.5000007 142397 52256 5 2 307327.78 9.3867431 22.1003 23.52 364 581010 150192 25175 78 0 0 0 0 0 0 553 155914 10309
23.526625 -0.194824 -0.201916 5.99831 31186 0.5000007 142339 52239 4 2 313796.9 9.3867431 22.1003 23.526625 393 586516 152515 25407 79 0 0 0 0 0 0 553 155852 10526
23.533375 -0.194824 -0.201209 5.99834 31187 0.5000007 142371 52294 5 2 308997.23 9.3867431 22.1003 23.533375 393 593133 154643 25536 80 0 0 0 0 0 0 553 155883 10365
23.54 -0.194824 -0.200516 5.99836 31188 0.5000007 142467 52310 4 2 318149.4 9.3867431 22.1003 23.54 377 600736 157914 26222 81 0 0 0 0 0 0 553 155974 10672
23.546625 -0.194824 -0.199822 5.99838 31189 0.5000007 142309 52234 5 2 313349.73 9.3867431 22.1003 23.546625 485 610284 160962 26151 82 0 0 0 0 0 0 553 155806 10511
23.553375 -0.194824 -0.199115 5.99841 31190 0.5000007 142311 52225 4 2 327301.56 9.3867431 22.1003 23.553375 612 621142 164913 27218 83 0 0 0 0 0 0 553 155839 10979
23.56 -0.194824 -0.198422 5.99843 31191 0.5000007 142296 52196 5 2 331296.31 9.3867431 22.1003 23.56 822 635430 170750 27605 84 0 0 0 0 0 0 553 155817 11113
23.566625 -0.194824 -0.197728 5.99845 31192 0.5000007 142389 52227 5 2 338510.72 9.3867431 22.1003 23.566625 1028 651312 176468 28374 85 0 0 0 0 0 0 553 155908 11355
23.573375 -0.194824 -0.197021 5.99848 31193 0.5000007 142372 52215 5 2 349988.18 9.3867431 22.1003 23.573375 1276 664831 182624 29114 86 0 0 0 0 0 0 553 155883 11740
23.58 -0.194824 -0.196328 5.9985 31194 0.5000007 142279 52213 4 2 348527.42 9.3867431 22.1003 23.58 1588 674483 189453 29590 87 0 0 0 0 0 0 553 155787 11691
23.586625 -0.194824 -0.195634 5.99852 31195 0.5000007 142303 52234 4 2 359050.91 9.3867431 22.1003 23.586625 1939 685393 197922 30470 88 0 0 0 0 0 0 553 155808 12044
23.593375 -0.194824 -0.194928 5.99855 31196 0.5000007 142221 52173 4 2 369812.9 9.3867431 22.1003 23.593375 1919 691118 206851 31566 89 0 0 0 0 0 0 553 155743 12405
23.6 -0.194824 -0.194234 5.99857 31197 0.5000007 142277 52181 5 2 379859.41 9.3867431 22.1003 23.6 1769 697933 218959 32968 90 0 0 0 0 0 0 553 155799 12742
23.606625 -0.194824 -0.19354 5.99859 31198 0.5000007 142300 52223 5 2 393930.48 9.3867431 22.1003 23.606625 1613 706152 232420 34233 91 0 0 0 0 0 0 553 155806 13214
23.613375 -0.194824 -0.192834 5.99861 31199 0.5000007 142259 52183 4 2 401919.99 9.3867431 22.1003 23.613375 1377 717051 249337 35793 92 0 0 0 0 0 0 553 155795 13482
23.62 -0.194824 -0.19214 5.99864 31200 0.5000007 142257 52208 5 2 416945.04 9.3867431 22.1003 23.62 1705 734142 272231 37447 93 0 0 0 0 0 0 553 155766 13986
23.626625 -0.194824 -0.191446 5.99866 31200 0.5000007 142332 52204 4 2 439482.61 9.3867431 22.1003 23.626625 2682 763317 304401 39886 94 0 0 0 0 0 0 553 155837 14742
23.633375 -0.194824 -0.19074 5.99868 31201 0.5000007 142262 52181 5 2 465448.51 9.3867431 22.1003 23.633375 4876 800954 346012 42107 95 0 0 0 0 0 0 553 155781 15613
23.64 -0.194824 -0.190046 5.9987 31202 0.5000007 142258 52190 5 2 495051.43 9.3867431 22.1003 23.64 8484 857619 401113 45331 96 0 0 0 0 0 0 553 155767 16606
23.646625 -0.194824 -0.189352 5.99872 31203 0.5000007 142296 52225 4 2 526502.67 9.3867431 22.1003 23.646625 13043 921832 461999 49373 97 0 0 0 0 0 0 553 155810 17661
23.653375 -0.194824 -0.188646 5.99875 31204 0.5000007 142274 52204 4 2 580938.65 9.3867431 22.1003 23.653375 15804 975610 510089 53859 98 0 0 0 0 0 0 553 155775 19487
23.66 -0.194824 -0.187952 5.99877 31205 0.5000007 142250 52217 5 2 643841.13 9.3867431 22.1003 23.66 16489 1014111 535929 59839 99 0 0 0 0 0 0 553 155745 21597
23.666625 -0.194824 -0.187259 5.99879 31206 0.5000007 142331 52233 4 2 726150.95 9.3867431 22.1003 23.666625 17784 1037640 541572 66581 100 0 0 0 0 0 0 553 155853 24358
23.673375 -0.194824 -0.186552 5.99881 31207 0.5000007 142248 52215 5 2 840180.32 9.3867431 22.1003 23.673375 17306 1067701 546698 75374 101 0 0 0 0 0 0 553 155773 28183
23.68 -0.194824 -0.185858 5.99883 31208 0.5000007 142257 52181 4 2 995021.77 9.3867431 22.1003 23.68 15132 1105472 545274 87618 102 0 0 0 0 0 0 553 155758 33377
23.686625 -0.194824 -0.185165 5.99886 31209 0.5000007 142235 52200 4 2 1190287.8 9.3867431 22.1003 23.686625 15951 1167648 543344 102119 103 0 0 0 0 0 0 553 155749 39927
23.693375 -0.194824 -0.184458 5.99888 31210 0.5000007 142327 52220 4 2 1462646.5 9.3867431 22.1003 23.693375 13398 1275693 542516 119932 104 0 0 0 0 0 0 553 155843 49063
23.7 -0.194824 -0.183764 5.9989 31211 0.5000007 142266 52254 4 2 1788427.7 9.3867431 22.1003 23.7 34459 1438618 554872 140915 105 0 0 0 0 0 0 553 155768 59991
23.706625 -0.194824 -0.183071 5.99892 31212 0.5000007 142232 52185 4 2 2141695.2 9.3867431 22.1003 23.706625 48810 1592823 569222 161483 106 0 0 0 0 0 0 553 155738 71841
23.713375 -0.194824 -0.182364 5.99894 31213 0.5000007 142223 52195 4 2 2553572.2 9.3867431 22.1003 23.713375 58143 1666522 600499 189010 107 0 0 0 0 0 0 553 155737 85657
23.72 -0.194824 -0.18167 5.99896 31214 0.5000007 142239 52205 4 2 2957877.1 9.3867431 22.1003 23.72 46510 1615624 626902 220025 108 0 0 0 0 0 0 553 155745 99219
23.726625 -0.194824 -0.180976 5.99898 31215 0.5000007 142210 52182 5 2 3360423.2 9.3867431 22.1003 23.726625 25892 1510613 653874 253568 109 0 0 0 0 0 0 553 155719 112722
23.733375 -0.194824 -0.18027 5.999 31216 0.5000007 142398 52323 6 2 3773552.3 9.3867431 22.1003 23.733375 17495 1405924 667589 283593 110 0 0 0 0 0 0 553 155897 126580
23.74 -0.194824 -0.179576 5.99902 31217 0.5000007 142239 52199 4 2 4185697.7 9.3867431 22.1003 23.74 11237 1316132 667397 306886 111 0 0 0 0 0 0 553 155759 140405
23.746625 -0.194824 -0.178882 5.99905 31218 0.5000007 142217 52214 4 2 4723707.6 9.3867431 22.1003 23.746625 7337 1253178 671302 332601 112 0 0 0 0 0 0 553 155725 158452
23.753375 -0.194824 -0.178176 5.99907 31219 0.5000007 142222 52179 5 2 5506590.1 9.3867431 22.1003 23.753375 4683 1212702 678131 360404 113 0 0 0 0 0 0 553 155711 184713
23.76 -0.194824 -0.177482 5.99909 31220 0.5000007 142243 52211 4 2 6573308.7 9.3867431 22.1003 23.76 5014 1199492 697423 396896 114 0 0 0 0 0 0 553 155758 220495
23.766625 -0.194824 -0.176788 5.99911 31221 0.5000007 142293 52230 4 2 7920822.9 9.3867431 22.1003 23.766625 6389 1207707 726320 439216 115 0 0 0 0 0 0 553 155809 265696
23.773375 -0.194824 -0.176082 5.99913 31222 0.5000007 142267 52257 4 2 9439038.2 9.3867431 22.1003 23.773375 8816 1226946 760538 482871 116 0 0 0 0 0 0 553 155766 316623
23.78 -0.194824 -0.175388 5.99915 31223 0.5000007 142236 52224 4 2 11089707 9.3867431 22.1003 23.78 10228 1258961 801415 532215 117 0 0 0 0 0 0 553 155744 371993
23.786625 -0.194824 -0.174694 5.99917 31224 0.5000007 142209 52214 4 2 12763986 9.3867431 22.1003 23.786625 13190 1300467 851874 588140 118 0 0 0 0 0 0 553 155731 428155
23.793375 -0.194824 -0.173988 5.99919 31225 0.5000007 142292 52243 4 2 14284526 9.3867431 22.1003 23.793375 13853 1340654 896219 635636 119 0 0 0 0 0 0 553 155819 479160
23.8 -0.194824 -0.173294 5.99921 31226 0.5000007 142277 52235 4 2 15499558 9.3867431 22.1003 23.8 13696 1369239 928846 673254 120 0 0 0 0 0 0 553 155788 519917
23.806625 -0.194824 -0.1726 5.99923 31227 0.5000007 142291 52234 4 2 16678487 9.3867431 22.1003 23.806625 14882 1395163 958361 705347 121 0 0 0 0 0 0 553 155807 559463
23.813375 -0.194824 -0.171893 5.99925 31228 0.5000007 142226 52258 4 2 17713278 9.3867431 22.1003 23.813375 15979 1419911 984122 733229 122 0 0 0 0 0 0 553 155744 594174
23.82 -0.194824 -0.1712 5.99927 31229 0.5000007 142323 52255 5 2 18515955 9.3867431 22.1003 23.82 16225 1438583 1002763 754178 123 0 0 0 0 0 0 553 155832 621099
23.826625 -0.194824 -0.170506 5.99929 31230 0.5000007 142316 52285 5 2 19123187 9.3867431 22.1003 23.826625 16304 1455273 1022225 773124 124 0 0 0 0 0 0 553 155822 641468
23.833375 -0.194824 -0.169799 5.99931 31231 0.5000007 142357 52336 5 2 19564310 9.3867431 22.1003 23.833375 16482 1475016 1039749 791024 125 0 0 0 0 0 0 553 155881 656265
23.84 -0.194824 -0.169106 5.99933 31232 0.5000007 142295 52277 3 2 19808556 9.3867431 22.1003 23.84 16573 1485393 1052070 803806 126 0 0 0 0 0 0 553 155800 664458
23.846625 -0.194824 -0.168412 5.99935 31233 0.5000007 142352 52354 4 2 20009725 9.3867431 22.1003 23.846625 17375 1493322 1059795 812701 127 0 0 0 0 0 0 553 155848 671206
23.853375 -0.194824 -0.167705 5.99937 31234 0.5000007 142258 52259 5 2 20051312 9.3867431 22.1003 23.853375 18068 1493018 1059484 815159 128 0 0 0 0 0 0 553 155750 672601
23.86 -0.194824 -0.167011 5.99939 31235 0.5000007 142181 52194 5 2 19940711 9.3867431 22.1003 23.86 17830 1481399 1048667 810182 129 0 0 0 0 0 0 553 155684 668891
23.866625 -0.194824 -0.166318 5.99941 31236 0.5000007 142423 52398 5 2 19862485 9.3867431 22.1003 23.866625 17003 1473618 1040330 808357 130 0 0 0 0 0 0 553 155951 666267
23.873375 -0.194824 -0.165611 5.99943 31237 0.5000007 142577 52466 4 2 19722907 9.3867431 22.1003 23.873375 16223 1457889 1024180 799854 131 0 0 0 0 0 0 553 156079 661585
23.88 -0.194824 -0.164917 5.99945 31238 0.5000007 142542 52411 6 2 19582763 9.3867431 22.1003 23.88 15184 1439609 1007420 789976 132 0 0 0 0 0 0 553 156064 656884
23.886625 -0.194824 -0.164223 5.99946 31239 0.5000007 142568 52411 4 2 19851455 9.3867431 22.1003 23.886625 14488 1440540 1007193 795026 133 0 0 0 0 0 0 553 156081 665897
23.893375 -0.194824 -0.163517 5.99948 31240 0.5000007 142579 52418 4 2 20507012 9.3867431 22.1003 23.893375 13016 1457354 1023787 814474 134 0 0 0 0 0 0 553 156089 687887
23.9 -0.194824 -0.162823 5.9995 31241 0.5000007 142618 52528 4 2 21446644 9.3867431 22.1003 23.9 11462 1483203 1051483 841678 135 0 0 0 0 0 0 553 156109 719406
23.906625 -0.194824 -0.162129 5.99952 31242 0.5000007 142502 52419 5 2 22355629 9.3867431 22.1003 23.906625 11931 1511771 1080361 867931 136 0 0 0 0 0 0 553 156005 749897
23.913375 -0.194824 -0.161422 5.99954 31243 0.5000007 142507 52406 5 2 22697479 9.3867431 22.1003 23.913375 13327 1526545 1095187 875190 137 0 0 0 0 0 0 553 156022 761364
23.92 -0.194824 -0.160729 5.99956 31244 0.5000007 142622 52478 4 2 22471418 9.3867431 22.1003 23.92 13421 1531911 1099617 864634 138 0 0 0 0 0 0 553 156131 753781
23.926625 -0.194824 -0.160035 5.99958 31245 0.5000007 142654 52512 4 2 21462235 9.3867431 22.1003 23.926625 11932 1519311 1087800 828761 139 0 0 0 0 0 0 553 156140 719929
23.933375 -0.194824 -0.159328 5.9996 31246 0.5000007 142616 52525 4 2 19929412 9.3867431 22.1003 23.933375 10438 1504628 1071466 777495 140 0 0 0 0 0 0 553 156118 668512
23.94 -0.194824 -0.158635 5.99962 31247 0.5000007 142595 52517 4 2 18086191 9.3867431 22.1003 23.94 9263 1489560 1056620 716570 141 0 0 0 0 0 0 553 156094 606683
23.946625 -0.194824 -0.157941 5.99963 31248 0.5000007 142563 52473 6 2 16128940 9.3867431 22.1003 23.946625 8381 1475729 1043160 651823 142 0 0 0 0 0 0 553 156039 541029
23.953375 -0.194824 -0.157234 5.99965 31249 0.5000007 142702 52505 5 2 13955645 9.3867431 22.1003 23.953375 7722 1468696 1036057 577123 143 0 0 0 0 0 0 553 156213 468128
23.96 -0.194824 -0.15654 5.99967 31250 0.5000007 142616 52522 4 2 11573370 9.3867431 22.1003 23.96 11648 1505410 1071701 493280 144 0 0 0 0 0 0 553 156103 388217
23.966625 -0.194824 -0.155846 5.99969 31251 0.5000007 142606 52500 4 2 9378192.8 9.3867431 22.1003 23.966625 26582 1648634 1215377 413858 145 0 0 0 0 0 0 553 156113 314582
23.973375 -0.194824 -0.15514 5.99971 31252 0.5000007 142697 52533 3 2 7473797.9 9.3867431 22.1003 23.973375 64480 1954798 1521984 349021 146 0 0 0 0 0 0 553 156197 250701
23.98 -0.194824 -0.154446 5.99972 31253 0.5000007 142709 52539 5 2 5835501.5 9.3867431 22.1003 23.98 157117 2443957 2010661 291192 147 0 0 0 0 0 0 553 156205 195746
23.986625 -0.194824 -0.153752 5.99974 31254 0.5000007 142640 52527 5 2 4547521.1 9.3867431 22.1003 23.986625 212944 2967415 2533493 245625 148 0 0 0 0 0 0 553 156132 152542
23.993375 -0.194824 -0.153045 5.99976 31255 0.5000007 142664 52579 4 2 3577242.9 9.3867431 22.1003 23.993375 131336 2605479 2171115 209994 149 0 0 0 0 0 0 553 156162 119995
24 -0.194824 -0.152352 5.99978 31256 0.5000007 142639 52559 4 2 2878816.8 9.3867431 22.1003 24 59975 1981297 1548503 183710 150 0 0 0 0 0 0 553 156148 96567
24.006625 -0.194824 -0.151658 5.9998 31257 0.5000007 142609 52503 5 2 2344354.4 9.3867431 22.1003 24.006625 36936 1546246 1113075 163034 151 0 0 0 0 0 0 553 156086 78639
24.013375 -0.194824 -0.150951 5.99981 31258 0.5000007 142711 52575 5 2 1969026.4 9.3867431 22.1003 24.013375 16787 1255024 822066 148935 152 0 0 0 0 0 0 553 156210 66049
24.02 -0.194824 -0.150257 5.99983 31259 0.5000007 142617 52573 4 2 1678184.4 9.3867431 22.1003 24.02 10467 1092046 659974 137704 153 0 0 0 0 0 0 553 156120 56293
24.026625 -0.194824 -0.149564 5.99985 31260 0.5000007 142765 52650 4 2 1457340.1 9.3867431 22.1003 24.026625 8314 1000084 567167 129955 154 0 0 0 0 0 0 553 156258 48885
24.033375 -0.194824 -0.148857 5.99987 31261 0.5000007 142764 52650 4 2 1271256.1 9.3867431 22.1003 24.033375 3308 932508 500217 122229 155 0 0 0 0 0 0 553 156263 42643
24.04 -0.194824 -0.148163 5.99988 31262 0.5000007 142727 52627 5 2 1121989.4 9.3867431 22.1003 24.04 3583 895800 462281 115646 156 0 0 0 0 0 0 553 156213 37636
24.046625 -0.194824 -0.147469 5.9999 31262 0.5000007 142756 52644 4 2 1012700.1 9.3867431 22.1003 24.046625 2729 869606 435653 110075 157 0 0 0 0 0 0 553 156246 33970
24.053375 -0.194824 -0.146762 5.99992 31263 0.5000007 142692 52598 4 2 939333.7 9.3867431 22.1003 24.053375 2802 844705 410976 103732 158 0 0 0 0 0 0 553 156182 31509
24.06 -0.194824 -0.146069 5.99993 31264 0.5000007 142712 52589 4 2 874582.91 9.3867431 22.1003 24.06 2087 825602 391312 98750 159 0 0 0 0 0 0 553 156213 29337
24.066625 -0.194824 -0.145375 5.99995 31265 0.5000007 142741 52625 4 2 825602.45 9.3867431 22.1003 24.066625 1812 808727 374427 93935 160 0 0 0 0 0 0 553 156236 27694
24.073375 -0.194824 -0.144668 5.99997 31266 0.5000007 142657 52611 5 2 778977.11 9.3867431 22.1003 24.073375 1920 799744 365989 90206 161 0 0 0 0 0 0 553 156148 26130
24.08 -0.194824 -0.143974 5.99998 31267 0.5000007 142735 52623 5 2 750536.84 9.3867431 22.1003 24.08 2006 794941 361762 85859 162 0 0 0 0 0 0 553 156217 25176
24.086625 -0.194824 -0.14328 6 31268 0.5000007 142785 52673 4 2 739327.68 9.3867431 22.1003 24.086625 2095 794280 359530 83042 163 0 0 0 0 0 0 553 156251 24800
24.093375 -0.194824 -0.142574 6.00002 31269 0.5000007 142703 52639 4 2 710499.86 9.3867431 22.1003 24.093375 2320 795611 360266 78433 164 0 0 0 0 0 0 553 156192 23833
24.1 -0.194824 -0.14188 6.00003 31270 0.5000007 142756 52651 4 2 691658.93 9.3867431 22.1003 24.1 2542 797789 363083 74077 165 0 0 0 0 0 0 553 156250 23201
24.106625 -0.194824 -0.141186 6.00005 31271 0.5000007 142775 52678 4 2 684414.71 9.3867431 22.1003 24.106625 2904 802381 368275 70074 166 0 0 0 0 0 0 553 156254 22958
24.113375 -0.194824 -0.140479 6.00007 31272 0.5000007 142776 52705 4 2 671864.03 9.3867431 22.1003 24.113375 3594 812876 377273 65819 167 0 0 0 0 0 0 553 156285 22537
24.12 -0.194824 -0.139785 6.00008 31273 0.5000007 142760 52693 5 2 666080.58 9.3867431 22.1003 24.12 4334 824350 389158 62248 168 0 0 0 0 0 0 553 156245 22343
24.126625 -0.194824 -0.139092 6.0001 31274 0.5000007 142714 52632 4 2 667302.85 9.3867431 22.1003 24.126625 5456 843304 408124 59468 169 0 0 0 0 0 0 553 156214 22384
24.133375 -0.194824 -0.138385 6.00012 31275 0.5000007 142660 52595 4 2 669538.72 9.3867431 22.1003 24.133375 7156 867954 434489 57739 170 0 0 0 0 0 0 553 156149 22459
24.14 -0.194824 -0.137691 6.00013 31276 0.5000007 142772 52651 5 2 680867.13 9.3867431 22.1003 24.14 10380 901224 467612 56477 171 0 0 0 0 0 0 553 156266 22839
24.146625 -0.194824 -0.136997 6.00015 31277 0.5000007 142818 52707 5 2 679555.42 9.3867431 22.1003 24.146625 14853 941100 507985 54877 172 0 0 0 0 0 0 553 156315 22795
24.153375 -0.194824 -0.13629 6.00016 31278 0.5000007 142771 52692 4 2 706564.73 9.3867431 22.1003 24.153375 21297 1001057 566881 54811 173 0 0 0 0 0 0 553 156268 23701
24.16 -0.194824 -0.135597 6.00018 31279 0.5000007 142750 52703 5 2 734677.07 9.3867431 22.1003 24.16 32495 1079809 647479 55291 174 0 0 0 0 0 0 553 156230 24644
24.166625 -0.194824 -0.134903 6.0002 31280 0.5000007 142739 52674 5 2 761239.21 9.3867431 22.1003 24.166625 49840 1181579 749457 55904 175 0 0 0 0 0 0 553 156228 25535
24.173375 -0.194824 -0.134196 6.00021 31281 0.5000007 142755 52692 5 2 795164.81 9.3867431 22.1003 24.173375 68727 1305671 873249 57063 176 0 0 0 0 0 0 553 156253 26673
24.18 -0.194824 -0.133502 6.00023 31282 0.5000007 142737 52704 3 2 834068.94 9.3867431 22.1003 24.18 102239 1472779 1041654 58777 177 0 0 0 0 0 0 553 156225 27978
24.186625 -0.194824 -0.132808 6.00024 31283 0.5000007 142825 52743 5 2 888296.25 9.3867431 22.1003 24.186625 148773 1637227 1205742 61142 178 0 0 0 0 0 0 553 156316 29797
24.193375 -0.194824 -0.132101 6.00026 31284 0.5000007 142751 52719 5 2 939095.21 9.3867431 22.1003 24.193375 169137 1729318 1299146 63440 179 0 0 0 0 0 0 553 156236 31501
24.2 -0.194824 -0.131408 6.00027 31285 0.5000007 142840 52737 4 2 990132.67 9.3867431 22.1003 24.2 176026 1784097 1353041 65284 180 0 0 0 0 0 0 553 156323 33213
24.206625 -0.194824 -0.130714 6.00029 31286 0.5000007 142764 52709 4 2 1023462 9.3867431 22.1003 24.206625 226558 1780441 1350018 67302 181 0 0 0 0 0 0 553 156250 34331
24.213375 -0.194824 -0.130007 6.0003 31287 0.5000007 142779 52723 3 2 1038844.8 9.3867431 22.1003 24.213375 206125 1675920 1246111 68208 182 0 0 0 0 0 0 553 156280 34847
24.22 -0.194824 -0.129313 6.00032 31288 0.5000007 142722 52665 5 2 1052409.1 9.3867431 22.1003 24.22 138796 1536817 1107187 68668 183 0 0 0 0 0 0 553 156204 35302
24.226625 -0.194824 -0.128619 6.00033 31289 0.5000007 142741 52686 5 2 1022269.6 9.3867431 22.1003 24.226625 106129 1388062 958761 67345 184 0 0 0 0 0 0 553 156223 34291
24.233375 -0.194824 -0.127912 6.00035 31290 0.5000007 142788 52734 3 2 992010.8 9.3867431 22.1003 24.233375 69403 1265082 836374 66026 185 0 0 0 0 0 0 553 156265 33276
24.24 -0.194824 -0.127219 6.00036 31291 0.5000007 142651 52654 5 2 950930.42 9.3867431 22.1003 24.24 61446 1188397 760563 63814 186 0 0 0 0 0 0 553 156141 31898
24.246625 -0.194824 -0.126525 6.00038 31292 0.5000007 142831 52759 5 2 897865.77 9.3867431 22.1003 24.246625 48800 1143342 715350 61710 187 0 0 0 0 0 0 553 156318 30118
24.253375 -0.194824 -0.125818 6.00039 31293 0.5000007 142781 52768 5 2 838987.86 9.3867431 22.1003 24.253375 35691 1101226 673065 58464 188 0 0 0 0 0 0 553 156296 28143
24.26 -0.194824 -0.125124 6.00041 31294 0.5000007 142733 52695 4 2 786638.69 9.3867431 22.1003 24.26 24694 1040666 612773 55716 189 0 0 0 0 0 0 553 156209 26387
24.266625 -0.194824 -0.12443 6.00042 31295 0.5000007 142571 52579 3 2 702689.22 9.3867431 22.1003 24.266625 18683 945676 520440 51578 190 0 0 0 0 0 0 553 156072 23571
24.273375 -0.194824 -0.123723 6.00044 31296 0.5000007 142750 52751 5 2 641724.5 9.3867431 22.1003 24.273375 14893 860461 433302 48328 191 0 0 0 0 0 0 553 156242 21526
24.28 -0.194824 -0.123029 6.00045 31297 0.5000007 142834 52762 5 2 583860.19 9.3867431 22.1003 24.28 9777 787316 361617 45347 192 0 0 0 0 0 0 553 156321 19585
24.286625 -0.194824 -0.122336 6.00047 31298 0.5000007 142789 52727 3 2 535833.7 9.3867431 22.1003 24.286625 6943 737588 312307 42312 193 0 0 0 0 0 0 553 156278 17974
24.293375 -0.194824 -0.121629 6.00048 31299 0.5000007 142823 52772 5 2 499135.62 9.3867431 22.1003 24.293375 5179 703874 278535 40313 194 0 0 0 0 0 0 553 156326 16743
24.3 -0.194824 -0.120935 6.00049 31300 0.5000007 142787 52738 4 2 464405.1 9.3867431 22.1003 24.3 3676 681077 256230 38507 195 0 0 0 0 0 0 553 156276 15578
24.306625 -0.194824 -0.120241 6.00051 31301 0.5000007 142843 52778 5 2 432715.37 9.3867431 22.1003 24.306625 2575 666909 239810 36571 196 0 0 0 0 0 0 553 156322 14515
24.313375 -0.194824 -0.119534 6.00052 31302 0.5000007 142900 52848 5 2 408150.62 9.3867431 22.1003 24.313375 1876 651289 226275 34652 197 0 0 0 0 0 0 553 156374 13691
24.32 -0.194824 -0.11884 6.00054 31303 0.5000007 142723 52718 4 2 388773.08 9.3867431 22.1003 24.32 1326 640178 215561 33748 198 0 0 0 0 0 0 553 156214 13041
24.326625 -0.194824 -0.118147 6.00055 31304 0.5000007 142807 52789 4 2 374225.01 9.3867431 22.1003 24.326625 1063 630890 206247 32077 199 0 0 0 0 0 0 553 156291 12553
24.333375 -0.194824 -0.11744 6.00056 31305 0.5000007 142927 52814 4 2 355085.97 9.3867431 22.1003 24.333375 993 624695 199318 30620 200 0 0 0 0 0 0 553 156421 11911
24.34 -0.194824 -0.116746 6.00058 31306 0.5000007 142911 52855 5 2 344771.15 9.3867431 22.1003 24.34 855 617861 192265 29604 201 0 0 0 0 0 0 553 156397 11565
24.346625 -0.194824 -0.116052 6.00059 31307 0.5000007 142894 52789 5 2 334575.59 9.3867431 22.1003 24.346625 875 610434 186935 28866 202 0 0 0 0 0 0 553 156387 11223
24.353375 -0.194824 -0.115345 6.0006 31308 0.5000007 142882 52801 4 2 325393.61 9.3867431 22.1003 24.353375 720 603082 178770 27676 203 0 0 0 0 0 0 553 156373 10915
24.36 -0.194824 -0.114651 6.00062 31309 0.5000007 142869 52840 4 2 319103.37 9.3867431 22.1003 24.36 510 595166 171452 26783 204 0 0 0 0 0 0 553 156353 10704
24.366625 -0.194824 -0.113957 6.00063 31310 0.5000007 142794 52780 5 2 312067.83 9.3867431 22.1003 24.366625 419 587818 164652 26339 205 0 0 0 0 0 0 553 156275 10468
24.373375 -0.194824 -0.11325 6.00064 31311 0.5000007 142910 52881 5 2 311531.22 9.3867431 22.1003 24.373375 328 584484 160400 25939 206 0 0 0 0 0 0 553 156394 10450
24.38 -0.194824 -0.112557 6.00066 31312 0.5000007 142707 52755 5 2 303452.28 9.3867431 22.1003 24.38 283 579476 156025 25120 207 0 0 0 0 0 0 553 156171 10179
24.386625 -0.194824 -0.111863 6.00067 31313 0.5000007 142876 52829 5 2 300262.44 9.3867431 22.1003 24.386625 287 576668 152764 25006 208 0 0 0 0 0 0 553 156348 10072
24.393375 -0.194824 -0.111156 6.00068 31314 0.5000007 142863 52829 3 2 301812.64 9.3867431 22.1003 24.393375 245 574161 150311 24698 209 0 0 0 0 0 0 553 156346 10124
24.4 -0.194824 -0.110462 6.0007 31315 0.5000007 142846 52847 4 2 300799.04 9.3867431 22.1003 24.4 229 570795 147479 24783 210 0 0 0 0 0 0 553 156307 10090
24.406625 -0.194824 -0.109768 6.00071 31316 0.5000007 142855 52803 4 2 291855.56 9.3867431 22.1003 24.406625 209 568713 145541 24271 211 0 0 0 0 0 0 553 156338 9790
24.413375 -0.194824 -0.109061 6.00072 31317 0.5000007 142836 52850 4 2 294270.3 9.3867431 22.1003 24.413375 193 566003 143662 24201 212 0 0 0 0 0 0 553 156331 9871
24.42 -0.194824 -0.108367 6.00073 31317 0.5000007 142887 52825 5 2 291646.88 9.3867431 22.1003 24.42 147 564664 141830 24089 213 0 0 0 0 0 0 553 156370 9783
24.426625 -0.194824 -0.107673 6.00075 31318 0.5000007 142800 52780 5 2 291348.77 9.3867431 22.1003 24.426625 147 561664 139389 23797 214 0 0 0 0 0 0 553 156289 9773
24.433375 -0.194824 -0.106966 6.00076 31319 0.5000007 142834 52820 5 2 288367.61 9.3867431 22.1003 24.433375 120 560420 138772 23837 215 0 0 0 0 0 0 553 156306 9673
24.44 -0.194824 -0.106273 6.00077 31320 0.5000007 142860 52843 4 2 282524.53 9.3867431 22.1003 24.44 97 558359 136811 23474 216 0 0 0 0 0 0 553 156341 9477
24.446625 -0.194824 -0.105579 6.00078 31321 0.5000007 142810 52842 4 2 285952.87 9.3867431 22.1003 24.446625 110 557480 135209 23440 217 0 0 0 0 0 0 553 156298 9592
24.453375 -0.194824 -0.104872 6.0008 31322 0.5000007 142754 52811 4 2 278291.29 9.3867431 22.1003 24.453375 83 553901 134313 23177 218 0 0 0 0 0 0 553 156243 9335
24.46 -0.194824 -0.104178 6.00081 31323 0.5000007 142741 52753 4 2 279871.3 9.3867431 22.1003 24.46 83 554738 132910 22983 219 0 0 0 0 0 0 553 156230 9388
24.466625 -0.194824 -0.103484 6.00082 31324 0.5000007 142784 52789 5 2 278172.04 9.3867431 22.1003 24.466625 78 552827 131752 22833 220 0 0 0 0 0 0 553 156277 9331
24.473375 -0.194824 -0.102777 6.00083 31325 0.5000007 142833 52847 5 2 278887.52 9.3867431 22.1003 24.473375 91 553846 131987 23010 221 0 0 0 0 0 0 553 156314 9355
24.48 -0.194824 -0.102083 6.00084 31326 0.5000007 142675 52747 4 2 277367.13 9.3867431 22.1003 24.48 82 551229 130250 22732 222 0 0 0 0 0 0 553 156173 9304
24.486625 -0.194824 -0.101389 6.00086 31327 0.5000007 142747 52776 4 2 275787.11 9.3867431 22.1003 24.486625 74 550995 129194 22613 223 0 0 0 0 0 0 553 156230 9251
24.493375 -0.194824 -0.100682 6.00087 31328 0.5000007 142755 52813 4 2 277724.87 9.3867431 22.1003 24.493375 89 550288 129018 22791 224 0 0 0 0 0 0 553 156235 9316
24.5 -0.194824 -0.0999886 6.00088 31329 0.5000007 142764 52773 5 2 280914.71 9.3867431 22.1003 24.5 78 548865 128418 22685 225 0 0 0 0 0 0 553 156248 9423
24.506625 -0.194824 -0.0992947 6.00089 31330 0.5000007 142654 52713 4 2 276293.91 9.3867431 22.1003 24.506625 86 546803 127062 22240 226 0 0 0 0 0 0 553 156121 9268
24.513375 -0.194824 -0.0985877 6.0009 31331 0.5000007 142680 52675 5 2 273461.81 9.3867431 22.1003 24.513375 66 546646 126728 22310 227 0 0 0 0 0 0 553 156160 9173
24.52 -0.194824 -0.0978938 6.00091 31332 0.5000007 142768 52804 5 2 275489 9.3867431 22.1003 24.52 76 545296 126441 22457 228 0 0 0 0 0 0 553 156242 9241
24.526625 -0.194824 -0.0972 6.00092 31333 0.5000007 142618 52709 5 2 270093.1 9.3867431 22.1003 24.526625 75 543918 125187 22097 229 0 0 0 0 0 0 553 156113 9060
24.533375 -0.194824 -0.096493 6.00094 31334 0.5000007 142655 52675 5 2 274892.76 9.3867431 22.1003 24.533375 71 545520 125514 22182 230 0 0 0 0 0 0 553 156131 9221
24.54 -0.194824 -0.0957991 6.00095 31335 0.5000007 142653 52721 5 2 267052.31 9.3867431 22.1003 24.54 71 542762 124033 21776 231 0 0 0 0 0 0 553 156137 8958
24.546625 -0.194824 -0.0951052 6.00096 31336 0.5000007 142669 52678 4 2 266843.63 9.3867431 22.1003 24.546625 75 541940 123950 21930 232 0 0 0 0 0 0 553 156170 8951
24.553375 -0.194824 -0.0943983 6.00097 31337 0.5000007 142567 52677 4 2 270182.53 9.3867431 22.1003 24.553375 95 540983 123005 21991 233 0 0 0 0 0 0 553 156032 9063
24.56 -0.194824 -0.0937044 6.00098 31338 0.5000007 142615 52644 5 2 269139.12 9.3867431 22.1003 24.56 73 539590 123024 21828 234 0 0 0 0 0 0 553 156095 9028
24.566625 -0.194824 -0.0930105 6.00099 31339 0.5000007 142628 52721 5 2 263415.3 9.3867431 22.1003 24.566625 74 539864 122560 21718 235 0 0 0 0 0 0 553 156112 8836
24.573375 -0.194824 -0.0923035 6.001 31340 0.5000007 142532 52620 5 2 269705.55 9.3867431 22.1003 24.573375 64 538450 122017 21932 236 0 0 0 0 0 0 553 156022 9047
24.58 -0.194824 -0.0916097 6.00101 31341 0.5000007 142469 52560 5 2 270361.4 9.3867431 22.1003 24.58 76 538373 121894 21933 237 0 0 0 0 0 0 553 155946 9069
24.586625 -0.194824 -0.0909158 6.00102 31342 0.5000007 142579 52650 4 2 268483.27 9.3867431 22.1003 24.586625 68 537216 121335 21782 238 0 0 0 0 0 0 553 156069 9006
24.593375 -0.194824 -0.0902088 6.00103 31343 0.5000007 142524 52602 4 2 266605.14 9.3867431 22.1003 24.593375 78 537053 120201 21449 239 0 0 0 0 0 0 553 155999 8943
24.6 -0.194824 -0.0895149 6.00104 31344 0.5000007 142573 52639 4 2 268214.97 9.3867431 22.1003 24.6 72 535264 120559 21579 240 0 0 0 0 0 0 553 156051 8997
24.606625 -0.194824 -0.088821 6.00105 31345 0.5000007 142515 52573 5 2 264458.7 9.3867431 22.1003 24.606625 81 534477 119861 21528 241 0 0 0 0 0 0 553 155995 8871
24.613375 -0.194824 -0.088114 6.00107 31346 0.5000007 142470 52584 5 2 265710.79 9.3867431 22.1003 24.613375 85 535177 119841 21410 242 0 0 0 0 0 0 553 155947 8913
24.62 -0.194824 -0.0874201 6.00108 31347 0.5000007 142524 52576 4 2 266247.4 9.3867431 22.1003 24.62 72 534837 119953 21441 243 0 0 0 0 0 0 553 156018 8931
24.626625 -0.194824 -0.0867262 6.00109 31348 0.5000007 142435 52595 4 2 263862.47 9.3867431 22.1003 24.626625 90 532802 119348 21448 244 0 0 0 0 0 0 553 155917 8851
24.633375 -0.194824 -0.0860193 6.0011 31349 0.5000007 142389 52546 5 2 262103.59 9.3867431 22.1003 24.633375 72 531975 119424 21333 245 0 0 0 0 0 0 553 155903 8792
24.64 -0.194824 -0.0853254 6.00111 31350 0.5000007 142449 52549 3 2 262878.69 9.3867431 22.1003 24.64 86 532786 119123 21536 246 0 0 0 0 0 0 553 155938 8818
24.646625 -0.194824 -0.0846315 6.00112 31351 0.5000007 142320 52477 5 2 262103.59 9.3867431 22.1003 24.646625 70 531128 118296 21411 247 0 0 0 0 0 0 553 155791 8792
24.653375 -0.194824 -0.0839245 6.00113 31352 0.5000007 142433 52559 5 2 266903.25 9.3867431 22.1003 24.653375 64 531347 118502 21424 248 0 0 0 0 0 0 553 155929 8953
24.66 -0.194824 -0.0832306 6.00113 31353 0.5000007 142332 52512 5 2 261507.36 9.3867431 22.1003 24.66 85 530761 117844 21062 249 0 0 0 0 0 0 553 155835 8772
24.666625 -0.194824 -0.0825367 6.00114 31354 0.5000007 142534 52591 5 2 262491.14 9.3867431 22.1003 24.666625 68 530838 117790 21225 250 0 0 0 0 0 0 553 156021 8805
24.673375 -0.194824 -0.0818297 6.00115 31355 0.5000007 142405 52556 4 2 259480.17 9.3867431 22.1003 24.673375 76 529183 117015 21063 251 0 0 0 0 0 0 553 155895 8704
24.68 -0.194824 -0.0811358 6.00116 31356 0.5000007 143045 52838 4 2 257661.66 9.3867431 22.1003 24.68 82 531449 117410 21040 252 0 0 0 0 0 0 553 156533 8643
24.686625 -0.194824 -0.0804419 6.00117 31357 0.5000007 143042 52796 4 2 255962.4 9.3867431 22.1003 24.686625 69 530984 117703 20853 253 0 0 0 0 0 0 553 156515 8586
24.693375 -0.194824 -0.0797349 6.00118 31358 0.5000007 142946 52740 4 2 255187.3 9.3867431 22.1003 24.693375 74 530104 117300 20955 254 0 0 0 0 0 0 553 156443 8560
24.7 -0.194824 -0.079041 6.00119 31359 0.5000007 143048 52792 5 2 258406.95 9.3867431 22.1003 24.7 66 531201 117330 21111 255 0 0 0 0 0 0 553 156521 8668
24.706625 -0.194824 -0.0783471 6.0012 31360 0.5000007 142974 52772 5 2 259718.66 9.3867431 22.1003 24.706625 84 530067 116568 21065 256 0 0 0 0 0 0 553 156470 8712
24.713375 -0.194824 -0.0776401 6.00121 31361 0.5000007 142938 52712 4 2 254471.82 9.3867431 22.1003 24.713375 75 528896 117021 20834 257 0 0 0 0 0 0 553 156424 8536
24.72 -0.194824 -0.0769462 6.00122 31362 0.5000007 142949 52751 5 2 261328.49 9.3867431 22.1003 24.72 91 529289 116673 21077 258 0 0 0 0 0 0 553 156448 8766
24.726625 -0.194824 -0.0762522 6.00123 31363 0.5000007 143010 52725 4 2 254829.56 9.3867431 22.1003 24.726625 65 527854 116035 21038 259 0 0 0 0 0 0 553 156505 8548
24.733375 -0.194824 -0.0755452 6.00124 31364 0.5000007 142878 52664 4 2 262103.59 9.3867431 22.1003 24.733375 70 527850 116858 21126 260 0 0 0 0 0 0 553 156369 8792
24.74 -0.194824 -0.0748513 6.00125 31365 0.5000007 142945 52701 5 2 259927.34 9.3867431 22.1003 24.74 75 527540 116327 21097 261 0 0 0 0 0 0 553 156422 8719
24.746625 -0.194824 -0.0741574 6.00125 31366 0.5000007 142916 52739 5 2 256588.44 9.3867431 22.1003 24.746625 79 526597 115709 20828 262 0 0 0 0 0 0 553 156397 8607
24.753375 -0.194824 -0.0734504 6.00126 31367 0.5000007 142870 52680 4 2 254591.06 9.3867431 22.1003 24.753375 63 525765 115034 20692 263 0 0 0 0 0 0 553 156368 8540
24.76 -0.194824 -0.0727565 6.00127 31368 0.5000007 142931 52671 4 2 256677.88 9.3867431 22.1003 24.76 67 526511 115424 20726 264 0 0 0 0 0 0 553 156407 8610
24.766625 -0.194824 -0.0720626 6.00128 31369 0.5000007 142879 52666 4 2 255485.41 9.3867431 22.1003 24.766625 67 526658 115321 20666 265 0 0 0 0 0 0 553 156379 8570
24.773375 -0.194824 -0.0713556 6.00129 31370 0.5000007 142819 52713 4 2 256230.7 9.3867431 22.1003 24.773375 74 525897 115264 20957 266 0 0 0 0 0 0 553 156289 8595
24.78 -0.194824 -0.0706617 6.0013 31370 0.5000007 142886 52684 5 2 256558.63 9.3867431 22.1003 24.78 81 526355 115402 20673 267 0 0 0 0 0 0 553 156365 8606
24.786625 -0.194824 -0.0699677 6.0013 31371 0.5000007 142839 52667 5 2 252355.19 9.3867431 22.1003 24.786625 69 525189 115349 20734 268 0 0 0 0 0 0 553 156335 8465
24.793375 -0.194824 -0.0692607 6.00131 31372 0.5000007 142844 52646 4 2 256528.82 9.3867431 22.1003 24.793375 66 525000 115853 20701 269 0 0 0 0 0 0 553 156323 8605
24.8 -0.194824 -0.0685668 6.00132 31373 0.5000007 142778 52602 4 2 252057.08 9.3867431 22.1003 24.8 72 523089 114720 20793 270 0 0 0 0 0 0 553 156270 8455
24.806625 -0.194824 -0.0678729 6.00133 31374 0.5000007 142802 52639 4 2 253696.72 9.3867431 22.1003 24.806625 83 524469 114897 20544 271 0 0 0 0 0 0 553 156276 8510
24.813375 -0.194824 -0.0671659 6.00134 31376 0.5000007 142819 52605 5 2 255038.24 9.3867431 22.1003 24.813375 72 523294 114262 20660 272 0 0 0 0 0 0 553 156319 8555
24.82 -0.194824 -0.0664719 6.00134 31377 0.5000007 142780 52598 4 2 251580.09 9.3867431 22.1003 24.82 70 522813 114906 20658 273 0 0 0 0 0 0 553 156255 8439
24.826625 -0.194824 -0.065778 6.00135 31377 0.5000007 142670 52555 5 2 251729.15 9.3867431 22.1003 24.826625 74 522552 114270 20562 274 0 0 0 0 0 0 553 156161 8444
24.833375 -0.194824 -0.065071 6.00136 31379 0.5000007 142765 52619 4 2 256588.44 9.3867431 22.1003 24.833375 63 521762 114295 20572 275 0 0 0 0 0 0 553 156266 8607
24.84 -0.194824 -0.0643771 6.00137 31379 0.5000007 142705 52571 4 2 257423.17 9.3867431 22.1003 24.84 82 522159 114378 20601 276 0 0 0 0 0 0 553 156165 8635
24.846625 -0.194824 -0.0636831 6.00137 31380 0.5000007 142809 52649 4 2 254143.89 9.3867431 22.1003 24.846625 81 522927 113914 20584 277 0 0 0 0 0 0 553 156273 8525
24.853375 -0.194824 -0.0629761 6.00138 31382 0.5000007 142755 52582 4 2 251878.21 9.3867431 22.1003 24.853375 68 521221 113692 20523 278 0 0 0 0 0 0 553 156237 8449
24.86 -0.194824 -0.0622822 6.00139 31382 0.5000007 142787 52639 4 2 252206.14 9.3867431 22.1003 24.86 73 520941 113934 20420 279 0 0 0 0 0 0 553 156270 8460
24.866625 -0.194824 -0.0615883 6.0014 31383 0.5000007 142723 52566 4 2 250328.01 9.3867431 22.1003 24.866625 79 520738 113678 20377 280 0 0 0 0 0 0 553 156221 8397
24.873375 -0.194824 -0.0608812 6.0014 31384 0.5000007 142649 52547 4 2 249851.02 9.3867431 22.1003 24.873375 71 519313 113188 20438 281 0 0 0 0 0 0 553 156136 8381
24.88 -0.194824 -0.0601873 6.00141 31385 0.5000007 142695 52557 4 2 255306.54 9.3867431 22.1003 24.88 88 519422 113540 20487 282 0 0 0 0 0 0 553 156177 8564
24.886625 -0.194824 -0.0594934 6.00142 31386 0.5000007 142672 52534 4 2 251699.34 9.3867431 22.1003 24.886625 68 519229 113526 20404 283 0 0 0 0 0 0 553 156169 8443
24.893375 -0.194824 -0.0587864 6.00142 31387 0.5000007 142696 52578 4 2 252176.32 9.3867431 22.1003 24.893375 77 518764 113862 20591 284 0 0 0 0 0 0 553 156181 8459
24.9 -0.194824 -0.0580924 6.00143 31388 0.5000007 142649 52542 4 2 250894.43 9.3867431 22.1003 24.9 67 517677 112693 20345 285 0 0 0 0 0 0 553 156125 8416
24.906625 -0.194824 -0.0573985 6.00144 31389 0.5000007 142652 52544 4 2 252027.27 9.3867431 22.1003 24.906625 74 518351 113134 20534 286 0 0 0 0 0 0 553 156151 8454
24.913375 -0.194824 -0.0566915 6.00144 31390 0.5000007 142671 52548 4 2 249642.34 9.3867431 22.1003 24.913375 90 517182 112533 20149 287 0 0 0 0 0 0 553 156174 8374
24.92 -0.194824 -0.0559975 6.00145 31391 0.5000007 142667 52532 5 2 253100.48 9.3867431 22.1003 24.92 62 517814 113065 20467 288 0 0 0 0 0 0 553 156162 8490
24.926625 -0.194824 -0.0553036 6.00146 31392 0.5000007 142675 52564 4 2 251580.09 9.3867431 22.1003 24.926625 85 518335 113777 20417 289 0 0 0 0 0 0 553 156163 8439
24.933375 -0.194824 -0.0545966 6.00146 31393 0.5000007 142670 52540 4 2 250745.37 9.3867431 22.1003 24.933375 84 517721 112261 20330 290 0 0 0 0 0 0 553 156175 8411
24.94 -0.194824 -0.0539026 6.00147 31394 0.5000007 142704 52566 4 2 252534.06 9.3867431 22.1003 24.94 77 517671 112815 20265 291 0 0 0 0 0 0 553 156203 8471
24.946625 -0.194824 -0.0532087 6.00148 31395 0.5000007 142595 52527 4 2 250417.44 9.3867431 22.1003 24.946625 80 517058 113177 20357 292 0 0 0 0 0 0 553 156095 8400
24.953375 -0.194824 -0.0525016 6.00148 31396 0.5000007 142550 52478 5 2 243769.45 9.3867431 22.1003 24.953375 99 515763 111857 19968 293 0 0 0 0 0 0 553 156061 8177
24.96 -0.194824 -0.0518077 6.00149 31397 0.5000007 142565 52479 5 2 247853.64 9.3867431 22.1003 24.96 85 515886 111788 20050 294 0 0 0 0 0 0 553 156042 8314
24.966625 -0.194824 -0.0511138 6.00149 31398 0.5000007 142614 52514 5 2 249582.72 9.3867431 22.1003 24.966625 70 515781 112621 20171 295 0 0 0 0 0 0 553 156103 8372
24.973375 -0.194824 -0.0504067 6.0015 31399 0.5000007 142577 52469 4 2 252146.51 9.3867431 22.1003 24.973375 78 516601 112472 20273 296 0 0 0 0 0 0 553 156077 8458
24.98 -0.194824 -0.0497128 6.00151 31400 0.5000007 142529 52482 4 2 248092.14 9.3867431 22.1003 24.98 88 514121 112291 20120 297 0 0 0 0 0 0 553 156025 8322
24.986625 -0.194824 -0.0490188 6.00151 31401 0.5000007 142396 52406 4 2 245528.34 9.3867431 22.1003 24.986625 91 513700 111863 20028 298 0 0 0 0 0 0 553 155903 8236
24.993375 -0.194824 -0.0483118 6.00152 31402 0.5000007 142617 52532 5 2 250477.06 9.3867431 22.1003 24.993375 90 514913 112925 20404 299 0 0 0 0 0 0 553 156105 8402
25 -0.194824 -0.0476179 6.00152 31403 0.5000007 142565 52524 5 2 245409.09 9.3867431 22.1003 25 76 514709 112423 20220 300 0 0 0 0 0 0 553 156055 8232
