Eta  H  K  L  Epoch  Sec  ion1  Hubmon  scan_bar  Filters  Correct  Qmag  Energy  Graze  p_peak  p_total  p_del_s  p_nu_s  p_image  p_xcen  p_xsig  p_ycen  p_ysig  power  tempsp  gun_on  ion0  p_point
23.78 6.23277e-05 -0.171066 5.99756 722 0.5000007 140637 103748 5 2 262670.01 9.3791289 22.1003 23.78 71 541432 118153 21251 0 0 0 0 0 0 0 553 154504 8811
23.79 6.14164e-05 -0.170019 5.99759 723 0.5000007 140660 103828 4 2 260195.64 9.3791289 22.1003 23.79 64 541447 118371 21338 1 0 0 0 0 0 0 553 154540 8728
23.8 6.05107e-05 -0.168973 5.99762 724 0.5000007 140710 103829 5 2 259390.73 9.3791289 22.1003 23.8 68 542164 117999 21165 2 0 0 0 0 0 0 553 154585 8701
23.81 5.96106e-05 -0.167927 5.99765 725 0.5000007 140648 103861 5 2 259003.18 9.3791289 22.1003 23.81 64 542868 118323 21182 3 0 0 0 0 0 0 553 154528 8688
23.82 5.8716e-05 -0.16688 5.99768 726 0.5000007 140566 103733 5 2 258973.37 9.3791289 22.1003 23.82 71 541927 117675 21113 4 0 0 0 0 0 0 553 154427 8687
23.83 5.7827e-05 -0.165834 5.99771 727 0.5000007 140636 103823 4 2 263415.3 9.3791289 22.1003 23.83 79 544333 118150 21462 5 0 0 0 0 0 0 553 154531 8836
23.84 5.69437e-05 -0.164788 5.99774 728 0.5000007 140568 103701 5 2 265323.24 9.3791289 22.1003 23.84 74 542475 118732 21297 6 0 0 0 0 0 0 553 154448 8900
23.85 5.60659e-05 -0.163741 5.99777 729 0.5000007 140641 103822 5 2 267767.79 9.3791289 22.1003 23.85 68 543929 118460 21622 7 0 0 0 0 0 0 553 154524 8982
23.86 5.51937e-05 -0.162695 5.9978 730 0.5000007 140528 103686 4 2 262908.5 9.3791289 22.1003 23.86 67 542967 118532 21362 8 0 0 0 0 0 0 553 154409 8819
23.87 5.43271e-05 -0.161649 5.99782 731 0.5000007 140537 103640 4 2 261596.79 9.3791289 22.1003 23.87 70 542921 118598 21168 9 0 0 0 0 0 0 553 154408 8775
23.88 5.34661e-05 -0.160602 5.99785 732 0.5000007 140541 103648 5 2 262997.94 9.3791289 22.1003 23.88 92 543703 118124 21363 10 0 0 0 0 0 0 553 154428 8822
23.89 5.26107e-05 -0.159556 5.99788 733 0.5000007 140471 103524 5 2 258645.44 9.3791289 22.1003 23.89 75 543924 118253 21069 11 0 0 0 0 0 0 553 154362 8676
23.9 5.17609e-05 -0.15851 5.99791 734 0.5000007 140536 103662 5 2 265949.28 9.3791289 22.1003 23.9 66 545312 118674 21287 12 0 0 0 0 0 0 553 154418 8921
23.91 5.09167e-05 -0.157463 5.99794 735 0.5000007 140440 103530 4 2 260881.31 9.3791289 22.1003 23.91 69 544296 118832 21454 13 0 0 0 0 0 0 553 154345 8751
23.92 5.0078e-05 -0.156417 5.99796 736 0.5000007 140531 103649 4 2 259629.22 9.3791289 22.1003 23.92 90 544366 119090 21223 14 0 0 0 0 0 0 553 154421 8709
23.93 4.9245e-05 -0.155371 5.99799 737 0.5000007 140368 103460 4 2 260583.2 9.3791289 22.1003 23.93 77 542261 118000 21134 15 0 0 0 0 0 0 553 154252 8741
23.94 4.84175e-05 -0.154324 5.99802 738 0.5000007 140334 103417 4 2 264756.82 9.3791289 22.1003 23.94 71 543814 118215 21360 16 0 0 0 0 0 0 553 154225 8881
23.95 4.75957e-05 -0.153278 5.99804 739 0.5000007 140387 103506 5 2 260374.51 9.3791289 22.1003 23.95 68 543800 119169 21439 17 0 0 0 0 0 0 553 154271 8734
23.96 4.67794e-05 -0.152232 5.99807 740 0.5000007 140416 103515 5 2 263504.73 9.3791289 22.1003 23.96 77 545696 119178 21331 18 0 0 0 0 0 0 553 154305 8839
23.97 4.59687e-05 -0.151185 5.9981 741 0.5000007 140329 103405 5 2 262193.02 9.3791289 22.1003 23.97 75 545607 119388 21617 19 0 0 0 0 0 0 553 154198 8795
23.98 4.51636e-05 -0.150139 5.99812 742 0.5000007 140324 103425 5 2 263802.85 9.3791289 22.1003 23.98 68 545610 119105 21348 20 0 0 0 0 0 0 553 154202 8849
23.99 4.43641e-05 -0.149092 5.99815 744 0.5000007 140446 103523 5 2 257005.8 9.3791289 22.1003 23.99 73 544681 119201 21231 21 0 0 0 0 0 0 553 154344 8621
24 4.35702e-05 -0.148046 5.99818 745 0.5000007 140308 103450 5 2 265502.11 9.3791289 22.1003 24 76 545755 119495 21540 22 0 0 0 0 0 0 553 154191 8906
24.01 4.27819e-05 -0.147 5.9982 746 0.5000007 140450 103534 5 2 268036.1 9.3791289 22.1003 24.01 68 547803 120085 21711 23 0 0 0 0 0 0 553 154312 8991
24.02 4.19992e-05 -0.145953 5.99823 747 0.5000007 140312 103337 5 2 271315.37 9.3791289 22.1003 24.02 69 546542 119429 21817 24 0 0 0 0 0 0 553 154196 9101
24.03 4.12221e-05 -0.144907 5.99825 748 0.5000007 140315 103401 4 2 263266.24 9.3791289 22.1003 24.03 74 547182 119181 21407 25 0 0 0 0 0 0 553 154175 8831
24.04 4.04505e-05 -0.143861 5.99828 749 0.5000007 140416 103493 6 2 264518.33 9.3791289 22.1003 24.04 67 546965 120139 21544 26 0 0 0 0 0 0 553 154312 8873
24.05 3.96846e-05 -0.142814 5.9983 750 0.5000007 140283 103418 5 2 265651.17 9.3791289 22.1003 24.05 91 546475 119239 21507 27 0 0 0 0 0 0 553 154165 8911
24.06 3.89242e-05 -0.141768 5.99833 751 0.5000007 140495 103598 5 2 265979.1 9.3791289 22.1003 24.06 75 548476 119718 21488 28 0 0 0 0 0 0 553 154371 8922
24.07 3.81695e-05 -0.140721 5.99835 752 0.5000007 140352 103442 5 2 267827.41 9.3791289 22.1003 24.07 75 548164 120314 21859 29 0 0 0 0 0 0 553 154232 8984
24.08 3.74203e-05 -0.139675 5.99838 753 0.5000007 140366 103478 4 2 269019.88 9.3791289 22.1003 24.08 84 548005 120030 21529 30 0 0 0 0 0 0 553 154249 9024
24.09 3.66767e-05 -0.138628 5.9984 754 0.5000007 140420 103527 4 2 264667.38 9.3791289 22.1003 24.09 77 549274 120018 21478 31 0 0 0 0 0 0 553 154293 8878
24.1 3.59387e-05 -0.137582 5.99842 755 0.5000007 140423 103603 5 2 266187.78 9.3791289 22.1003 24.1 72 548244 119942 21487 32 0 0 0 0 0 0 553 154314 8929
24.11 3.52063e-05 -0.136536 5.99845 756 0.5000007 140242 103309 6 2 260672.63 9.3791289 22.1003 24.11 73 549109 120106 21387 33 0 0 0 0 0 0 553 154107 8744
24.12 3.44795e-05 -0.135489 5.99847 757 0.5000007 140469 103625 4 2 269079.5 9.3791289 22.1003 24.12 88 549256 120264 21615 34 0 0 0 0 0 0 553 154351 9026
24.13 3.37583e-05 -0.134443 5.9985 758 0.5000007 140419 103524 4 2 262640.2 9.3791289 22.1003 24.13 86 550574 119930 21545 35 0 0 0 0 0 0 553 154299 8810
24.14 3.30427e-05 -0.133396 5.99852 759 0.5000007 140457 103671 5 2 265382.86 9.3791289 22.1003 24.14 68 551147 120799 21676 36 0 0 0 0 0 0 553 154347 8902
24.15 3.23327e-05 -0.13235 5.99854 760 0.5000007 140466 103647 4 2 267857.23 9.3791289 22.1003 24.15 64 551754 120958 21614 37 0 0 0 0 0 0 553 154339 8985
24.16 3.16282e-05 -0.131303 5.99857 761 0.5000007 140417 103610 4 2 267797.6 9.3791289 22.1003 24.16 75 550558 120903 21724 38 0 0 0 0 0 0 553 154299 8983
24.17 3.09294e-05 -0.130257 5.99859 762 0.5000007 140353 103510 4 2 266724.39 9.3791289 22.1003 24.17 72 550749 120384 21468 39 0 0 0 0 0 0 553 154231 8947
24.18 3.02361e-05 -0.12921 5.99861 763 0.5000007 140496 103674 5 2 270063.28 9.3791289 22.1003 24.18 73 551330 121205 21958 40 0 0 0 0 0 0 553 154376 9059
24.19 2.95485e-05 -0.128164 5.99863 764 0.5000007 140550 103729 4 2 272537.65 9.3791289 22.1003 24.19 65 553007 121230 21871 41 0 0 0 0 0 0 553 154432 9142
24.2 2.88664e-05 -0.127117 5.99866 765 0.5000007 140481 103635 4 2 263236.43 9.3791289 22.1003 24.2 76 553222 121056 21540 42 0 0 0 0 0 0 553 154356 8830
24.21 2.81899e-05 -0.126071 5.99868 766 0.5000007 140470 103645 4 2 275250.5 9.3791289 22.1003 24.21 73 554440 121532 22003 43 0 0 0 0 0 0 553 154355 9233
24.22 2.7519e-05 -0.125025 5.9987 767 0.5000007 140467 103640 4 2 274326.34 9.3791289 22.1003 24.22 70 554224 121829 22078 44 0 0 0 0 0 0 553 154363 9202
24.23 2.68537e-05 -0.123978 5.99872 768 0.5000007 140519 103718 4 2 272746.33 9.3791289 22.1003 24.23 72 556469 122459 22052 45 0 0 0 0 0 0 553 154395 9149
24.24 2.6194e-05 -0.122932 5.99874 769 0.5000007 140606 103857 5 2 270182.53 9.3791289 22.1003 24.24 73 556564 122626 22005 46 0 0 0 0 0 0 553 154480 9063
24.25 2.55399e-05 -0.121885 5.99876 770 0.5000007 140527 103673 5 2 273700.3 9.3791289 22.1003 24.25 69 554589 121669 21930 47 0 0 0 0 0 0 553 154406 9181
24.26 2.48914e-05 -0.120839 5.99879 771 0.5000007 140481 103698 5 2 265680.98 9.3791289 22.1003 24.26 75 555439 121390 21734 48 0 0 0 0 0 0 553 154366 8912
24.27 2.42485e-05 -0.119792 5.99881 772 0.5000007 140499 103702 5 2 264041.34 9.3791289 22.1003 24.27 76 558093 122380 22023 49 0 0 0 0 0 0 553 154375 8857
24.28 2.36112e-05 -0.118746 5.99883 773 0.5000007 140538 103754 5 2 271971.23 9.3791289 22.1003 24.28 75 557089 122442 22123 50 0 0 0 0 0 0 553 154416 9123
24.29 2.29794e-05 -0.117699 5.99885 774 0.5000007 140584 103778 4 2 276085.23 9.3791289 22.1003 24.29 75 557472 122666 22312 51 0 0 0 0 0 0 553 154465 9261
24.3 2.23533e-05 -0.116653 5.99887 775 0.5000007 140653 103920 5 2 274684.08 9.3791289 22.1003 24.3 71 558632 122998 22227 52 0 0 0 0 0 0 553 154531 9214
24.31 2.17327e-05 -0.115606 5.99889 776 0.5000007 140492 103697 4 2 273670.49 9.3791289 22.1003 24.31 63 558645 123227 22110 53 0 0 0 0 0 0 553 154353 9180
24.32 2.11177e-05 -0.11456 5.99891 777 0.5000007 140533 103764 4 2 268870.82 9.3791289 22.1003 24.32 77 559873 122919 22057 54 0 0 0 0 0 0 553 154417 9019
24.33 2.05084e-05 -0.113513 5.99893 778 0.5000007 140637 103871 5 2 273432 9.3791289 22.1003 24.33 75 561158 124046 22367 55 0 0 0 0 0 0 553 154498 9172
24.34 1.99046e-05 -0.112467 5.99895 779 0.5000007 140661 104000 5 2 277873.92 9.3791289 22.1003 24.34 78 561819 124085 22428 56 0 0 0 0 0 0 553 154533 9321
24.35 1.93064e-05 -0.11142 5.99897 780 0.5000007 140559 103832 4 2 272955.01 9.3791289 22.1003 24.35 70 562645 124119 22330 57 0 0 0 0 0 0 553 154447 9156
24.36 1.87138e-05 -0.110373 5.99899 781 0.5000007 140623 103904 4 2 277605.62 9.3791289 22.1003 24.36 65 562095 124344 22459 58 0 0 0 0 0 0 553 154493 9312
24.37 1.81268e-05 -0.109327 5.99901 782 0.5000007 140582 103907 4 2 284700.78 9.3791289 22.1003 24.37 83 564074 125334 22789 59 0 0 0 0 0 0 553 154459 9550
24.38 1.75454e-05 -0.10828 5.99903 783 0.5000007 140528 103726 4 2 274356.15 9.3791289 22.1003 24.38 74 564526 124845 22467 60 0 0 0 0 0 0 553 154401 9203
24.39 1.69696e-05 -0.107234 5.99904 784 0.5000007 140624 103863 6 2 274445.59 9.3791289 22.1003 24.39 74 565469 125124 22499 61 0 0 0 0 0 0 553 154511 9206
24.4 1.63994e-05 -0.106187 5.99906 786 0.5000007 140416 103670 5 2 277456.56 9.3791289 22.1003 24.4 90 565095 125087 22568 62 0 0 0 0 0 0 553 154270 9307
24.41 1.58347e-05 -0.105141 5.99908 787 0.5000007 140732 104012 4 2 285386.45 9.3791289 22.1003 24.41 67 567326 125757 22871 63 0 0 0 0 0 0 553 154626 9573
24.42 1.52757e-05 -0.104094 5.9991 788 0.5000007 140613 103893 4 2 279483.75 9.3791289 22.1003 24.42 74 568173 125475 22968 64 0 0 0 0 0 0 553 154479 9375
24.43 1.47222e-05 -0.103048 5.99912 789 0.5000007 140680 103914 5 2 282763.03 9.3791289 22.1003 24.43 73 568560 125725 22869 65 0 0 0 0 0 0 553 154567 9485
24.44 1.41744e-05 -0.102001 5.99914 790 0.5000007 140596 103865 6 2 281660 9.3791289 22.1003 24.44 76 568303 126298 22837 66 0 0 0 0 0 0 553 154457 9448
24.45 1.36321e-05 -0.100955 5.99915 791 0.5000007 140682 104036 5 2 281898.49 9.3791289 22.1003 24.45 79 569132 126694 22859 67 0 0 0 0 0 0 553 154548 9456
24.46 1.30954e-05 -0.099908 5.99917 792 0.5000007 140601 103848 4 2 281749.43 9.3791289 22.1003 24.46 75 569637 126528 22780 68 0 0 0 0 0 0 553 154474 9451
24.47 1.25644e-05 -0.0988614 5.99919 793 0.5000007 140576 103876 4 2 287681.94 9.3791289 22.1003 24.47 86 571596 126944 23072 69 0 0 0 0 0 0 553 154460 9650
24.48 1.20389e-05 -0.0978149 5.99921 794 0.5000007 140679 104006 5 2 280556.97 9.3791289 22.1003 24.48 80 572102 127321 22988 70 0 0 0 0 0 0 553 154559 9411
24.49 1.1519e-05 -0.0967683 5.99922 795 0.5000007 140641 103987 4 2 280914.71 9.3791289 22.1003 24.49 84 572956 127912 23302 71 0 0 0 0 0 0 553 154525 9423
24.5 1.10047e-05 -0.0957217 5.99924 796 0.5000007 140678 103980 4 2 289798.56 9.3791289 22.1003 24.5 92 574328 128704 23512 72 0 0 0 0 0 0 553 154548 9721
24.51 1.0496e-05 -0.0946752 5.99926 797 0.5000007 140601 103872 4 2 289083.09 9.3791289 22.1003 24.51 89 575478 128461 23242 73 0 0 0 0 0 0 553 154469 9697
24.52 9.99286e-06 -0.0936286 5.99927 798 0.5000007 140675 104006 5 2 289381.2 9.3791289 22.1003 24.52 89 575721 129279 23387 74 0 0 0 0 0 0 553 154558 9707
24.53 9.49533e-06 -0.092582 5.99929 799 0.5000007 140620 103933 5 2 288039.68 9.3791289 22.1003 24.53 114 575582 129137 23482 75 0 0 0 0 0 0 553 154473 9662
24.54 9.0034e-06 -0.0915354 5.9993 800 0.5000007 140641 103943 5 2 288934.03 9.3791289 22.1003 24.54 99 577325 128983 23403 76 0 0 0 0 0 0 553 154516 9692
24.55 8.51706e-06 -0.0904888 5.99932 801 0.5000007 140575 103833 5 2 288635.91 9.3791289 22.1003 24.55 112 579131 129781 23610 77 0 0 0 0 0 0 553 154439 9682
24.56 8.03632e-06 -0.0894422 5.99934 802 0.5000007 140756 104106 5 2 284820.03 9.3791289 22.1003 24.56 121 579649 130305 23329 78 0 0 0 0 0 0 553 154621 9554
24.57 7.56117e-06 -0.0883956 5.99935 803 0.5000007 140462 103841 6 2 293912.56 9.3791289 22.1003 24.57 138 580028 130744 23704 79 0 0 0 0 0 0 553 154307 9859
24.58 7.09161e-06 -0.0873491 5.99937 804 0.5000007 140674 104007 5 2 293226.9 9.3791289 22.1003 24.58 153 582002 130797 23580 80 0 0 0 0 0 0 553 154536 9836
24.59 6.62764e-06 -0.0863025 5.99938 805 0.5000007 140533 103824 5 2 294896.35 9.3791289 22.1003 24.59 157 582851 131090 23792 81 0 0 0 0 0 0 553 154362 9892
24.6 6.16926e-06 -0.0852559 5.9994 806 0.5000007 140656 103944 5 2 294628.04 9.3791289 22.1003 24.6 165 585864 131537 23730 82 0 0 0 0 0 0 553 154538 9883
24.61 5.71648e-06 -0.0842093 5.99941 807 0.5000007 140388 103705 6 2 297847.7 9.3791289 22.1003 24.61 200 585885 132104 24164 83 0 0 0 0 0 0 553 154222 9991
24.62 5.26929e-06 -0.0831626 5.99943 808 0.5000007 140767 104118 5 2 297162.03 9.3791289 22.1003 24.62 204 589599 133773 23928 84 0 0 0 0 0 0 553 154650 9968
24.63 4.82769e-06 -0.082116 5.99944 809 0.5000007 140574 103909 4 2 303243.6 9.3791289 22.1003 24.63 220 590292 133975 24391 85 0 0 0 0 0 0 553 154410 10172
24.64 4.39169e-06 -0.0810694 5.99945 810 0.5000007 140635 103958 5 2 301931.88 9.3791289 22.1003 24.64 258 595853 135641 24645 86 0 0 0 0 0 0 553 154520 10128
24.65 3.96128e-06 -0.0800228 5.99947 811 0.5000007 140703 104040 6 2 306671.93 9.3791289 22.1003 24.65 276 595265 135575 24711 87 0 0 0 0 0 0 553 154579 10287
24.66 3.53646e-06 -0.0789762 5.99948 812 0.5000007 140663 104017 6 2 303660.96 9.3791289 22.1003 24.66 316 598378 136556 24557 88 0 0 0 0 0 0 553 154529 10186
24.67 3.11723e-06 -0.0779296 5.9995 813 0.5000007 140672 104007 6 2 302408.87 9.3791289 22.1003 24.67 327 599125 136724 24767 89 0 0 0 0 0 0 553 154532 10144
24.68 2.7036e-06 -0.076883 5.99951 814 0.5000007 140643 103948 6 2 305330.41 9.3791289 22.1003 24.68 336 602384 137472 24759 90 0 0 0 0 0 0 553 154515 10242
24.69 2.29556e-06 -0.0758363 5.99952 815 0.5000007 140605 103915 5 2 305509.28 9.3791289 22.1003 24.69 437 605645 138351 24859 91 0 0 0 0 0 0 553 154461 10248
24.7 1.89311e-06 -0.0747897 5.99954 816 0.5000007 138075 101860 5 2 308043.26 9.3791289 22.1003 24.7 444 596596 137104 24705 92 0 0 0 0 0 0 553 151827 10333
24.71 1.49626e-06 -0.0737431 5.99955 817 0.5000007 141233 104432 5 2 310159.89 9.3791289 22.1003 24.71 608 614647 140962 25287 93 0 0 0 0 0 0 553 155116 10404
24.72 1.10499e-06 -0.0726965 5.99956 818 0.5000007 141185 104383 6 2 319848.66 9.3791289 22.1003 24.72 660 619546 142498 25494 94 0 0 0 0 0 0 553 155060 10729
24.73 7.19324e-07 -0.0716498 5.99957 819 0.5000007 141299 104543 5 2 317821.47 9.3791289 22.1003 24.73 928 623593 143607 25635 95 0 0 0 0 0 0 553 155173 10661
24.74 3.39248e-07 -0.0706032 5.99959 820 0.5000007 141235 104502 5 2 317463.73 9.3791289 22.1003 24.74 987 629414 144308 25697 96 0 0 0 0 0 0 553 155104 10649
24.75 -3.52354e-08 -0.0695566 5.9996 821 0.5000007 141103 104335 5 2 317702.22 9.3791289 22.1003 24.75 1306 635329 145800 25928 97 0 0 0 0 0 0 553 154959 10657
24.76 -4.04126e-07 -0.0685099 5.99961 822 0.5000007 141257 104472 4 2 326645.7 9.3791289 22.1003 24.76 1522 643557 147599 26136 98 0 0 0 0 0 0 553 155138 10957
24.77 -7.67424e-07 -0.0674633 5.99962 823 0.5000007 141234 104512 4 2 323903.03 9.3791289 22.1003 24.77 1976 654621 149788 26137 99 0 0 0 0 0 0 553 155113 10865
24.78 -1.12513e-06 -0.0664166 5.99963 824 0.5000007 141154 104375 4 2 323962.66 9.3791289 22.1003 24.78 2783 668134 152064 26247 100 0 0 0 0 0 0 553 155029 10867
24.79 -1.47724e-06 -0.06537 5.99965 825 0.5000007 141175 104349 4 2 325214.74 9.3791289 22.1003 24.79 2965 686203 154235 26326 101 0 0 0 0 0 0 553 155052 10909
24.8 -1.82376e-06 -0.0643234 5.99966 826 0.5000007 141195 104454 5 2 332101.22 9.3791289 22.1003 24.8 4556 709946 157434 26792 102 0 0 0 0 0 0 553 155078 11140
24.81 -2.16469e-06 -0.0632767 5.99967 827 0.5000007 141221 104482 5 2 335320.88 9.3791289 22.1003 24.81 7264 748168 161424 27089 103 0 0 0 0 0 0 553 155077 11248
24.82 -2.50002e-06 -0.0622301 5.99968 828 0.5000007 141081 104332 5 2 331504.99 9.3791289 22.1003 24.82 8566 810138 167367 26922 104 0 0 0 0 0 0 553 154948 11120
24.83 -2.82976e-06 -0.0611834 5.99969 829 0.5000007 141096 104342 5 2 337020.14 9.3791289 22.1003 24.83 17331 929021 174488 27427 105 0 0 0 0 0 0 553 154946 11305
24.84 -3.15391e-06 -0.0601367 5.9997 830 0.5000007 141246 104475 5 2 340478.28 9.3791289 22.1003 24.84 29612 1125122 183258 27342 106 0 0 0 0 0 0 553 155126 11421
24.85 -3.47246e-06 -0.0590901 5.99971 831 0.5000007 141111 104365 4 2 339524.31 9.3791289 22.1003 24.85 54709 1552800 194521 27580 107 0 0 0 0 0 0 553 154987 11389
24.86 -3.78542e-06 -0.0580434 5.99972 832 0.5000007 141118 104339 5 2 347156.08 9.3791289 22.1003 24.86 216511 2799346 210498 27884 108 0 0 0 0 0 0 553 155004 11645
24.87 -4.09279e-06 -0.0569968 5.99973 833 0.5000007 141096 104352 5 2 349123.65 9.3791289 22.1003 24.87 409202 4918844 234623 28261 109 0 0 0 0 0 0 553 154999 11711
24.88 -4.39456e-06 -0.0559501 5.99974 834 0.5000007 141029 104190 5 2 355235.03 9.3791289 22.1003 24.88 498509 6250952 259334 28852 110 0 0 0 0 0 0 553 154904 11916
24.89 -4.69075e-06 -0.0549035 5.99975 836 0.5000007 141080 104289 4 2 362598.49 9.3791289 22.1003 24.89 471942 5598199 273220 29160 111 0 0 0 0 0 0 553 154945 12163
24.9 -4.98134e-06 -0.0538568 5.99976 837 0.5000007 141153 104420 5 2 366384.56 9.3791289 22.1003 24.9 269171 3559429 277594 29071 112 0 0 0 0 0 0 553 155024 12290
24.91 -5.26633e-06 -0.0528101 5.99977 838 0.5000007 141178 104386 5 2 359378.84 9.3791289 22.1003 24.91 153145 1968823 289376 29030 113 0 0 0 0 0 0 553 155039 12055
24.92 -5.54574e-06 -0.0517635 5.99978 839 0.5000007 141112 104342 4 2 359766.39 9.3791289 22.1003 24.92 55103 1334946 317605 29158 114 0 0 0 0 0 0 553 154987 12068
24.93 -5.81955e-06 -0.0507168 5.99979 840 0.5000007 141052 104258 4 2 372018.96 9.3791289 22.1003 24.93 22674 1095056 337755 29828 115 0 0 0 0 0 0 553 154930 12479
24.94 -6.08776e-06 -0.0496701 5.9998 841 0.5000007 141155 104396 5 2 367427.97 9.3791289 22.1003 24.94 14447 1028413 397084 29654 116 0 0 0 0 0 0 553 155036 12325
24.95 -6.35039e-06 -0.0486234 5.99981 842 0.5000007 141025 104243 5 2 373926.9 9.3791289 22.1003 24.95 31977 1035393 467301 29841 117 0 0 0 0 0 0 553 154888 12543
24.96 -6.60742e-06 -0.0475768 5.99981 843 0.5000007 141052 104285 6 2 373151.8 9.3791289 22.1003 24.96 34811 978685 442464 30108 118 0 0 0 0 0 0 553 154922 12517
24.97 -6.85886e-06 -0.0465301 5.99982 844 0.5000007 141020 104251 5 2 377146.55 9.3791289 22.1003 24.97 17633 869948 352610 30238 119 0 0 0 0 0 0 553 154899 12651
24.98 -7.1047e-06 -0.0454834 5.99983 845 0.5000007 141041 104208 4 2 380455.64 9.3791289 22.1003 24.98 6108 798097 290939 30726 120 0 0 0 0 0 0 553 154915 12762
24.99 -7.34495e-06 -0.0444367 5.99984 846 0.5000007 141064 104270 4 2 386835.32 9.3791289 22.1003 24.99 3078 759391 260578 31416 121 0 0 0 0 0 0 553 154937 12976
25 -7.57961e-06 -0.0433901 5.99985 847 0.5000007 140999 104214 6 2 383466.61 9.3791289 22.1003 25 3222 738989 244791 31005 122 0 0 0 0 0 0 553 154877 12863
25.01 -7.80868e-06 -0.0423434 5.99985 848 0.5000007 140987 104221 4 2 395987.48 9.3791289 22.1003 25.01 3143 728155 238063 31995 123 0 0 0 0 0 0 553 154861 13283
25.02 -8.03215e-06 -0.0412967 5.99986 849 0.5000007 141008 104150 4 2 394616.15 9.3791289 22.1003 25.02 3474 716399 228247 32563 124 0 0 0 0 0 0 553 154882 13237
25.03 -8.25003e-06 -0.04025 5.99987 850 0.5000007 141003 104205 5 2 404662.66 9.3791289 22.1003 25.03 2701 701415 215019 33486 125 0 0 0 0 0 0 553 154886 13574
25.04 -8.46231e-06 -0.0392033 5.99987 851 0.5000007 141000 104243 6 2 409551.76 9.3791289 22.1003 25.04 1510 687864 203001 33942 126 0 0 0 0 0 0 553 154876 13738
25.05 -8.66901e-06 -0.0381566 5.99988 852 0.5000007 140970 104177 4 2 420492.62 9.3791289 22.1003 25.05 1459 681956 196503 34094 127 0 0 0 0 0 0 553 154822 14105
25.06 -8.87011e-06 -0.03711 5.99989 853 0.5000007 141070 104351 4 2 433490.48 9.3791289 22.1003 25.06 1038 678009 194099 34183 128 0 0 0 0 0 0 553 154938 14541
25.07 -9.06561e-06 -0.0360633 5.99989 854 0.5000007 141018 104258 5 2 445802.67 9.3791289 22.1003 25.07 1128 678041 194239 34669 129 0 0 0 0 0 0 553 154882 14954
25.08 -9.25553e-06 -0.0350166 5.9999 855 0.5000007 140962 104174 5 2 449529.12 9.3791289 22.1003 25.08 1736 682206 198840 34830 130 0 0 0 0 0 0 553 154825 15079
25.09 -9.43985e-06 -0.0339699 5.99991 856 0.5000007 141070 104291 5 2 449707.99 9.3791289 22.1003 25.09 4964 692085 209842 35042 131 0 0 0 0 0 0 553 154938 15085
25.1 -9.61857e-06 -0.0329232 5.99991 857 0.5000007 141053 104324 4 2 454179.73 9.3791289 22.1003 25.1 4789 698718 214172 35168 132 0 0 0 0 0 0 553 154912 15235
25.11 -9.79171e-06 -0.0318765 5.99992 858 0.5000007 141127 104308 4 2 458502.41 9.3791289 22.1003 25.11 2794 695593 209942 35397 133 0 0 0 0 0 0 553 155013 15380
25.12 -9.95925e-06 -0.0308298 5.99992 859 0.5000007 141055 104304 6 2 460082.42 9.3791289 22.1003 25.12 3434 694010 206475 35837 134 0 0 0 0 0 0 553 154913 15433
25.13 -1.01212e-05 -0.0297831 5.99993 860 0.5000007 141035 104267 5 2 450483.09 9.3791289 22.1003 25.13 1782 685927 200145 35680 135 0 0 0 0 0 0 553 154896 15111
25.14 -1.02776e-05 -0.0287364 5.99993 861 0.5000007 141124 104416 4 2 437365.98 9.3791289 22.1003 25.14 1646 683805 195609 35488 136 0 0 0 0 0 0 553 155008 14671
25.15 -1.04283e-05 -0.0276897 5.99994 862 0.5000007 140996 104221 5 2 426067.39 9.3791289 22.1003 25.15 881 678178 191002 35419 137 0 0 0 0 0 0 553 154881 14292
25.16 -1.05735e-05 -0.026643 5.99994 863 0.5000007 141044 104258 5 2 433132.74 9.3791289 22.1003 25.16 645 679397 189735 35597 138 0 0 0 0 0 0 553 154922 14529
25.17 -1.07131e-05 -0.0255963 5.99995 864 0.5000007 141075 104352 4 2 428571.56 9.3791289 22.1003 25.17 561 681300 190421 35488 139 0 0 0 0 0 0 553 154953 14376
25.18 -1.0847e-05 -0.0245496 5.99995 865 0.5000007 140961 104229 5 2 421565.84 9.3791289 22.1003 25.18 506 683321 190708 35471 140 0 0 0 0 0 0 553 154831 14141
25.19 -1.09754e-05 -0.0235029 5.99996 866 0.5000007 141083 104374 4 2 419508.84 9.3791289 22.1003 25.19 522 687257 192897 35387 141 0 0 0 0 0 0 553 154969 14072
25.2 -1.10982e-05 -0.0224562 5.99996 867 0.5000007 140989 104250 5 2 418972.23 9.3791289 22.1003 25.2 478 687681 193273 35356 142 0 0 0 0 0 0 553 154849 14054
25.21 -1.12154e-05 -0.0214095 5.99996 868 0.5000007 141035 104294 4 2 412085.75 9.3791289 22.1003 25.21 467 692342 195507 35663 143 0 0 0 0 0 0 553 154876 13823
25.22 -1.1327e-05 -0.0203628 5.99997 869 0.5000007 141080 104332 5 2 422400.56 9.3791289 22.1003 25.22 549 699563 199106 36732 144 0 0 0 0 0 0 553 154949 14169
25.23 -1.1433e-05 -0.0193161 5.99997 870 0.5000007 141042 104307 5 2 415037.1 9.3791289 22.1003 25.23 506 705842 202106 37791 145 0 0 0 0 0 0 553 154912 13922
25.24 -1.15335e-05 -0.0182694 5.99997 871 0.5000007 141126 104454 4 2 412383.86 9.3791289 22.1003 25.24 498 716712 206385 38998 146 0 0 0 0 0 0 553 154992 13833
25.25 -1.16283e-05 -0.0172227 5.99998 872 0.5000007 141022 104273 5 2 409790.25 9.3791289 22.1003 25.25 1020 729183 210070 39736 147 0 0 0 0 0 0 553 154887 13746
25.26 -1.17175e-05 -0.016176 5.99998 873 0.5000007 141062 104393 4 2 410386.49 9.3791289 22.1003 25.26 2938 757400 215914 40218 148 0 0 0 0 0 0 553 154914 13766
25.27 -1.18012e-05 -0.0151293 5.99998 874 0.5000007 140998 104334 5 2 413278.21 9.3791289 22.1003 25.27 10373 824507 222180 40182 149 0 0 0 0 0 0 553 154861 13863
25.28 -1.18792e-05 -0.0140826 5.99999 875 0.5000007 140999 104322 4 2 407077.4 9.3791289 22.1003 25.28 41510 984622 227362 39952 150 0 0 0 0 0 0 553 154855 13655
25.29 -1.19517e-05 -0.0130359 5.99999 876 0.5000007 141106 104406 4 2 413188.78 9.3791289 22.1003 25.29 94773 1195952 230318 39759 151 0 0 0 0 0 0 553 154977 13860
25.3 -1.20185e-05 -0.0119892 5.99999 877 0.5000007 141136 104526 4 2 430598.75 9.3791289 22.1003 25.3 74383 1126773 234190 40065 152 0 0 0 0 0 0 553 155000 14444
25.31 -1.20798e-05 -0.0109425 5.99999 878 0.5000007 141148 104463 5 2 431671.97 9.3791289 22.1003 25.31 21358 908765 238902 39439 153 0 0 0 0 0 0 553 155012 14480
25.32 -1.21355e-05 -0.00989581 5.99999 879 0.5000007 141176 104584 5 2 454388.41 9.3791289 22.1003 25.32 4019 825403 245769 39490 154 0 0 0 0 0 0 553 155046 15242
25.33 -1.21856e-05 -0.0088491 6 880 0.5000007 141159 104475 6 2 478118.44 9.3791289 22.1003 25.33 2145 805143 252961 39658 155 0 0 0 0 0 0 553 155038 16038
25.34 -1.22301e-05 -0.0078024 6 881 0.5000007 141078 104443 5 2 492994.43 9.3791289 22.1003 25.34 1849 804944 261427 39562 156 0 0 0 0 0 0 553 154950 16537
25.35 -1.2269e-05 -0.00675569 6 882 0.5000007 141189 104600 5 2 484021.14 9.3791289 22.1003 25.35 1008 810393 273461 39103 157 0 0 0 0 0 0 553 155050 16236
25.36 -1.23023e-05 -0.00570899 6 883 0.5000007 141130 104491 5 2 493083.86 9.3791289 22.1003 25.36 750 823901 288873 39641 158 0 0 0 0 0 0 553 155001 16540
25.37 -1.233e-05 -0.00466228 6 884 0.5000007 141168 104532 4 2 489744.96 9.3791289 22.1003 25.37 991 839889 307327 39337 159 0 0 0 0 0 0 553 155036 16428
25.38 -1.23521e-05 -0.00361557 6 886 0.5000007 141163 104543 5 2 497645.04 9.3791289 22.1003 25.38 1684 871774 336267 39676 160 0 0 0 0 0 0 553 155022 16693
25.39 -1.23686e-05 -0.00256887 6 887 0.5000007 141263 104738 5 2 497019 9.3791289 22.1003 25.39 2954 920435 382159 39775 161 0 0 0 0 0 0 553 155136 16672
25.4 -1.23795e-05 -0.00152216 6 888 0.5000007 141177 104568 4 2 502444.71 9.3791289 22.1003 25.4 8027 1013334 473789 39969 162 0 0 0 0 0 0 553 155041 16854
25.41 -1.23849e-05 -0.000475451 6 889 0.5000007 141188 104611 5 2 512252.72 9.3791289 22.1003 25.41 158745 1445927 900705 40792 163 0 0 0 0 0 0 553 155050 17183
25.42 -1.23846e-05 0.000571256 6 890 0.5000007 141329 104738 5 2 515532 9.3791289 22.1003 25.42 417015 3046683 2494817 41137 164 0 0 0 0 0 0 553 155197 17293
25.43 -1.23788e-05 0.00161796 6 891 0.5000007 141336 104754 4 2 513206.69 9.3791289 22.1003 25.43 582494 5368069 4805952 41544 165 0 0 0 0 0 0 553 155196 17215
25.44 -1.23673e-05 0.00266467 6 892 0.5000007 141182 104558 5 2 523432.07 9.3791289 22.1003 25.44 583443 8047726 7464020 42754 166 0 0 0 0 0 0 553 155040 17558
25.45 -1.23503e-05 0.00371138 6 893 0.5000007 141271 104664 5 2 532524.61 9.3791289 22.1003 25.45 573206 8688598 8111322 43548 167 0 0 0 0 0 0 553 155124 17863
25.46 -1.23277e-05 0.00475808 6 894 0.5000007 141231 104676 5 2 534074.81 9.3791289 22.1003 25.46 597627 5961355 5378966 44241 168 0 0 0 0 0 0 553 155094 17915
25.47 -1.22995e-05 0.00580479 6 895 0.5000007 141268 104727 5 2 516575.4 9.3791289 22.1003 25.47 232757 2291950 1739516 42600 169 0 0 0 0 0 0 553 155126 17328
25.48 -1.22656e-05 0.0068515 6 896 0.5000007 141300 104831 5 2 519258.45 9.3791289 22.1003 25.48 29343 1201929 651145 42602 170 0 0 0 0 0 0 553 155169 17418
25.49 -1.22262e-05 0.0078982 6 897 0.5000007 141275 104748 4 2 517320.69 9.3791289 22.1003 25.49 10293 1003548 454618 42722 171 0 0 0 0 0 0 553 155139 17353
25.5 -1.21812e-05 0.00894491 6 898 0.5000007 141463 105025 5 2 521464.51 9.3791289 22.1003 25.5 4372 923189 376388 43040 172 0 0 0 0 0 0 553 155324 17492
25.51 -1.21306e-05 0.00999162 5.99999 899 0.5000007 141360 104863 5 2 521076.96 9.3791289 22.1003 25.51 2095 877113 333817 43616 173 0 0 0 0 0 0 553 155219 17479
25.52 -1.20744e-05 0.0110383 5.99999 900 0.5000007 141249 104842 4 2 511567.06 9.3791289 22.1003 25.52 1261 846918 306422 43242 174 0 0 0 0 0 0 553 155102 17160
25.53 -1.20127e-05 0.012085 5.99999 901 0.5000007 141290 104834 4 2 520540.35 9.3791289 22.1003 25.53 1006 829457 289263 44355 175 0 0 0 0 0 0 553 155146 17461
25.54 -1.19453e-05 0.0131317 5.99999 902 0.5000007 141413 104988 5 2 513147.07 9.3791289 22.1003 25.54 846 815499 277478 45019 176 0 0 0 0 0 0 553 155273 17213
25.55 -1.18723e-05 0.0141784 5.99999 903 0.5000007 141436 104991 4 2 482709.43 9.3791289 22.1003 25.55 913 801313 265004 45031 177 0 0 0 0 0 0 553 155299 16192
25.56 -1.17938e-05 0.0152251 5.99998 904 0.5000007 141482 105010 4 2 449350.25 9.3791289 22.1003 25.56 849 790531 256208 45251 178 0 0 0 0 0 0 553 155317 15073
25.57 -1.17096e-05 0.0162718 5.99998 905 0.5000007 141480 105073 4 2 413099.34 9.3791289 22.1003 25.57 1106 779608 248026 45302 179 0 0 0 0 0 0 553 155335 13857
25.58 -1.16199e-05 0.0173185 5.99998 906 0.5000007 141420 104983 4 2 396375.03 9.3791289 22.1003 25.58 1013 772291 242938 45406 180 0 0 0 0 0 0 553 155298 13296
25.59 -1.15245e-05 0.0183652 5.99997 907 0.5000007 141410 105020 4 2 394019.92 9.3791289 22.1003 25.59 1018 766449 239243 46213 181 0 0 0 0 0 0 553 155272 13217
25.6 -1.14236e-05 0.019412 5.99997 908 0.5000007 141410 104931 5 2 389697.24 9.3791289 22.1003 25.6 1117 759896 235132 45660 182 0 0 0 0 0 0 553 155267 13072
25.61 -1.1317e-05 0.0204587 5.99997 909 0.5000007 141450 105029 5 2 381797.16 9.3791289 22.1003 25.61 1096 754841 232604 43904 183 0 0 0 0 0 0 553 155309 12807
25.62 -1.12049e-05 0.0215054 5.99996 910 0.5000007 141483 105067 4 2 381141.31 9.3791289 22.1003 25.62 1288 751597 230713 41013 184 0 0 0 0 0 0 553 155336 12785
25.63 -1.10872e-05 0.0225521 5.99996 911 0.5000007 141445 105065 4 2 370886.12 9.3791289 22.1003 25.63 1457 746713 227584 36713 185 0 0 0 0 0 0 553 155286 12441
25.64 -1.09639e-05 0.0235988 5.99996 912 0.5000007 141412 105027 4 2 369842.71 9.3791289 22.1003 25.64 1159 746871 229329 34265 186 0 0 0 0 0 0 553 155267 12406
25.65 -1.0835e-05 0.0246455 5.99995 913 0.5000007 141481 105193 5 2 359885.64 9.3791289 22.1003 25.65 1394 745205 228816 31480 187 0 0 0 0 0 0 553 155332 12072
25.66 -1.07005e-05 0.0256921 5.99995 914 0.5000007 141462 105128 4 2 363880.39 9.3791289 22.1003 25.66 1592 745271 232303 30880 188 0 0 0 0 0 0 553 155316 12206
25.67 -1.05604e-05 0.0267388 5.99994 915 0.5000007 141588 105194 4 2 358603.74 9.3791289 22.1003 25.67 2020 747182 236381 30353 189 0 0 0 0 0 0 553 155434 12029
25.68 -1.04147e-05 0.0277855 5.99994 916 0.5000007 141452 105037 5 2 352939.53 9.3791289 22.1003 25.68 2160 747460 238937 29523 190 0 0 0 0 0 0 553 155290 11839
25.69 -1.02635e-05 0.0288322 5.99993 917 0.5000007 141462 105093 4 2 356367.87 9.3791289 22.1003 25.69 2416 750374 243849 29335 191 0 0 0 0 0 0 553 155322 11954
25.7 -1.01066e-05 0.0298789 5.99993 918 0.5000007 141448 105028 6 2 343191.14 9.3791289 22.1003 25.7 2988 758345 252096 28950 192 0 0 0 0 0 0 553 155293 11512
25.71 -9.94415e-06 0.0309256 5.99992 919 0.5000007 141529 105142 5 2 345814.56 9.3791289 22.1003 25.71 3805 769271 264811 28883 193 0 0 0 0 0 0 553 155382 11600
25.72 -9.77609e-06 0.0319723 5.99992 920 0.5000007 141471 105140 5 2 348616.85 9.3791289 22.1003 25.72 5320 786399 284010 28877 194 0 0 0 0 0 0 553 155309 11694
25.73 -9.60245e-06 0.033019 5.99991 921 0.5000007 141563 105218 5 2 344413.41 9.3791289 22.1003 25.73 6495 812525 311506 28434 195 0 0 0 0 0 0 553 155411 11553
25.74 -9.42321e-06 0.0340657 5.99991 922 0.5000007 141479 105030 5 2 337526.94 9.3791289 22.1003 25.74 8153 851210 351254 28113 196 0 0 0 0 0 0 553 155332 11322
25.75 -9.23838e-06 0.0351124 5.9999 923 0.5000007 141517 105148 4 2 338272.23 9.3791289 22.1003 25.75 13691 910915 412902 27747 197 0 0 0 0 0 0 553 155363 11347
25.76 -9.04795e-06 0.0361591 5.99989 924 0.5000007 141464 105070 5 2 336692.21 9.3791289 22.1003 25.76 22704 1010979 515275 27634 198 0 0 0 0 0 0 553 155312 11294
25.77 -8.85193e-06 0.0372058 5.99989 925 0.5000007 141572 105157 5 2 337288.44 9.3791289 22.1003 25.77 42532 1177747 681974 27565 199 0 0 0 0 0 0 553 155416 11314
25.78 -8.65032e-06 0.0382525 5.99988 926 0.5000007 141531 105180 5 2 334009.17 9.3791289 22.1003 25.78 80820 1434286 939713 27631 200 0 0 0 0 0 0 553 155382 11204
25.79 -8.44312e-06 0.0392991 5.99987 927 0.5000007 141548 105231 5 2 333085.01 9.3791289 22.1003 25.79 116710 1778032 1283746 27587 201 0 0 0 0 0 0 553 155383 11173
25.8 -8.23032e-06 0.0403458 5.99987 928 0.5000007 141559 105274 5 2 330163.47 9.3791289 22.1003 25.8 182122 2156352 1663326 27364 202 0 0 0 0 0 0 553 155402 11075
25.81 -8.01193e-06 0.0413925 5.99986 929 0.5000007 141560 105246 4 2 331713.67 9.3791289 22.1003 25.81 200865 2450041 1958284 27330 203 0 0 0 0 0 0 553 155400 11127
25.82 -7.78794e-06 0.0424392 5.99985 930 0.5000007 141503 105163 5 2 325065.69 9.3791289 22.1003 25.82 174226 2542407 2050539 27027 204 0 0 0 0 0 0 553 155346 10904
25.83 -7.55836e-06 0.0434859 5.99984 931 0.5000007 141471 105119 5 2 321995.09 9.3791289 22.1003 25.83 149481 2375163 1885043 26942 205 0 0 0 0 0 0 553 155311 10801
25.84 -7.32319e-06 0.0445325 5.99984 932 0.5000007 141496 105130 4 2 325840.79 9.3791289 22.1003 25.84 119252 2024044 1535726 26718 206 0 0 0 0 0 0 553 155333 10930
25.85 -7.08243e-06 0.0455792 5.99983 933 0.5000007 141546 105217 5 2 318119.58 9.3791289 22.1003 25.85 102741 1580489 1093867 26330 207 0 0 0 0 0 0 553 155406 10671
25.86 -6.83607e-06 0.0466259 5.99982 934 0.5000007 141640 105295 4 2 324350.21 9.3791289 22.1003 25.86 59384 1194407 710426 26169 208 0 0 0 0 0 0 553 155493 10880
25.87 -6.58412e-06 0.0476726 5.99981 935 0.5000007 141493 105192 4 2 318298.45 9.3791289 22.1003 25.87 31175 925247 442056 26092 209 0 0 0 0 0 0 553 155313 10677
25.88 -6.32658e-06 0.0487192 5.9998 936 0.5000007 139339 103471 4 2 313409.35 9.3791289 22.1003 25.88 11170 774696 301696 25388 210 0 0 0 0 0 0 553 153062 10513
25.89 -6.06345e-06 0.0497659 5.9998 937 0.5000007 142187 105841 4 2 318387.89 9.3791289 22.1003 25.89 5344 736984 254631 25635 211 0 0 0 0 0 0 553 156034 10680
25.9 -5.79472e-06 0.0508126 5.99979 938 0.5000007 142130 105738 4 2 314065.21 9.3791289 22.1003 25.9 3913 715439 233124 25451 212 0 0 0 0 0 0 553 155982 10535
25.91 -5.52039e-06 0.0518593 5.99978 939 0.5000007 142242 105901 4 2 304883.23 9.3791289 22.1003 25.91 3956 700481 216893 25255 213 0 0 0 0 0 0 553 156088 10227
25.92 -5.24048e-06 0.0529059 5.99977 940 0.5000007 142202 105783 5 2 311411.97 9.3791289 22.1003 25.92 2779 684436 200526 25396 214 0 0 0 0 0 0 553 156042 10446
25.93 -4.95497e-06 0.0539526 5.99976 942 0.5000007 142265 105890 4 2 314840.31 9.3791289 22.1003 25.93 2038 672320 186483 25553 215 0 0 0 0 0 0 553 156124 10561
25.94 -4.66387e-06 0.0549993 5.99975 943 0.5000007 142142 105755 4 2 304823.61 9.3791289 22.1003 25.94 1539 661874 173757 25032 216 0 0 0 0 0 0 553 155977 10225
25.95 -4.36718e-06 0.0560459 5.99974 944 0.5000007 142192 105779 4 2 310934.99 9.3791289 22.1003 25.95 1432 656885 165771 25193 217 0 0 0 0 0 0 553 156051 10430
25.96 -4.06489e-06 0.0570926 5.99973 945 0.5000007 142260 105905 5 2 303452.28 9.3791289 22.1003 25.96 1137 651674 160023 25107 218 0 0 0 0 0 0 553 156105 10179
25.97 -3.75701e-06 0.0581392 5.99972 946 0.5000007 142186 105826 5 2 307953.83 9.3791289 22.1003 25.97 1034 646344 156592 24978 219 0 0 0 0 0 0 553 156027 10330
25.98 -3.44354e-06 0.0591859 5.99971 947 0.5000007 142185 105838 4 2 303124.35 9.3791289 22.1003 25.98 677 639620 154335 24914 220 0 0 0 0 0 0 553 156024 10168
25.99 -3.12447e-06 0.0602325 5.9997 948 0.5000007 142194 105828 5 2 307059.48 9.3791289 22.1003 25.99 571 637854 152525 24898 221 0 0 0 0 0 0 553 156034 10300
26 -2.79981e-06 0.0612792 5.99969 949 0.5000007 142200 105852 4 2 302677.17 9.3791289 22.1003 26 610 632948 150101 24455 222 0 0 0 0 0 0 553 156025 10153
26.01 -2.46956e-06 0.0623259 5.99968 950 0.5000007 142280 105945 6 2 297162.03 9.3791289 22.1003 26.01 560 630308 148192 24380 223 0 0 0 0 0 0 553 156127 9968
26.02 -2.13371e-06 0.0633725 5.99967 951 0.5000007 142175 105815 4 2 305896.83 9.3791289 22.1003 26.02 509 627138 147051 24761 224 0 0 0 0 0 0 553 156015 10261
26.03 -1.79228e-06 0.0644192 5.99966 952 0.5000007 142221 105960 4 2 304376.44 9.3791289 22.1003 26.03 411 623289 145166 24506 225 0 0 0 0 0 0 553 156067 10210
26.04 -1.44524e-06 0.0654658 5.99965 953 0.5000007 142278 105982 4 2 297996.75 9.3791289 22.1003 26.04 327 619726 143683 24246 226 0 0 0 0 0 0 553 156104 9996
26.05 -1.09262e-06 0.0665124 5.99963 954 0.5000007 142272 106005 4 2 297817.88 9.3791289 22.1003 26.05 305 618127 143580 24300 227 0 0 0 0 0 0 553 156121 9990
26.06 -7.34404e-07 0.0675591 5.99962 955 0.5000007 142267 105939 5 2 295701.26 9.3791289 22.1003 26.06 310 615177 141789 24322 228 0 0 0 0 0 0 553 156110 9919
26.07 -3.70594e-07 0.0686057 5.99961 956 0.5000007 142210 105877 5 2 294955.97 9.3791289 22.1003 26.07 261 613469 140083 24149 229 0 0 0 0 0 0 553 156059 9894
26.08 -1.19155e-09 0.0696524 5.9996 957 0.5000007 142124 105766 5 2 291020.84 9.3791289 22.1003 26.08 240 610477 138984 23708 230 0 0 0 0 0 0 553 155965 9762
26.09 3.73804e-07 0.070699 5.99959 958 0.5000007 142242 105929 5 2 291736.32 9.3791289 22.1003 26.09 232 609535 138675 23829 231 0 0 0 0 0 0 553 156086 9786
26.1 7.54392e-07 0.0717456 5.99957 959 0.5000007 142172 105845 4 2 292332.55 9.3791289 22.1003 26.1 218 606646 137497 23703 232 0 0 0 0 0 0 553 156024 9806
26.11 1.14057e-06 0.0727923 5.99956 960 0.5000007 142207 105865 5 2 296416.74 9.3791289 22.1003 26.11 185 605210 137145 24064 233 0 0 0 0 0 0 553 156057 9943
26.12 1.53235e-06 0.0738389 5.99955 961 0.5000007 142198 105853 6 2 291795.94 9.3791289 22.1003 26.12 183 601574 135669 23764 234 0 0 0 0 0 0 553 156024 9788
26.13 1.92971e-06 0.0748855 5.99954 962 0.5000007 142171 105856 4 2 291795.94 9.3791289 22.1003 26.13 169 599260 135030 23759 235 0 0 0 0 0 0 553 156004 9788
26.14 2.33267e-06 0.0759321 5.99952 963 0.5000007 142151 105728 4 2 289261.95 9.3791289 22.1003 26.14 147 598818 135164 23604 236 0 0 0 0 0 0 553 155996 9703
26.15 2.74123e-06 0.0769788 5.99951 964 0.5000007 142065 105722 6 2 286936.65 9.3791289 22.1003 26.15 124 595890 133188 23512 237 0 0 0 0 0 0 553 155887 9625
26.16 3.15537e-06 0.0780254 5.9995 965 0.5000007 142073 105688 5 2 283269.82 9.3791289 22.1003 26.16 142 594837 133082 23360 238 0 0 0 0 0 0 553 155906 9502
26.17 3.57511e-06 0.079072 5.99948 966 0.5000007 142117 105860 4 2 286608.72 9.3791289 22.1003 26.17 107 593610 132765 23537 239 0 0 0 0 0 0 553 155951 9614
26.18 4.00044e-06 0.0801186 5.99947 967 0.5000007 142063 105702 5 2 287473.26 9.3791289 22.1003 26.18 102 590372 131257 23285 240 0 0 0 0 0 0 553 155908 9643
26.19 4.43136e-06 0.0811652 5.99945 968 0.5000007 142015 105649 5 2 279752.05 9.3791289 22.1003 26.19 99 588720 130952 23124 241 0 0 0 0 0 0 553 155844 9384
26.2 4.86788e-06 0.0822118 5.99944 969 0.5000007 142082 105734 5 2 290514.04 9.3791289 22.1003 26.2 83 589038 131457 23431 242 0 0 0 0 0 0 553 155920 9745
26.21 5.30999e-06 0.0832584 5.99942 970 0.5000007 141993 105597 4 2 283597.75 9.3791289 22.1003 26.21 101 586649 130357 23119 243 0 0 0 0 0 0 553 155853 9513
26.22 5.75769e-06 0.084305 5.99941 971 0.5000007 141969 105595 5 2 284730.59 9.3791289 22.1003 26.22 94 584700 129412 22885 244 0 0 0 0 0 0 553 155798 9551
26.23 6.21098e-06 0.0853517 5.9994 972 0.5000007 141988 105671 4 2 285505.69 9.3791289 22.1003 26.23 75 584283 130237 23190 245 0 0 0 0 0 0 553 155833 9577
26.24 6.66987e-06 0.0863983 5.99938 973 0.5000007 142062 105689 5 2 281749.43 9.3791289 22.1003 26.24 70 583071 128961 23174 246 0 0 0 0 0 0 553 155897 9451
26.25 7.13435e-06 0.0874448 5.99937 974 0.5000007 142028 105659 4 2 281987.92 9.3791289 22.1003 26.25 82 581947 128463 22962 247 0 0 0 0 0 0 553 155891 9459
26.26 7.60442e-06 0.0884914 5.99935 975 0.5000007 141883 105487 4 2 276621.84 9.3791289 22.1003 26.26 71 578979 127897 22565 248 0 0 0 0 0 0 553 155718 9279
26.27 8.08009e-06 0.089538 5.99933 976 0.5000007 141986 105593 5 2 282315.85 9.3791289 22.1003 26.27 70 579088 127740 22718 249 0 0 0 0 0 0 553 155838 9470
26.28 8.56135e-06 0.0905846 5.99932 977 0.5000007 141947 105582 4 2 277396.94 9.3791289 22.1003 26.28 74 576922 127101 22704 250 0 0 0 0 0 0 553 155790 9305
26.29 9.0482e-06 0.0916312 5.9993 978 0.5000007 141958 105625 4 2 286698.16 9.3791289 22.1003 26.29 68 577006 127109 22946 251 0 0 0 0 0 0 553 155789 9617
26.3 9.54064e-06 0.0926778 5.99929 979 0.5000007 141942 105540 5 2 273551.24 9.3791289 22.1003 26.3 75 576084 126266 22521 252 0 0 0 0 0 0 553 155798 9176
26.31 1.00387e-05 0.0937244 5.99927 980 0.5000007 141940 105544 6 2 276293.91 9.3791289 22.1003 26.31 71 573686 126296 22642 253 0 0 0 0 0 0 553 155782 9268
26.32 1.05423e-05 0.094771 5.99925 981 0.5000007 141866 105383 5 2 279960.74 9.3791289 22.1003 26.32 71 572625 125551 22654 254 0 0 0 0 0 0 553 155720 9391
26.33 1.10515e-05 0.0958175 5.99924 982 0.5000007 141811 105371 6 2 274445.59 9.3791289 22.1003 26.33 72 571414 125562 22594 255 0 0 0 0 0 0 553 155657 9206
26.34 1.15663e-05 0.0968641 5.99922 983 0.5000007 141795 105301 4 2 265740.6 9.3791289 22.1003 26.34 76 570472 125299 22096 256 0 0 0 0 0 0 553 155653 8914
26.35 1.20867e-05 0.0979107 5.9992 984 0.5000007 141809 105373 6 2 275518.81 9.3791289 22.1003 26.35 67 570032 124917 22539 257 0 0 0 0 0 0 553 155661 9242
26.36 1.26127e-05 0.0989572 5.99919 985 0.5000007 141782 105310 5 2 274475.4 9.3791289 22.1003 26.36 71 568679 125164 22265 258 0 0 0 0 0 0 553 155627 9207
26.37 1.31443e-05 0.100004 5.99917 986 0.5000007 141663 105254 5 2 276264.1 9.3791289 22.1003 26.37 72 567600 124960 22367 259 0 0 0 0 0 0 553 155503 9267
26.38 1.36815e-05 0.10105 5.99915 988 0.5000007 141674 105217 5 2 280050.17 9.3791289 22.1003 26.38 76 565924 124610 22392 260 0 0 0 0 0 0 553 155507 9394
26.39 1.42243e-05 0.102097 5.99913 989 0.5000007 141613 105084 4 2 273312.75 9.3791289 22.1003 26.39 75 565687 124118 22095 261 0 0 0 0 0 0 553 155479 9168
26.4 1.47727e-05 0.103143 5.99912 990 0.5000007 141641 105166 5 2 271702.92 9.3791289 22.1003 26.4 80 564925 123696 22293 262 0 0 0 0 0 0 553 155494 9114
26.41 1.53266e-05 0.10419 5.9991 991 0.5000007 141713 105162 4 2 272478.02 9.3791289 22.1003 26.41 71 565267 123559 22078 263 0 0 0 0 0 0 553 155553 9140
26.42 1.58862e-05 0.105237 5.99908 992 0.5000007 141616 105108 4 2 266307.02 9.3791289 22.1003 26.42 73 563435 123081 22067 264 0 0 0 0 0 0 553 155468 8933
26.43 1.64513e-05 0.106283 5.99906 993 0.5000007 141549 105015 5 2 275697.68 9.3791289 22.1003 26.43 74 561820 123489 22254 265 0 0 0 0 0 0 553 155406 9248
26.44 1.70221e-05 0.10733 5.99904 994 0.5000007 141548 104955 4 2 269228.56 9.3791289 22.1003 26.44 64 562678 122699 21852 266 0 0 0 0 0 0 553 155408 9031
26.45 1.75984e-05 0.108376 5.99902 995 0.5000007 141567 104976 5 2 268632.33 9.3791289 22.1003 26.45 64 559552 122245 22139 267 0 0 0 0 0 0 553 155427 9011
26.46 1.81803e-05 0.109423 5.999 996 0.5000007 141392 104789 5 2 272418.4 9.3791289 22.1003 26.46 74 559742 122313 22001 268 0 0 0 0 0 0 553 155251 9138
26.47 1.87678e-05 0.110469 5.99899 997 0.5000007 141472 104908 6 2 267797.6 9.3791289 22.1003 26.47 71 558214 122454 22074 269 0 0 0 0 0 0 553 155343 8983
26.48 1.93609e-05 0.111516 5.99897 998 0.5000007 141377 104796 5 2 267737.98 9.3791289 22.1003 26.48 78 557203 121465 21604 270 0 0 0 0 0 0 553 155213 8981
26.49 1.99596e-05 0.112562 5.99895 999 0.5000007 141379 104673 5 2 268751.57 9.3791289 22.1003 26.49 81 556887 121426 21840 271 0 0 0 0 0 0 553 155234 9015
26.5 2.05639e-05 0.113609 5.99893 1000 0.5000007 141334 104645 5 2 269794.98 9.3791289 22.1003 26.5 66 556305 121780 21758 272 0 0 0 0 0 0 553 155196 9050
26.51 2.11738e-05 0.114655 5.99891 1001 0.5000007 141261 104594 4 2 266545.52 9.3791289 22.1003 26.51 71 554315 121051 21814 273 0 0 0 0 0 0 553 155125 8941
26.52 2.17893e-05 0.115702 5.99889 1002 0.5000007 141214 104507 5 2 267469.68 9.3791289 22.1003 26.52 74 555020 121403 21829 274 0 0 0 0 0 0 553 155081 8972
26.53 2.24103e-05 0.116748 5.99887 1003 0.5000007 141166 104492 5 2 268393.83 9.3791289 22.1003 26.53 75 553424 120969 21701 275 0 0 0 0 0 0 553 155029 9003
26.54 2.3037e-05 0.117795 5.99885 1004 0.5000007 141144 104427 5 2 267737.98 9.3791289 22.1003 26.54 67 554037 121016 21758 276 0 0 0 0 0 0 553 155003 8981
26.55 2.36693e-05 0.118841 5.99883 1005 0.5000007 141076 104300 5 2 263296.05 9.3791289 22.1003 26.55 68 552405 120472 21720 277 0 0 0 0 0 0 553 154947 8832
26.56 2.43071e-05 0.119888 5.9988 1006 0.5000007 141045 104335 4 2 270868.2 9.3791289 22.1003 26.56 81 551675 120933 21951 278 0 0 0 0 0 0 553 154895 9086
26.57 2.49505e-05 0.120934 5.99878 1007 0.5000007 140986 104222 6 2 270003.66 9.3791289 22.1003 26.57 71 550815 120444 21574 279 0 0 0 0 0 0 553 154842 9057
26.58 2.55996e-05 0.121981 5.99876 1008 0.5000007 140951 104154 5 2 268095.72 9.3791289 22.1003 26.58 68 550471 120552 21913 280 0 0 0 0 0 0 553 154801 8993
26.59 2.62542e-05 0.123027 5.99874 1009 0.5000007 140977 104201 4 2 266396.46 9.3791289 22.1003 26.59 78 550298 120388 21629 281 0 0 0 0 0 0 553 154841 8936
26.6 2.69144e-05 0.124074 5.99872 1010 0.5000007 140899 104069 5 2 256320.14 9.3791289 22.1003 26.6 72 550161 120262 21344 282 0 0 0 0 0 0 553 154755 8598
26.61 2.75802e-05 0.12512 5.9987 1011 0.5000007 140906 104113 5 2 263683.6 9.3791289 22.1003 26.61 82 547998 119626 21527 283 0 0 0 0 0 0 553 154780 8845
26.62 2.82516e-05 0.126167 5.99868 1012 0.5000007 140832 103954 5 2 264518.33 9.3791289 22.1003 26.62 74 548018 119393 21337 284 0 0 0 0 0 0 553 154710 8873
26.63 2.89286e-05 0.127213 5.99865 1013 0.5000007 140705 103846 6 2 267350.43 9.3791289 22.1003 26.63 71 545296 119025 21418 285 0 0 0 0 0 0 553 154561 8968
26.64 2.96112e-05 0.12826 5.99863 1014 0.5000007 140683 103799 5 2 266068.53 9.3791289 22.1003 26.64 83 546377 119491 21687 286 0 0 0 0 0 0 553 154556 8925
26.65 3.02994e-05 0.129306 5.99861 1015 0.5000007 140629 103670 5 2 257393.35 9.3791289 22.1003 26.65 75 545696 119465 21246 287 0 0 0 0 0 0 553 154508 8634
26.66 3.09931e-05 0.130353 5.99859 1016 0.5000007 140581 103611 4 2 261626.6 9.3791289 22.1003 26.66 69 543986 118574 21330 288 0 0 0 0 0 0 553 154468 8776
26.67 3.16925e-05 0.131399 5.99856 1017 0.5000007 140543 103668 4 2 262252.65 9.3791289 22.1003 26.67 76 544253 118106 21345 289 0 0 0 0 0 0 553 154421 8797
26.68 3.23974e-05 0.132446 5.99854 1018 0.5000007 140504 103588 5 2 263146.99 9.3791289 22.1003 26.68 66 544324 118800 21373 290 0 0 0 0 0 0 553 154378 8827
26.69 3.3108e-05 0.133492 5.99852 1019 0.5000007 140392 103462 4 2 262699.82 9.3791289 22.1003 26.69 68 541951 118361 21173 291 0 0 0 0 0 0 553 154252 8812
26.7 3.38241e-05 0.134538 5.99849 1020 0.5000007 140479 103482 5 2 259420.54 9.3791289 22.1003 26.7 69 542582 118600 21352 292 0 0 0 0 0 0 553 154361 8702
26.71 3.45458e-05 0.135585 5.99847 1021 0.5000007 140514 103532 4 2 266634.95 9.3791289 22.1003 26.71 67 542738 117959 21439 293 0 0 0 0 0 0 553 154385 8944
26.72 3.52731e-05 0.136631 5.99845 1022 0.5000007 140394 103360 4 2 260106.21 9.3791289 22.1003 26.72 67 540414 118066 21148 294 0 0 0 0 0 0 553 154276 8725
26.73 3.6006e-05 0.137678 5.99842 1023 0.5000007 140395 103364 5 2 264607.76 9.3791289 22.1003 26.73 68 542084 118205 21447 295 0 0 0 0 0 0 553 154262 8876
26.74 3.67445e-05 0.138724 5.9984 1024 0.5000007 140284 103242 5 2 266187.78 9.3791289 22.1003 26.74 71 539318 117841 21314 296 0 0 0 0 0 0 553 154151 8929
26.75 3.74886e-05 0.139771 5.99837 1025 0.5000007 140372 103314 4 2 262997.94 9.3791289 22.1003 26.75 60 540874 117379 21157 297 0 0 0 0 0 0 553 154266 8822
26.76 3.82383e-05 0.140817 5.99835 1026 0.5000007 140395 103418 5 2 259122.43 9.3791289 22.1003 26.76 68 540832 117926 21066 298 0 0 0 0 0 0 553 154275 8692
26.77 3.89936e-05 0.141863 5.99833 1027 0.5000007 140372 103364 5 2 260553.38 9.3791289 22.1003 26.77 74 539961 118109 21344 299 0 0 0 0 0 0 553 154255 8740
26.78 3.97545e-05 0.14291 5.9983 1028 0.5000007 140226 103175 5 2 261388.11 9.3791289 22.1003 26.78 86 537252 117349 21136 300 0 0 0 0 0 0 553 154106 8768
