Eta  H  K  L  Epoch  Sec  ion1  Hubmon  scan_bar  Filters  Correct  Qmag  Energy  Graze  p_peak  p_total  p_del_s  p_nu_s  p_image  p_xcen  p_xsig  p_ycen  p_ysig  power  tempsp  gun_on  ion0  p_point
23.3 -0.202937 -0.22596 5.9976 57781 1.0000007 281196 103344 6 2 494425.39 9.3873904 22.1003 23.3 216 1016880 222550 40310 0 0 0 0 0 0 0 553 309559 16585
23.306625 -0.202937 -0.225266 5.99763 57782 1.0000007 281249 103259 6 2 500417.52 9.3873904 22.1003 23.306625 218 1018204 222279 40385 1 0 0 0 0 0 0 553 309633 16786
23.313375 -0.202937 -0.22456 5.99766 57784 1.0000007 281166 103256 6 2 487747.59 9.3873904 22.1003 23.313375 225 1020693 222173 39938 2 0 0 0 0 0 0 553 309528 16361
23.32 -0.202937 -0.223866 5.99768 57785 1.0000007 281070 103217 6 2 493083.86 9.3873904 22.1003 23.32 223 1019252 222663 39754 3 0 0 0 0 0 0 553 309460 16540
23.326625 -0.202937 -0.223173 5.99771 57787 1.0000007 281124 103248 6 2 493113.68 9.3873904 22.1003 23.326625 197 1017846 221987 40055 4 0 0 0 0 0 0 553 309500 16541
23.333375 -0.202937 -0.222466 5.99773 57788 1.0000007 281127 103202 5 2 493739.72 9.3873904 22.1003 23.333375 225 1018643 222509 40122 5 0 0 0 0 0 0 553 309514 16562
23.34 -0.202937 -0.221773 5.99776 57790 1.0000007 280981 103083 6 2 490251.76 9.3873904 22.1003 23.34 236 1021104 222649 39970 6 0 0 0 0 0 0 553 309369 16445
23.346625 -0.202937 -0.221079 5.99778 57791 1.0000007 281053 103206 6 2 488850.62 9.3873904 22.1003 23.346625 220 1019017 222303 39801 7 0 0 0 0 0 0 553 309423 16398
23.353375 -0.202937 -0.220373 5.99781 57792 1.0000007 280884 103035 6 2 491474.04 9.3873904 22.1003 23.353375 266 1020797 223539 39901 8 0 0 0 0 0 0 553 309248 16486
23.36 -0.202937 -0.219679 5.99784 57794 1.0000007 280725 102931 5 2 497853.72 9.3873904 22.1003 23.36 198 1018269 222141 40092 9 0 0 0 0 0 0 553 309101 16700
23.366625 -0.202937 -0.218986 5.99786 57796 1.0000007 280724 102936 5 2 491980.83 9.3873904 22.1003 23.366625 225 1020161 222892 40235 10 0 0 0 0 0 0 553 309082 16503
23.373375 -0.202937 -0.218279 5.99789 57797 1.0000007 280617 102898 5 2 501162.81 9.3873904 22.1003 23.373375 213 1018064 222630 40268 11 0 0 0 0 0 0 553 308981 16811
23.38 -0.202937 -0.217585 5.99791 57799 1.0000007 280673 102893 7 2 498748.07 9.3873904 22.1003 23.38 232 1020612 222953 40365 12 0 0 0 0 0 0 553 309055 16730
23.386625 -0.202937 -0.216892 5.99794 57800 1.0000007 280625 102833 6 2 491772.15 9.3873904 22.1003 23.386625 215 1019912 223050 40159 13 0 0 0 0 0 0 553 308993 16496
23.393375 -0.202937 -0.216185 5.99796 57801 1.0000007 280666 102788 6 2 492785.75 9.3873904 22.1003 23.393375 225 1020548 222782 39910 14 0 0 0 0 0 0 553 309038 16530
23.4 -0.202937 -0.215492 5.99799 57803 1.0000007 280439 102722 6 2 495468.79 9.3873904 22.1003 23.4 242 1020182 223273 40456 15 0 0 0 0 0 0 553 308807 16620
23.406625 -0.202937 -0.214798 5.99801 57804 1.0000007 280441 102738 5 2 492964.62 9.3873904 22.1003 23.406625 214 1021644 222981 40375 16 0 0 0 0 0 0 553 308832 16536
23.413375 -0.202937 -0.214092 5.99804 57806 1.0000007 280370 102654 6 2 491474.04 9.3873904 22.1003 23.413375 231 1020885 222296 40172 17 0 0 0 0 0 0 553 308744 16486
23.42 -0.202937 -0.213398 5.99806 57807 1.0000007 280376 102654 6 2 492755.94 9.3873904 22.1003 23.42 219 1021204 223089 40135 18 0 0 0 0 0 0 553 308747 16529
23.426625 -0.202937 -0.212705 5.99809 57809 1.0000007 280418 102670 7 2 496631.44 9.3873904 22.1003 23.426625 224 1022574 223397 40772 19 0 0 0 0 0 0 553 308797 16659
23.433375 -0.202937 -0.211998 5.99811 57810 1.0000007 280178 102535 6 2 498748.07 9.3873904 22.1003 23.433375 224 1021920 222999 40399 20 0 0 0 0 0 0 553 308556 16730
23.44 -0.202937 -0.211304 5.99814 57812 1.0000007 280164 102460 5 2 496750.69 9.3873904 22.1003 23.44 223 1022202 223382 40298 21 0 0 0 0 0 0 553 308539 16663
23.446625 -0.202937 -0.210611 5.99816 57813 1.0000007 280179 102505 6 2 496959.37 9.3873904 22.1003 23.446625 234 1022733 223984 40304 22 0 0 0 0 0 0 553 308558 16670
23.453375 -0.202937 -0.209904 5.99819 57815 1.0000007 280020 102374 6 2 500864.69 9.3873904 22.1003 23.453375 225 1022733 223897 40358 23 0 0 0 0 0 0 553 308387 16801
23.46 -0.202937 -0.209211 5.99821 57816 1.0000007 277545 101299 6 2 488343.82 9.3873904 22.1003 23.46 223 1013074 221372 39956 24 0 0 0 0 0 0 553 305812 16381
23.466625 -0.202937 -0.208517 5.99823 57818 1.0000007 280950 102695 5 2 502623.58 9.3873904 22.1003 23.466625 223 1013074 224473 40550 25 0 0 0 0 0 0 553 309324 16860
23.473375 -0.202937 -0.20781 5.99826 57819 1.0000007 280987 102717 6 2 502623.58 9.3873904 22.1003 23.473375 256 1026997 224768 40386 26 0 0 0 0 0 0 553 309369 16860
23.48 -0.202937 -0.207117 5.99828 57821 1.0000007 280835 102693 5 2 506022.1 9.3873904 22.1003 23.48 235 1028309 225312 40794 27 0 0 0 0 0 0 553 309227 16974
23.486625 -0.202937 -0.206423 5.99831 57822 1.0000007 280706 102610 6 2 495945.78 9.3873904 22.1003 23.486625 212 1027670 224791 40369 28 0 0 0 0 0 0 553 309084 16636
23.493375 -0.202937 -0.205717 5.99833 57823 1.0000007 280697 102544 5 2 501043.56 9.3873904 22.1003 23.493375 241 1026864 224976 40615 29 0 0 0 0 0 0 553 309086 16807
23.5 -0.202937 -0.205023 5.99835 57825 1.0000007 280598 102454 7 2 503845.85 9.3873904 22.1003 23.5 212 1028853 225789 40990 30 0 0 0 0 0 0 553 308978 16901
23.506625 -0.202937 -0.204329 5.99838 57826 1.0000007 280595 102431 6 2 506230.78 9.3873904 22.1003 23.506625 227 1029803 226025 40843 31 0 0 0 0 0 0 553 308977 16981
23.513375 -0.202937 -0.203623 5.9984 57828 1.0000007 280558 102464 5 2 501609.98 9.3873904 22.1003 23.513375 247 1030878 226156 40873 32 0 0 0 0 0 0 553 308954 16826
23.52 -0.202937 -0.202929 5.99843 57830 1.0000007 280442 102346 5 2 501073.37 9.3873904 22.1003 23.52 227 1030742 226206 40866 33 0 0 0 0 0 0 553 308831 16808
23.526625 -0.202937 -0.202236 5.99845 57831 1.0000007 280385 102381 6 2 506886.63 9.3873904 22.1003 23.526625 185 1030294 225545 40476 34 0 0 0 0 0 0 553 308763 17003
23.533375 -0.202937 -0.201529 5.99847 57832 1.0000007 280422 102405 5 2 508317.59 9.3873904 22.1003 23.533375 222 1030207 225845 40902 35 0 0 0 0 0 0 553 308805 17051
23.54 -0.202937 -0.200835 5.9985 57834 1.0000007 280298 102240 7 2 509569.68 9.3873904 22.1003 23.54 236 1030207 225843 41186 36 0 0 0 0 0 0 553 308690 17093
23.546625 -0.202937 -0.200142 5.99852 57836 1.0000007 280304 102292 6 2 502414.89 9.3873904 22.1003 23.546625 223 1031965 226614 40845 37 0 0 0 0 0 0 553 308681 16853
23.553375 -0.202937 -0.199435 5.99854 57837 1.0000007 280203 102176 5 2 509569.68 9.3873904 22.1003 23.553375 239 1032340 227277 41155 38 0 0 0 0 0 0 553 308591 17093
23.56 -0.202937 -0.198741 5.99857 57839 1.0000007 280284 102233 6 2 501460.92 9.3873904 22.1003 23.56 204 1032240 227664 40996 39 0 0 0 0 0 0 553 308691 16821
23.566625 -0.202937 -0.198048 5.99859 57840 1.0000007 280333 102290 5 2 505664.36 9.3873904 22.1003 23.566625 214 1031643 227573 41202 40 0 0 0 0 0 0 553 308732 16962
23.573375 -0.202937 -0.197341 5.99861 57841 1.0000007 280246 102243 6 2 510404.4 9.3873904 22.1003 23.573375 189 1033114 227769 41279 41 0 0 0 0 0 0 553 308628 17121
23.58 -0.202937 -0.196648 5.99864 57843 1.0000007 280229 102213 7 2 509182.13 9.3873904 22.1003 23.58 229 1035133 228215 41377 42 0 0 0 0 0 0 553 308626 17080
23.586625 -0.202937 -0.195954 5.99866 57844 1.0000007 280273 102219 5 2 513385.56 9.3873904 22.1003 23.586625 207 1036357 228064 41518 43 0 0 0 0 0 0 553 308669 17221
23.593375 -0.202937 -0.195247 5.99868 57846 1.0000007 280289 102228 5 2 506499.08 9.3873904 22.1003 23.593375 229 1036701 229002 41354 44 0 0 0 0 0 0 553 308661 16990
23.6 -0.202937 -0.194554 5.9987 57847 1.0000007 280202 102280 6 2 511537.24 9.3873904 22.1003 23.6 207 1037363 229147 41417 45 0 0 0 0 0 0 553 308582 17159
23.606625 -0.202937 -0.19386 5.99873 57849 1.0000007 280306 102270 5 2 512938.39 9.3873904 22.1003 23.606625 224 1038936 228761 41438 46 0 0 0 0 0 0 553 308696 17206
23.613375 -0.202937 -0.193153 5.99875 57850 1.0000007 280259 102286 6 2 506350.03 9.3873904 22.1003 23.613375 239 1038893 229076 41185 47 0 0 0 0 0 0 553 308646 16985
23.62 -0.202937 -0.19246 5.99877 57852 1.0000007 280388 102337 7 2 517082.2 9.3873904 22.1003 23.62 229 1038872 229983 41883 48 0 0 0 0 0 0 553 308777 17345
23.626625 -0.202937 -0.191766 5.99879 57853 1.0000007 280281 102284 6 2 515502.19 9.3873904 22.1003 23.626625 212 1040576 230334 41668 49 0 0 0 0 0 0 553 308678 17292
23.633375 -0.202937 -0.191059 5.99882 57855 1.0000007 280541 102439 5 2 514369.35 9.3873904 22.1003 23.633375 232 1041953 230902 41671 50 0 0 0 0 0 0 553 308943 17254
23.64 -0.202937 -0.190366 5.99884 57856 1.0000007 280356 102354 5 2 520003.74 9.3873904 22.1003 23.64 230 1045044 231990 41968 51 0 0 0 0 0 0 553 308734 17443
23.646625 -0.202937 -0.189672 5.99886 57858 1.0000007 280519 102392 6 2 518870.9 9.3873904 22.1003 23.646625 229 1045693 232222 41994 52 0 0 0 0 0 0 553 308891 17405
23.653375 -0.202937 -0.188965 5.99888 57859 1.0000007 280608 102554 5 2 522865.65 9.3873904 22.1003 23.653375 247 1044575 232136 42214 53 0 0 0 0 0 0 553 308979 17539
23.66 -0.202937 -0.188272 5.9989 57861 1.0000007 280476 102416 5 2 520540.35 9.3873904 22.1003 23.66 212 1046595 232331 42128 54 0 0 0 0 0 0 553 308830 17461
23.666625 -0.202937 -0.187578 5.99893 57862 1.0000007 280657 102540 5 2 525608.32 9.3873904 22.1003 23.666625 217 1048845 233261 42377 55 0 0 0 0 0 0 553 309053 17631
23.673375 -0.202937 -0.186871 5.99895 57864 1.0000007 280556 102505 6 2 523521.51 9.3873904 22.1003 23.673375 208 1049990 234060 42532 56 0 0 0 0 0 0 553 308915 17561
23.68 -0.202937 -0.186178 5.99897 57865 1.0000007 280638 102571 5 2 528798.16 9.3873904 22.1003 23.68 209 1049969 233674 42479 57 0 0 0 0 0 0 553 308995 17738
23.686625 -0.202937 -0.185484 5.99899 57867 1.0000007 280516 102520 5 2 530735.91 9.3873904 22.1003 23.686625 219 1050962 234814 42989 58 0 0 0 0 0 0 553 308887 17803
23.693375 -0.202937 -0.184777 5.99901 57868 1.0000007 280722 102667 5 2 532733.29 9.3873904 22.1003 23.693375 252 1052914 236417 43184 59 0 0 0 0 0 0 553 309078 17870
23.7 -0.202937 -0.184084 5.99903 57869 1.0000007 280795 102663 5 2 534402.74 9.3873904 22.1003 23.7 195 1053767 237298 43026 60 0 0 0 0 0 0 553 309160 17926
23.706625 -0.202937 -0.18339 5.99906 57871 1.0000007 280938 102789 5 2 535923.13 9.3873904 22.1003 23.706625 220 1055588 237301 43423 61 0 0 0 0 0 0 553 309303 17977
23.713375 -0.202937 -0.182683 5.99908 57872 1.0000007 280835 102706 5 2 534432.55 9.3873904 22.1003 23.713375 257 1058033 237911 43337 62 0 0 0 0 0 0 553 309201 17927
23.72 -0.202937 -0.18199 5.9991 57874 1.0000007 280835 102853 5 2 546237.95 9.3873904 22.1003 23.72 242 1060109 239527 44044 63 0 0 0 0 0 0 553 309209 18323
23.726625 -0.202937 -0.181296 5.99912 57875 1.0000007 280706 102685 6 2 534820.1 9.3873904 22.1003 23.726625 197 1059465 239247 43479 64 0 0 0 0 0 0 553 309079 17940
23.733375 -0.202937 -0.180589 5.99914 57877 1.0000007 281023 102938 6 2 544628.12 9.3873904 22.1003 23.733375 191 1063078 241252 44257 65 0 0 0 0 0 0 553 309407 18269
23.74 -0.202937 -0.179895 5.99916 57878 1.0000007 281026 102928 5 2 551186.67 9.3873904 22.1003 23.74 192 1065788 242240 44387 66 0 0 0 0 0 0 553 309399 18489
23.746625 -0.202937 -0.179202 5.99918 57880 1.0000007 281085 102975 6 2 541020.92 9.3873904 22.1003 23.746625 221 1066329 242584 43997 67 0 0 0 0 0 0 553 309458 18148
23.753375 -0.202937 -0.178495 5.9992 57881 1.0000007 281137 103028 6 2 555896.91 9.3873904 22.1003 23.753375 243 1069403 244754 44799 68 0 0 0 0 0 0 553 309510 18647
23.76 -0.202937 -0.177801 5.99922 57883 1.0000007 281138 103082 5 2 550739.5 9.3873904 22.1003 23.76 237 1070647 245072 44777 69 0 0 0 0 0 0 553 309497 18474
23.766625 -0.202937 -0.177108 5.99924 57884 1.0000007 281081 103041 6 2 557268.24 9.3873904 22.1003 23.766625 226 1075038 247283 45312 70 0 0 0 0 0 0 553 309444 18693
23.773375 -0.202937 -0.176401 5.99926 57886 1.0000007 281323 103167 6 2 557506.73 9.3873904 22.1003 23.773375 220 1076868 248017 45200 71 0 0 0 0 0 0 553 309703 18701
23.78 -0.202937 -0.175707 5.99929 57887 1.0000007 281349 103256 7 2 553601.41 9.3873904 22.1003 23.78 222 1079194 250496 45376 72 0 0 0 0 0 0 553 309690 18570
23.786625 -0.202937 -0.175014 5.99931 57889 1.0000007 281354 103211 5 2 568805.33 9.3873904 22.1003 23.786625 207 1084168 252679 46043 73 0 0 0 0 0 0 553 309699 19080
23.793375 -0.202937 -0.174307 5.99933 57890 1.0000007 281323 103213 5 2 572114.42 9.3873904 22.1003 23.793375 226 1086733 256002 46625 74 0 0 0 0 0 0 553 309663 19191
23.8 -0.202937 -0.173613 5.99935 57892 1.0000007 281491 103336 5 2 575006.14 9.3873904 22.1003 23.8 208 1090403 258664 46588 75 0 0 0 0 0 0 553 309862 19288
23.806625 -0.202937 -0.172919 5.99937 57893 1.0000007 281565 103414 6 2 576407.29 9.3873904 22.1003 23.806625 221 1095568 262104 46926 76 0 0 0 0 0 0 553 309915 19335
23.813375 -0.202937 -0.172213 5.99939 57894 1.0000007 281611 103444 6 2 585171.9 9.3873904 22.1003 23.813375 268 1099622 267304 47550 77 0 0 0 0 0 0 553 309984 19629
23.82 -0.202937 -0.171519 5.99941 57896 1.0000007 281651 103485 5 2 582190.74 9.3873904 22.1003 23.82 318 1108242 273058 47815 78 0 0 0 0 0 0 553 309996 19529
23.826625 -0.202937 -0.170825 5.99943 57898 1.0000007 281580 103468 7 2 599302.59 9.3873904 22.1003 23.826625 387 1113651 279445 48897 79 0 0 0 0 0 0 553 309917 20103
23.833375 -0.202937 -0.170118 5.99945 57899 1.0000007 281730 103587 5 2 595904.07 9.3873904 22.1003 23.833375 467 1126319 288933 49149 80 0 0 0 0 0 0 553 310080 19989
23.84 -0.202937 -0.169425 5.99947 57900 1.0000007 281817 103650 5 2 611197.42 9.3873904 22.1003 23.84 578 1136206 298954 50010 81 0 0 0 0 0 0 553 310169 20502
23.846625 -0.202937 -0.168731 5.99949 57902 1.0000007 281868 103643 7 2 618859 9.3873904 22.1003 23.846625 694 1148486 309918 50366 82 0 0 0 0 0 0 553 310220 20759
23.853375 -0.202937 -0.168024 5.99951 57903 1.0000007 281989 103750 6 2 621273.74 9.3873904 22.1003 23.853375 902 1163498 322988 50884 83 0 0 0 0 0 0 553 310336 20840
23.86 -0.202937 -0.16733 5.99952 57905 1.0000007 282007 103785 5 2 629173.82 9.3873904 22.1003 23.86 1069 1179035 338943 52240 84 0 0 0 0 0 0 553 310349 21105
23.866625 -0.202937 -0.166637 5.99954 57906 1.0000007 282042 103828 5 2 638743.34 9.3873904 22.1003 23.866625 1357 1198180 356290 53593 85 0 0 0 0 0 0 553 310410 21426
23.873375 -0.202937 -0.16593 5.99956 57908 1.0000007 282107 103866 5 2 653887.63 9.3873904 22.1003 23.873375 1673 1221946 377596 54650 86 0 0 0 0 0 0 553 310467 21934
23.88 -0.202937 -0.165236 5.99958 57909 1.0000007 282239 104042 5 2 664291.88 9.3873904 22.1003 23.88 1911 1242243 398085 55857 87 0 0 0 0 0 0 553 310583 22283
23.886625 -0.202937 -0.164542 5.9996 57911 1.0000007 282288 103974 6 2 677856.16 9.3873904 22.1003 23.886625 2327 1269430 424230 57154 88 0 0 0 0 0 0 553 310671 22738
23.893375 -0.202937 -0.163836 5.99962 57912 1.0000007 282291 104031 5 2 701973.75 9.3873904 22.1003 23.893375 2976 1301061 456194 58720 89 0 0 0 0 0 0 553 310650 23547
23.9 -0.202937 -0.163142 5.99964 57914 1.0000007 282297 104002 5 2 706415.67 9.3873904 22.1003 23.9 3534 1336283 490626 60593 90 0 0 0 0 0 0 553 310633 23696
23.906625 -0.202937 -0.162448 5.99966 57915 1.0000007 282152 103969 6 2 736286.9 9.3873904 22.1003 23.906625 4779 1380433 534382 63051 91 0 0 0 0 0 0 553 310496 24698
23.913375 -0.202937 -0.161741 5.99968 57917 1.0000007 282290 104065 5 2 750775.33 9.3873904 22.1003 23.913375 5847 1426991 580217 64800 92 0 0 0 0 0 0 553 310649 25184
23.92 -0.202937 -0.161048 5.9997 57918 1.0000007 282405 104211 5 2 766158.12 9.3873904 22.1003 23.92 8700 1485485 637519 68211 93 0 0 0 0 0 0 553 310769 25700
23.926625 -0.202937 -0.160354 5.99972 57920 1.0000007 282412 104199 5 2 798116.16 9.3873904 22.1003 23.926625 10658 1549890 700570 71813 94 0 0 0 0 0 0 553 310761 26772
23.933375 -0.202937 -0.159647 5.99973 57921 1.0000007 282351 104103 5 2 834963.29 9.3873904 22.1003 23.933375 12594 1619751 772051 75756 95 0 0 0 0 0 0 553 310693 28008
23.94 -0.202937 -0.158953 5.99975 57922 1.0000007 282424 104189 5 2 868769.65 9.3873904 22.1003 23.94 16137 1710635 861544 81343 96 0 0 0 0 0 0 553 310764 29142
23.946625 -0.202937 -0.15826 5.99977 57924 1.0000007 282408 104191 4 2 909790.41 9.3873904 22.1003 23.946625 22983 1826282 977530 87615 97 0 0 0 0 0 0 553 310745 30518
23.953375 -0.202937 -0.157553 5.99979 57925 1.0000007 282599 104339 6 2 951526.65 9.3873904 22.1003 23.953375 32329 1965341 1117101 95784 98 0 0 0 0 0 0 553 310939 31918
23.96 -0.202937 -0.156859 5.99981 57927 1.0000007 282532 104314 5 2 994097.61 9.3873904 22.1003 23.96 31685 2093882 1243782 104736 99 0 0 0 0 0 0 553 310873 33346
23.966625 -0.202937 -0.156165 5.99983 57928 1.0000007 282504 104260 5 2 1050560.8 9.3873904 22.1003 23.966625 32068 2202667 1351887 116517 100 0 0 0 0 0 0 553 310853 35240
23.973375 -0.202937 -0.155458 5.99984 57930 1.0000007 282501 104296 5 2 1110541.7 9.3873904 22.1003 23.973375 29101 2305893 1456459 129557 101 0 0 0 0 0 0 553 310844 37252
23.98 -0.202937 -0.154765 5.99986 57931 1.0000007 282713 104470 6 2 1178720.9 9.3873904 22.1003 23.98 28635 2443599 1593058 144211 102 0 0 0 0 0 0 553 311056 39539
23.986625 -0.202937 -0.154071 5.99988 57933 1.0000007 282461 104307 4 2 1274595 9.3873904 22.1003 23.986625 30994 2594543 1743492 163364 103 0 0 0 0 0 0 553 310771 42755
23.993375 -0.202937 -0.153364 5.9999 57934 1.0000007 282668 104421 6 2 1373181.9 9.3873904 22.1003 23.993375 36209 2773413 1921286 187055 104 0 0 0 0 0 0 553 311010 46062
24 -0.202937 -0.15267 5.99992 57936 1.0000007 281336 103896 5 2 1464107.3 9.3873904 22.1003 24 41375 2923684 2078762 211859 105 0 0 0 0 0 0 553 309431 49112
24.006625 -0.202937 -0.151977 5.99993 57937 1.0000007 282874 104577 5 2 1594801.4 9.3873904 22.1003 24.006625 56540 3141341 2290473 243599 106 0 0 0 0 0 0 553 311208 53496
24.013375 -0.202937 -0.15127 5.99995 57939 1.0000007 282813 104485 5 2 1753220.2 9.3873904 22.1003 24.013375 81213 3396294 2545099 279408 107 0 0 0 0 0 0 553 311174 58810
24.02 -0.202937 -0.150576 5.99997 57940 1.0000007 282820 104533 5 2 1909939.8 9.3873904 22.1003 24.02 102883 3704227 2853661 320049 108 0 0 0 0 0 0 553 311169 64067
24.026625 -0.202937 -0.149882 5.99999 57942 1.0000007 282829 104551 6 2 2104311.4 9.3873904 22.1003 24.026625 131715 4060204 3208103 365652 109 0 0 0 0 0 0 553 311172 70587
24.033375 -0.202937 -0.149175 6 57943 1.0000007 282876 104508 5 2 2319610.8 9.3873904 22.1003 24.033375 156089 4465947 3614856 419777 110 0 0 0 0 0 0 553 311200 77809
24.04 -0.202937 -0.148482 6.00002 57945 1.0000007 282848 104512 5 2 2579180.4 9.3873904 22.1003 24.04 152141 4829676 3979505 485953 111 0 0 0 0 0 0 553 311205 86516
24.046625 -0.202937 -0.147788 6.00004 57946 1.0000007 282910 104575 5 2 2864417.8 9.3873904 22.1003 24.046625 129922 5239339 4387607 580526 112 0 0 0 0 0 0 553 311257 96084
24.053375 -0.202937 -0.147081 6.00006 57948 1.0000007 282701 104420 6 2 3206446.3 9.3873904 22.1003 24.053375 143749 5818386 4966389 715669 113 0 0 0 0 0 0 553 311028 107557
24.06 -0.202937 -0.146387 6.00007 57949 1.0000007 282810 104542 6 2 3607561.3 9.3873904 22.1003 24.06 184822 6163477 5309719 930484 114 0 0 0 0 0 0 553 311139 121012
24.066625 -0.202937 -0.145693 6.00009 57951 1.0000007 282804 104486 6 2 4108604.9 9.3873904 22.1003 24.066625 128340 5835009 4982886 1250538 115 0 0 0 0 0 0 553 311152 137819
24.073375 -0.202937 -0.144987 6.00011 57952 1.0000007 282682 104353 5 2 4745470.1 9.3873904 22.1003 24.073375 123741 5507703 4656810 1585221 116 0 0 0 0 0 0 553 311034 159182
24.08 -0.202937 -0.144293 6.00012 57954 1.0000007 282626 104409 6 2 5514758.4 9.3873904 22.1003 24.08 178606 5431046 4580272 1902637 117 0 0 0 0 0 0 553 310964 184987
24.086625 -0.202937 -0.143599 6.00014 57955 1.0000007 282721 104381 6 2 6415724.6 9.3873904 22.1003 24.086625 231014 5385355 4534141 2181082 118 0 0 0 0 0 0 553 311092 215209
24.093375 -0.202937 -0.142892 6.00016 57957 1.0000007 282587 104344 5 2 7375479.3 9.3873904 22.1003 24.093375 248717 5158037 4308702 2322870 119 0 0 0 0 0 0 553 310929 247403
24.1 -0.202937 -0.142198 6.00017 57958 1.0000007 282581 104339 5 2 8265802.7 9.3873904 22.1003 24.1 201320 4637372 3785767 2176222 120 0 0 0 0 0 0 553 310929 277268
24.106625 -0.202937 -0.141505 6.00019 57960 1.0000007 282518 104285 6 2 9138447.9 9.3873904 22.1003 24.106625 108631 3829021 2978607 1751163 121 0 0 0 0 0 0 553 310872 306540
24.113375 -0.202937 -0.140798 6.00021 57961 1.0000007 282496 104245 6 2 10197237 9.3873904 22.1003 24.113375 49130 3201694 2351899 1401656 122 0 0 0 0 0 0 553 310844 342056
24.12 -0.202937 -0.140104 6.00022 57963 1.0000007 282413 104192 7 2 11071223 9.3873904 22.1003 24.12 24570 2825332 1978120 1195120 123 0 0 0 0 0 0 553 310756 371373
24.126625 -0.202937 -0.13941 6.00024 57964 1.0000007 282281 104140 5 2 11787864 9.3873904 22.1003 24.126625 15328 2611555 1764374 1090930 124 0 0 0 0 0 0 553 310613 395412
24.133375 -0.202937 -0.138703 6.00025 57966 1.0000007 282281 104126 6 2 12142294 9.3873904 22.1003 24.133375 13656 2443927 1596311 999921 125 0 0 0 0 0 0 553 310635 407301
24.14 -0.202937 -0.138009 6.00027 57967 1.0000007 282385 104183 5 2 11929112 9.3873904 22.1003 24.14 11085 2294211 1447480 908475 126 0 0 0 0 0 0 553 310750 400150
24.146625 -0.202937 -0.137316 6.00029 57969 1.0000007 282193 104053 5 2 11052054 9.3873904 22.1003 24.146625 8982 2154566 1308642 811780 127 0 0 0 0 0 0 553 310537 370730
24.153375 -0.202937 -0.136609 6.0003 57970 1.0000007 282130 104026 5 2 10180483 9.3873904 22.1003 24.153375 6799 2032245 1185823 723399 128 0 0 0 0 0 0 553 310511 341494
24.16 -0.202937 -0.135915 6.00032 57972 1.0000007 282237 104065 6 2 9403651.9 9.3873904 22.1003 24.16 5715 1937187 1091144 652564 129 0 0 0 0 0 0 553 310590 315436
24.166625 -0.202937 -0.135221 6.00033 57973 1.0000007 282130 103970 7 2 8496872.4 9.3873904 22.1003 24.166625 5043 1850206 1003538 583510 130 0 0 0 0 0 0 553 310472 285019
24.173375 -0.202937 -0.134514 6.00035 57974 1.0000007 282087 103951 6 2 7735603.4 9.3873904 22.1003 24.173375 3980 1774554 927667 522646 131 0 0 0 0 0 0 553 310452 259483
24.18 -0.202937 -0.13382 6.00037 57976 1.0000007 282034 103896 5 2 6913101.4 9.3873904 22.1003 24.18 2565 1703602 857329 463457 132 0 0 0 0 0 0 553 310403 231893
24.186625 -0.202937 -0.133127 6.00038 57977 1.0000007 282022 103895 7 2 6333474.4 9.3873904 22.1003 24.186625 1966 1652916 805114 421753 133 0 0 0 0 0 0 553 310374 212450
24.193375 -0.202937 -0.13242 6.0004 57979 1.0000007 281865 103791 5 2 5951170.5 9.3873904 22.1003 24.193375 1543 1615815 769113 393475 134 0 0 0 0 0 0 553 310206 199626
24.2 -0.202937 -0.131726 6.00041 57980 1.0000007 281877 103838 5 2 5729849.1 9.3873904 22.1003 24.2 1288 1590452 744760 376068 135 0 0 0 0 0 0 553 310224 192202
24.206625 -0.202937 -0.131032 6.00043 57982 1.0000007 281745 103758 6 2 5554020.3 9.3873904 22.1003 24.206625 1096 1569452 724206 362807 136 0 0 0 0 0 0 553 310104 186304
24.213375 -0.202937 -0.130325 6.00044 57983 1.0000007 281640 103680 6 2 5476987.2 9.3873904 22.1003 24.213375 954 1557606 712726 353774 137 0 0 0 0 0 0 553 309979 183720
24.22 -0.202937 -0.129631 6.00046 57985 1.0000007 281676 103692 6 2 5419301.7 9.3873904 22.1003 24.22 856 1544439 702453 345495 138 0 0 0 0 0 0 553 310016 181785
24.226625 -0.202937 -0.128937 6.00047 57986 1.0000007 281563 103584 5 2 5328942.7 9.3873904 22.1003 24.226625 838 1533696 690739 335506 139 0 0 0 0 0 0 553 309908 178754
24.233375 -0.202937 -0.128231 6.00049 57988 1.0000007 281498 103512 6 2 5315080.4 9.3873904 22.1003 24.233375 743 1528816 685544 329789 140 0 0 0 0 0 0 553 309870 178289
24.24 -0.202937 -0.127537 6.0005 57989 1.0000007 281670 103659 5 2 5250925.8 9.3873904 22.1003 24.24 807 1522402 678467 323222 141 0 0 0 0 0 0 553 310037 176137
24.246625 -0.202937 -0.126843 6.00052 57991 1.0000007 281510 103540 5 2 5247408 9.3873904 22.1003 24.246625 907 1519869 676443 320468 142 0 0 0 0 0 0 553 309869 176019
24.253375 -0.202937 -0.126136 6.00053 57992 1.0000007 281409 103431 5 2 5197801.5 9.3873904 22.1003 24.253375 936 1514033 670765 315007 143 0 0 0 0 0 0 553 309769 174355
24.26 -0.202937 -0.125442 6.00055 57994 1.0000007 281398 103446 5 2 5141606.7 9.3873904 22.1003 24.26 967 1509772 667483 311673 144 0 0 0 0 0 0 553 309751 172470
24.266625 -0.202937 -0.124748 6.00056 57995 1.0000007 281256 103338 5 2 5101688.9 9.3873904 22.1003 24.266625 861 1509044 668486 310488 145 0 0 0 0 0 0 553 309604 171131
24.273375 -0.202937 -0.124041 6.00058 57997 1.0000007 281308 103360 7 2 5073397.7 9.3873904 22.1003 24.273375 874 1516416 673844 312433 146 0 0 0 0 0 0 553 309655 170182
24.28 -0.202937 -0.123348 6.00059 57998 1.0000007 281269 103299 5 2 5018693.4 9.3873904 22.1003 24.28 882 1523252 680350 313487 147 0 0 0 0 0 0 553 309627 168347
24.286625 -0.202937 -0.122654 6.0006 58000 1.0000007 281247 103290 5 2 4974214.5 9.3873904 22.1003 24.286625 911 1532338 689774 316144 148 0 0 0 0 0 0 553 309618 166855
24.293375 -0.202937 -0.121947 6.00062 58001 1.0000007 281247 103269 7 2 4909463.7 9.3873904 22.1003 24.293375 1175 1543692 702322 318024 149 0 0 0 0 0 0 553 309602 164683
24.3 -0.202937 -0.121253 6.00063 58003 1.0000007 281179 103280 5 2 4857472.3 9.3873904 22.1003 24.3 1350 1557102 715775 321143 150 0 0 0 0 0 0 553 309518 162939
24.306625 -0.202937 -0.120559 6.00065 58004 1.0000007 281084 103207 5 2 4796239.3 9.3873904 22.1003 24.306625 1562 1575392 734461 325119 151 0 0 0 0 0 0 553 309457 160885
24.313375 -0.202937 -0.119852 6.00066 58006 1.0000007 281121 103222 7 2 4715658.5 9.3873904 22.1003 24.313375 1670 1593831 753085 329100 152 0 0 0 0 0 0 553 309490 158182
24.32 -0.202937 -0.119158 6.00067 58007 1.0000007 280909 103101 5 2 4670941.1 9.3873904 22.1003 24.32 1927 1614115 774135 333636 153 0 0 0 0 0 0 553 309233 156682
24.326625 -0.202937 -0.118464 6.00069 58008 1.0000007 280828 103043 6 2 4608426.2 9.3873904 22.1003 24.326625 2149 1638212 798399 339083 154 0 0 0 0 0 0 553 309192 154585
24.333375 -0.202937 -0.117758 6.0007 58010 1.0000007 280695 102921 5 2 4517441.2 9.3873904 22.1003 24.333375 2505 1666964 826014 342915 155 0 0 0 0 0 0 553 309050 151533
24.34 -0.202937 -0.117064 6.00072 58011 1.0000007 280722 102887 7 2 4451587.4 9.3873904 22.1003 24.34 2959 1695244 857041 346181 156 0 0 0 0 0 0 553 309076 149324
24.346625 -0.202937 -0.11637 6.00073 58013 1.0000007 280587 102877 5 2 4385465.2 9.3873904 22.1003 24.346625 3610 1734397 897796 350703 157 0 0 0 0 0 0 553 308934 147106
24.353375 -0.202937 -0.115663 6.00074 58014 1.0000007 280595 102882 6 2 4286490.7 9.3873904 22.1003 24.353375 4534 1779359 942722 354152 158 0 0 0 0 0 0 553 308963 143786
24.36 -0.202937 -0.114969 6.00076 58016 1.0000007 280457 102767 5 2 4226211.7 9.3873904 22.1003 24.36 5859 1839463 1002421 358588 159 0 0 0 0 0 0 553 308811 141764
24.366625 -0.202937 -0.114275 6.00077 58017 1.0000007 280504 102756 6 2 4193806.5 9.3873904 22.1003 24.366625 8113 1908813 1072805 363125 160 0 0 0 0 0 0 553 308861 140677
24.373375 -0.202937 -0.113568 6.00078 58019 1.0000007 280521 102796 7 2 4147926.4 9.3873904 22.1003 24.373375 11118 1997435 1159811 367721 161 0 0 0 0 0 0 553 308862 139138
24.38 -0.202937 -0.112874 6.0008 58020 1.0000007 280478 102774 6 2 4069969.1 9.3873904 22.1003 24.38 15663 2100118 1261953 370354 162 0 0 0 0 0 0 553 308847 136523
24.386625 -0.202937 -0.11218 6.00081 58022 1.0000007 280374 102650 6 2 4000180.1 9.3873904 22.1003 24.386625 22354 2225625 1388840 373807 163 0 0 0 0 0 0 553 308731 134182
24.393375 -0.202937 -0.111474 6.00082 58023 1.0000007 280211 102599 5 2 3961156.7 9.3873904 22.1003 24.393375 31553 2374988 1539726 377751 164 0 0 0 0 0 0 553 308574 132873
24.4 -0.202937 -0.11078 6.00084 58025 1.0000007 280338 102678 6 2 3952779.7 9.3873904 22.1003 24.4 40089 2576365 1738931 385111 165 0 0 0 0 0 0 553 308723 132592
24.406625 -0.202937 -0.110086 6.00085 58026 1.0000007 280288 102587 7 2 3891844.8 9.3873904 22.1003 24.406625 57771 2849585 2012432 388912 166 0 0 0 0 0 0 553 308630 130548
24.413375 -0.202937 -0.109379 6.00086 58028 1.0000007 279989 102426 5 2 3834874.8 9.3873904 22.1003 24.413375 79761 3212527 2376951 391381 167 0 0 0 0 0 0 553 308353 128637
24.42 -0.202937 -0.108685 6.00087 58029 1.0000007 280210 102533 6 2 3796865 9.3873904 22.1003 24.42 105008 3653131 2815894 396640 168 0 0 0 0 0 0 553 308558 127362
24.426625 -0.202937 -0.107991 6.00089 58031 1.0000007 280112 102498 7 2 3784433.6 9.3873904 22.1003 24.426625 115322 4023864 3186193 403151 169 0 0 0 0 0 0 553 308487 126945
24.433375 -0.202937 -0.107284 6.0009 58032 1.0000007 280091 102476 5 2 3736228.2 9.3873904 22.1003 24.433375 113306 4181198 3344841 402978 170 0 0 0 0 0 0 553 308471 125328
24.44 -0.202937 -0.10659 6.00091 58034 1.0000007 280013 102393 5 2 3688947 9.3873904 22.1003 24.44 101571 4116393 3282619 401291 171 0 0 0 0 0 0 553 308388 123742
24.446625 -0.202937 -0.105896 6.00092 58035 1.0000007 280032 102395 6 2 3659195 9.3873904 22.1003 24.446625 90400 3971112 3132135 398253 172 0 0 0 0 0 0 553 308406 122744
24.453375 -0.202937 -0.105189 6.00094 58037 1.0000007 279985 102422 5 2 3658151.6 9.3873904 22.1003 24.453375 70940 3797826 2963558 392860 173 0 0 0 0 0 0 553 308344 122709
24.46 -0.202937 -0.104496 6.00095 58038 1.0000007 279847 102285 6 2 3660447.1 9.3873904 22.1003 24.46 69138 3753136 2917951 387912 174 0 0 0 0 0 0 553 308224 122786
24.466625 -0.202937 -0.103802 6.00096 58040 1.0000007 279923 102306 6 2 3688261.3 9.3873904 22.1003 24.466625 80178 3809742 2975510 384193 175 0 0 0 0 0 0 553 308292 123719
24.473375 -0.202937 -0.103095 6.00097 58041 1.0000007 279930 102321 5 2 3698516.5 9.3873904 22.1003 24.473375 93834 3880382 3046633 380960 176 0 0 0 0 0 0 553 308297 124063
24.48 -0.202937 -0.102401 6.00098 58043 1.0000007 279820 102243 5 2 3716969.9 9.3873904 22.1003 24.48 86768 3876531 3042527 379492 177 0 0 0 0 0 0 553 308185 124682
24.486625 -0.202937 -0.101707 6.001 58044 1.0000007 279944 102319 7 2 3707340.8 9.3873904 22.1003 24.486625 78149 3637424 2802570 377257 178 0 0 0 0 0 0 553 308317 124359
24.493375 -0.202937 -0.101 6.00101 58046 1.0000007 279824 102224 6 2 3637134.4 9.3873904 22.1003 24.493375 48207 3296133 2460698 372932 179 0 0 0 0 0 0 553 308200 122004
24.5 -0.202937 -0.100306 6.00102 58047 1.0000007 279776 102240 6 2 3612033.1 9.3873904 22.1003 24.5 35480 3031253 2196667 369221 180 0 0 0 0 0 0 553 308147 121162
24.506625 -0.202937 -0.0996122 6.00103 58048 1.0000007 279842 102203 6 2 3544450.2 9.3873904 22.1003 24.506625 34340 2800557 1967041 360641 181 0 0 0 0 0 0 553 308222 118895
24.513375 -0.202937 -0.0989052 6.00104 58050 1.0000007 279737 102190 6 2 3526712.3 9.3873904 22.1003 24.513375 33251 2605531 1772838 352601 182 0 0 0 0 0 0 553 308122 118300
24.52 -0.202937 -0.0982113 6.00105 58051 1.0000007 279933 102359 5 2 3470755.9 9.3873904 22.1003 24.52 28769 2412597 1580752 340370 183 0 0 0 0 0 0 553 308321 116423
24.526625 -0.202937 -0.0975174 6.00107 58053 1.0000007 279863 102271 6 2 3350853.7 9.3873904 22.1003 24.526625 19200 2222929 1389485 321546 184 0 0 0 0 0 0 553 308215 112401
24.533375 -0.202937 -0.0968104 6.00108 58054 1.0000007 279770 102242 5 2 3192285.8 9.3873904 22.1003 24.533375 16165 2087453 1257686 303347 185 0 0 0 0 0 0 553 308142 107082
24.54 -0.202937 -0.0961165 6.00109 58056 1.0000007 279870 102277 6 2 3088988.6 9.3873904 22.1003 24.54 14939 2004689 1173174 287237 186 0 0 0 0 0 0 553 308246 103617
24.546625 -0.202937 -0.0954226 6.0011 58057 1.0000007 280980 102800 5 2 2971739.5 9.3873904 22.1003 24.546625 11590 1931344 1099185 275831 187 0 0 0 0 0 0 553 309347 99684
24.553375 -0.202937 -0.0947157 6.00111 58059 1.0000007 280914 102707 5 2 2839704 9.3873904 22.1003 24.553375 8272 1846695 1013277 262548 188 0 0 0 0 0 0 553 309292 95255
24.56 -0.202937 -0.0940218 6.00112 58060 1.0000007 280934 102754 7 2 2714465.4 9.3873904 22.1003 24.56 6495 1762608 929620 251232 189 0 0 0 0 0 0 553 309311 91054
24.566625 -0.202937 -0.0933279 6.00113 58062 1.0000007 281001 102823 6 2 2508020.1 9.3873904 22.1003 24.566625 4892 1664363 831757 229304 190 0 0 0 0 0 0 553 309374 84129
24.573375 -0.202937 -0.0926209 6.00114 58063 1.0000007 281027 102752 6 2 2226956.3 9.3873904 22.1003 24.573375 3269 1562300 729890 199765 191 0 0 0 0 0 0 553 309408 74701
24.58 -0.202937 -0.091927 6.00115 58065 1.0000007 280967 102788 6 2 1927975.8 9.3873904 22.1003 24.58 2270 1461377 629627 168466 192 0 0 0 0 0 0 553 309355 64672
24.586625 -0.202937 -0.0912331 6.00116 58066 1.0000007 281081 102839 5 2 1676514.9 9.3873904 22.1003 24.586625 1370 1382338 551855 143294 193 0 0 0 0 0 0 553 309455 56237
24.593375 -0.202937 -0.0905261 6.00117 58068 1.0000007 280961 102795 5 2 1462259 9.3873904 22.1003 24.593375 964 1320948 491624 122755 194 0 0 0 0 0 0 553 309325 49050
24.6 -0.202937 -0.0898322 6.00119 58069 1.0000007 281066 102880 7 2 1299815.6 9.3873904 22.1003 24.6 738 1282461 450396 108883 195 0 0 0 0 0 0 553 309457 43601
24.606625 -0.202937 -0.0891383 6.0012 58071 1.0000007 281076 102879 6 2 1161489.7 9.3873904 22.1003 24.606625 572 1249148 416658 96809 196 0 0 0 0 0 0 553 309440 38961
24.613375 -0.202937 -0.0884313 6.00121 58072 1.0000007 281198 102980 6 2 1060458.2 9.3873904 22.1003 24.613375 468 1220865 390667 87905 197 0 0 0 0 0 0 553 309560 35572
24.62 -0.202937 -0.0877373 6.00122 58074 1.0000007 281347 103056 5 2 970248.33 9.3873904 22.1003 24.62 408 1199997 370068 80701 198 0 0 0 0 0 0 553 309742 32546
24.626625 -0.202937 -0.0870434 6.00123 58075 1.0000007 281349 103098 5 2 896762.74 9.3873904 22.1003 24.626625 330 1185165 354725 74864 199 0 0 0 0 0 0 553 309721 30081
24.633375 -0.202937 -0.0863364 6.00124 58077 1.0000007 281422 103192 6 2 838481.06 9.3873904 22.1003 24.633375 284 1170090 341185 70445 200 0 0 0 0 0 0 553 309797 28126
24.64 -0.202937 -0.0856425 6.00125 58078 1.0000007 281399 103188 5 2 808371.35 9.3873904 22.1003 24.64 255 1158593 328609 66776 201 0 0 0 0 0 0 553 309775 27116
24.646625 -0.202937 -0.0849486 6.00126 58080 1.0000007 281470 103302 6 2 762759.6 9.3873904 22.1003 24.646625 243 1149746 319419 63593 202 0 0 0 0 0 0 553 309845 25586
24.653375 -0.202937 -0.0842416 6.00127 58081 1.0000007 281557 103262 6 2 732321.95 9.3873904 22.1003 24.653375 233 1139422 310779 60655 203 0 0 0 0 0 0 553 309928 24565
24.66 -0.202937 -0.0835477 6.00128 58083 1.0000007 281581 103348 5 2 714971.6 9.3873904 22.1003 24.66 251 1133962 304177 58792 204 0 0 0 0 0 0 553 309937 23983
24.666625 -0.202937 -0.0828538 6.00129 58084 1.0000007 281834 103469 6 2 683520.36 9.3873904 22.1003 24.666625 230 1128479 298564 56925 205 0 0 0 0 0 0 553 310202 22928
24.673375 -0.202937 -0.0821468 6.0013 58085 1.0000007 281783 103456 6 2 678959.19 9.3873904 22.1003 24.673375 214 1122451 292468 55344 206 0 0 0 0 0 0 553 310140 22775
24.68 -0.202937 -0.0814528 6.0013 58087 1.0000007 281864 103535 5 2 653201.97 9.3873904 22.1003 24.68 230 1114984 287215 54081 207 0 0 0 0 0 0 553 310223 21911
24.686625 -0.202937 -0.0807589 6.00131 58088 1.0000007 281866 103584 6 2 644407.55 9.3873904 22.1003 24.686625 234 1113176 284031 53128 208 0 0 0 0 0 0 553 310224 21616
24.693375 -0.202937 -0.0800519 6.00132 58090 1.0000007 281996 103693 5 2 636984.46 9.3873904 22.1003 24.693375 226 1109764 280555 52089 209 0 0 0 0 0 0 553 310337 21367
24.7 -0.202937 -0.079358 6.00133 58091 1.0000007 282053 103786 6 2 622555.64 9.3873904 22.1003 24.7 223 1104269 276193 51101 210 0 0 0 0 0 0 553 310420 20883
24.706625 -0.202937 -0.0786641 6.00134 58093 1.0000007 282173 103835 6 2 618203.15 9.3873904 22.1003 24.706625 238 1104639 274855 50827 211 0 0 0 0 0 0 553 310548 20737
24.713375 -0.202937 -0.077957 6.00135 58094 1.0000007 282243 103853 5 2 609468.35 9.3873904 22.1003 24.713375 213 1100125 271237 49793 212 0 0 0 0 0 0 553 310599 20444
24.72 -0.202937 -0.0772631 6.00136 58096 1.0000007 282334 103908 5 2 602790.55 9.3873904 22.1003 24.72 221 1099120 269206 49648 213 0 0 0 0 0 0 553 310681 20220
24.726625 -0.202937 -0.0765692 6.00137 58097 1.0000007 282382 104007 6 2 598467.87 9.3873904 22.1003 24.726625 248 1095100 266243 48799 214 0 0 0 0 0 0 553 310752 20075
24.733375 -0.202937 -0.0758622 6.00138 58099 1.0000007 282302 104005 5 2 582637.91 9.3873904 22.1003 24.733375 249 1092365 264154 48145 215 0 0 0 0 0 0 553 310652 19544
24.74 -0.202937 -0.0751682 6.00139 58100 1.0000007 282495 104054 5 2 583442.82 9.3873904 22.1003 24.74 220 1091352 264298 48113 216 0 0 0 0 0 0 553 310855 19571
24.746625 -0.202937 -0.0744743 6.0014 58102 1.0000007 282524 104131 5 2 582399.42 9.3873904 22.1003 24.746625 240 1089248 261543 47659 217 0 0 0 0 0 0 553 310851 19536
24.753375 -0.202937 -0.0737673 6.0014 58103 1.0000007 282530 104190 5 2 575870.68 9.3873904 22.1003 24.753375 210 1086192 259350 47000 218 0 0 0 0 0 0 553 310869 19317
24.76 -0.202937 -0.0730734 6.00141 58105 1.0000007 282551 104165 6 2 576258.23 9.3873904 22.1003 24.76 209 1085803 258567 46790 219 0 0 0 0 0 0 553 310896 19330
24.766625 -0.202937 -0.0723794 6.00142 58106 1.0000007 282846 104321 5 2 570832.52 9.3873904 22.1003 24.766625 244 1084715 256799 46579 220 0 0 0 0 0 0 553 311207 19148
24.773375 -0.202937 -0.0716724 6.00143 58108 1.0000007 282624 104276 6 2 565078.88 9.3873904 22.1003 24.773375 228 1081231 254623 46245 221 0 0 0 0 0 0 553 310951 18955
24.78 -0.202937 -0.0709785 6.00144 58109 1.0000007 282743 104408 5 2 564810.57 9.3873904 22.1003 24.78 209 1081028 255098 46157 222 0 0 0 0 0 0 553 311081 18946
24.786625 -0.202937 -0.0702845 6.00145 58111 1.0000007 282741 104405 5 2 571130.63 9.3873904 22.1003 24.786625 250 1078655 253882 46429 223 0 0 0 0 0 0 553 311060 19158
24.793375 -0.202937 -0.0695775 6.00145 58112 1.0000007 282750 104391 6 2 558341.46 9.3873904 22.1003 24.793375 198 1076818 251096 45514 224 0 0 0 0 0 0 553 311077 18729
24.8 -0.202937 -0.0688836 6.00146 58114 1.0000007 282801 104475 6 2 556045.96 9.3873904 22.1003 24.8 235 1075653 250880 45724 225 0 0 0 0 0 0 553 311142 18652
24.806625 -0.202937 -0.0681896 6.00147 58115 1.0000007 282864 104505 6 2 556761.44 9.3873904 22.1003 24.806625 239 1072817 248788 44994 226 0 0 0 0 0 0 553 311198 18676
24.813375 -0.202937 -0.0674826 6.00148 58117 1.0000007 282755 104391 5 2 552736.88 9.3873904 22.1003 24.813375 235 1074069 247839 45010 227 0 0 0 0 0 0 553 311099 18541
24.82 -0.202937 -0.0667887 6.00149 58118 1.0000007 282784 104427 5 2 552110.83 9.3873904 22.1003 24.82 212 1071904 247748 45049 228 0 0 0 0 0 0 553 311124 18520
24.826625 -0.202937 -0.0660947 6.00149 58120 1.0000007 282879 104533 5 2 542690.37 9.3873904 22.1003 24.826625 218 1071000 246465 44305 229 0 0 0 0 0 0 553 311217 18204
24.833375 -0.202937 -0.0653877 6.0015 58121 1.0000007 283000 104628 6 2 533389.15 9.3873904 22.1003 24.833375 246 1068738 245323 43961 230 0 0 0 0 0 0 553 311358 17892
24.84 -0.202937 -0.0646937 6.00151 58122 1.0000007 282886 104536 5 2 549666.28 9.3873904 22.1003 24.84 248 1066834 244538 44259 231 0 0 0 0 0 0 553 311232 18438
24.846625 -0.202937 -0.0639998 6.00152 58124 1.0000007 282704 104405 5 2 545283.98 9.3873904 22.1003 24.846625 222 1064314 243289 44314 232 0 0 0 0 0 0 553 311032 18291
24.853375 -0.202937 -0.0632928 6.00152 58125 1.0000007 282928 104574 5 2 535952.94 9.3873904 22.1003 24.853375 250 1063468 242940 43919 233 0 0 0 0 0 0 553 311283 17978
24.86 -0.202937 -0.0625988 6.00153 58127 1.0000007 282842 104505 5 2 540424.68 9.3873904 22.1003 24.86 224 1061957 241424 43821 234 0 0 0 0 0 0 553 311193 18128
24.866625 -0.202937 -0.0619049 6.00154 58128 1.0000007 282798 104454 5 2 534164.25 9.3873904 22.1003 24.866625 247 1062603 241803 43669 235 0 0 0 0 0 0 553 311112 17918
24.873375 -0.202937 -0.0611978 6.00155 58130 1.0000007 282787 104491 6 2 533955.57 9.3873904 22.1003 24.873375 207 1060633 240073 43478 236 0 0 0 0 0 0 553 311117 17911
24.88 -0.202937 -0.0605039 6.00155 58131 1.0000007 282730 104424 4 2 538844.67 9.3873904 22.1003 24.88 244 1058626 240319 43597 237 0 0 0 0 0 0 553 311064 18075
24.886625 -0.202937 -0.0598099 6.00156 58133 1.0000007 282697 104340 6 2 533329.52 9.3873904 22.1003 24.886625 226 1056357 238472 43313 238 0 0 0 0 0 0 553 311031 17890
24.893375 -0.202937 -0.0591029 6.00157 58134 1.0000007 282688 104368 5 2 528261.55 9.3873904 22.1003 24.893375 185 1057664 239152 43350 239 0 0 0 0 0 0 553 311023 17720
24.9 -0.202937 -0.0584089 6.00157 58136 1.0000007 282532 104314 6 2 534790.29 9.3873904 22.1003 24.9 227 1055225 237944 43177 240 0 0 0 0 0 0 553 310855 17939
24.906625 -0.202937 -0.057715 6.00158 58137 1.0000007 282567 104289 5 2 524743.78 9.3873904 22.1003 24.906625 220 1054416 237226 42880 241 0 0 0 0 0 0 553 310919 17602
24.913375 -0.202937 -0.0570079 6.00159 58139 1.0000007 282686 104358 6 2 529692.51 9.3873904 22.1003 24.913375 203 1054320 237332 42947 242 0 0 0 0 0 0 553 311033 17768
24.92 -0.202937 -0.056314 6.00159 58140 1.0000007 282454 104292 5 2 531242.71 9.3873904 22.1003 24.92 208 1053622 237402 42699 243 0 0 0 0 0 0 553 310764 17820
24.926625 -0.202937 -0.05562 6.0016 58142 1.0000007 282402 104162 6 2 518274.67 9.3873904 22.1003 24.926625 248 1050253 235091 42326 244 0 0 0 0 0 0 553 310745 17385
24.933375 -0.202937 -0.054913 6.00161 58143 1.0000007 282366 104175 5 2 520749.03 9.3873904 22.1003 24.933375 218 1049051 234819 42280 245 0 0 0 0 0 0 553 310687 17468
24.94 -0.202937 -0.054219 6.00161 58145 1.0000007 282360 104111 5 2 526770.97 9.3873904 22.1003 24.94 238 1049495 235492 42497 246 0 0 0 0 0 0 553 310690 17670
24.946625 -0.202937 -0.0535251 6.00162 58146 1.0000007 282319 104018 5 2 514548.22 9.3873904 22.1003 24.946625 220 1046534 233329 41876 247 0 0 0 0 0 0 553 310663 17260
24.953375 -0.202937 -0.052818 6.00163 58148 1.0000007 282147 103981 6 2 526293.99 9.3873904 22.1003 24.953375 212 1047218 234150 42516 248 0 0 0 0 0 0 553 310463 17654
24.96 -0.202937 -0.0521241 6.00163 58149 1.0000007 282134 104030 5 2 515949.36 9.3873904 22.1003 24.96 184 1046770 233348 42330 249 0 0 0 0 0 0 553 310481 17307
24.966625 -0.202937 -0.0514301 6.00164 58151 1.0000007 282142 103972 6 2 520361.48 9.3873904 22.1003 24.966625 232 1045887 232965 42082 250 0 0 0 0 0 0 553 310485 17455
24.973375 -0.202937 -0.0507231 6.00164 58152 1.0000007 282023 103845 5 2 519496.94 9.3873904 22.1003 24.973375 213 1043154 232609 42000 251 0 0 0 0 0 0 553 310358 17426
24.98 -0.202937 -0.0500291 6.00165 58154 1.0000007 281977 103874 5 2 516307.1 9.3873904 22.1003 24.98 232 1041980 231470 41665 252 0 0 0 0 0 0 553 310300 17319
24.986625 -0.202937 -0.0493352 6.00165 58155 1.0000007 281948 103831 5 2 516307.1 9.3873904 22.1003 24.986625 239 1040746 231819 41652 253 0 0 0 0 0 0 553 310284 17319
24.993375 -0.202937 -0.0486281 6.00166 58157 1.0000007 281767 103700 6 2 514190.48 9.3873904 22.1003 24.993375 221 1038325 230551 41451 254 0 0 0 0 0 0 553 310098 17248
25 -0.202937 -0.0479341 6.00167 58158 1.0000007 281745 103711 6 2 518781.46 9.3873904 22.1003 25 217 1039878 231074 42142 255 0 0 0 0 0 0 553 310082 17402
25.006625 -0.202937 -0.0472402 6.00167 58160 1.0000007 281649 103638 6 2 514846.33 9.3873904 22.1003 25.006625 212 1037743 230103 41839 256 0 0 0 0 0 0 553 309985 17270
25.013375 -0.202937 -0.0465331 6.00168 58161 1.0000007 281810 103701 5 2 518304.48 9.3873904 22.1003 25.013375 210 1038008 230111 41642 257 0 0 0 0 0 0 553 310172 17386
25.02 -0.202937 -0.0458392 6.00168 58163 1.0000007 281575 103548 5 2 518125.61 9.3873904 22.1003 25.02 199 1037267 230085 42009 258 0 0 0 0 0 0 553 309907 17380
25.026625 -0.202937 -0.0451452 6.00169 58164 1.0000007 281413 103495 5 2 508108.91 9.3873904 22.1003 25.026625 215 1035614 228859 41374 259 0 0 0 0 0 0 553 309757 17044
25.033375 -0.202937 -0.0444381 6.00169 58166 1.0000007 281474 103538 5 2 507572.3 9.3873904 22.1003 25.033375 236 1034235 229161 41081 260 0 0 0 0 0 0 553 309799 17026
25.04 -0.202937 -0.0437442 6.0017 58167 1.0000007 281378 103438 6 2 512312.35 9.3873904 22.1003 25.04 203 1034837 228544 41509 261 0 0 0 0 0 0 553 309701 17185
25.046625 -0.202937 -0.0430502 6.0017 58168 1.0000007 281387 103450 6 2 507184.75 9.3873904 22.1003 25.046625 242 1033524 228355 41161 262 0 0 0 0 0 0 553 309723 17013
25.053375 -0.202937 -0.0423431 6.00171 58170 1.0000007 281262 103358 5 2 505425.87 9.3873904 22.1003 25.053375 234 1031126 227787 41033 263 0 0 0 0 0 0 553 309608 16954
25.06 -0.202937 -0.0416492 6.00171 58171 1.0000007 281424 103509 7 2 503398.68 9.3873904 22.1003 25.06 207 1031059 227107 40890 264 0 0 0 0 0 0 553 309794 16886
25.066625 -0.202937 -0.0409552 6.00172 58173 1.0000007 281314 103359 6 2 508317.59 9.3873904 22.1003 25.066625 213 1032434 226961 41186 265 0 0 0 0 0 0 553 309659 17051
25.073375 -0.202937 -0.0402482 6.00172 58174 1.0000007 281223 103318 5 2 506439.46 9.3873904 22.1003 25.073375 210 1029925 227074 40848 266 0 0 0 0 0 0 553 309581 16988
25.08 -0.202937 -0.0395542 6.00173 58176 1.0000007 281093 103260 5 2 502385.08 9.3873904 22.1003 25.08 211 1025868 226411 40910 267 0 0 0 0 0 0 553 308982 16852
25.086625 -0.202937 -0.0388602 6.00173 58177 1.0000007 281265 103277 5 2 513981.8 9.3873904 22.1003 25.086625 245 1027164 227093 41117 268 0 0 0 0 0 0 553 309634 17241
25.093375 -0.202937 -0.0381532 6.00174 58179 1.0000007 281397 103390 5 2 506558.71 9.3873904 22.1003 25.093375 239 1027869 226332 41031 269 0 0 0 0 0 0 553 309760 16992
25.1 -0.202937 -0.0374592 6.00174 58180 1.0000007 281307 103262 5 2 501818.66 9.3873904 22.1003 25.1 214 1027620 226472 41093 270 0 0 0 0 0 0 553 309667 16833
25.106625 -0.202937 -0.0367652 6.00175 58182 1.0000007 281320 103268 5 2 501550.36 9.3873904 22.1003 25.106625 214 1027222 225894 40691 271 0 0 0 0 0 0 553 309707 16824
25.113375 -0.202937 -0.0360582 6.00175 58183 1.0000007 281304 103268 5 2 500745.45 9.3873904 22.1003 25.113375 219 1026480 225301 40405 272 0 0 0 0 0 0 553 309702 16797
25.12 -0.202937 -0.0353642 6.00175 58185 1.0000007 281171 103201 4 2 499910.72 9.3873904 22.1003 25.12 241 1023922 224901 40597 273 0 0 0 0 0 0 553 309553 16769
25.126625 -0.202937 -0.0346702 6.00176 58186 1.0000007 281206 103244 5 2 498211.46 9.3873904 22.1003 25.126625 212 1026380 225005 40548 274 0 0 0 0 0 0 553 309557 16712
25.133375 -0.202937 -0.0339631 6.00176 58188 1.0000007 281098 103197 5 2 492815.56 9.3873904 22.1003 25.133375 186 1023093 224665 40266 275 0 0 0 0 0 0 553 309467 16531
25.14 -0.202937 -0.0332692 6.00177 58189 1.0000007 281125 103090 5 2 503249.62 9.3873904 22.1003 25.14 226 1023567 225500 40883 276 0 0 0 0 0 0 553 309498 16881
25.146625 -0.202937 -0.0325752 6.00177 58191 1.0000007 281029 103128 5 2 497197.86 9.3873904 22.1003 25.146625 206 1022688 224142 40500 277 0 0 0 0 0 0 553 309410 16678
25.153375 -0.202937 -0.0318681 6.00177 58192 1.0000007 281223 103207 5 2 495617.85 9.3873904 22.1003 25.153375 218 1024538 223675 40289 278 0 0 0 0 0 0 553 309604 16625
25.16 -0.202937 -0.0311742 6.00178 58194 1.0000007 281103 103179 5 2 498449.95 9.3873904 22.1003 25.16 229 1022866 224325 40407 279 0 0 0 0 0 0 553 309457 16720
25.166625 -0.202937 -0.0304802 6.00178 58195 1.0000007 280928 103022 5 2 492398.2 9.3873904 22.1003 25.166625 229 1019687 223525 40294 280 0 0 0 0 0 0 553 309289 16517
25.173375 -0.202937 -0.0297731 6.00178 58197 1.0000007 281026 103114 6 2 490520.07 9.3873904 22.1003 25.173375 232 1020141 223689 40125 281 0 0 0 0 0 0 553 309403 16454
25.18 -0.202937 -0.0290791 6.00179 58198 1.0000007 280878 102973 6 2 496512.2 9.3873904 22.1003 25.18 247 1019639 222887 40222 282 0 0 0 0 0 0 553 309244 16655
25.186625 -0.202937 -0.0283852 6.00179 58200 1.0000007 280877 102976 6 2 496392.95 9.3873904 22.1003 25.186625 200 1019889 222973 40392 283 0 0 0 0 0 0 553 309237 16651
25.193375 -0.202937 -0.0276781 6.00179 58201 1.0000007 280851 102986 6 2 494157.08 9.3873904 22.1003 25.193375 232 1017908 223004 40384 284 0 0 0 0 0 0 553 309219 16576
25.2 -0.202937 -0.0269841 6.0018 58202 1.0000007 280760 102936 7 2 490311.39 9.3873904 22.1003 25.2 226 1017741 222274 39889 285 0 0 0 0 0 0 553 309124 16447
25.206625 -0.202937 -0.0262901 6.0018 58204 1.0000007 280844 102973 6 2 496094.84 9.3873904 22.1003 25.206625 216 1017420 221867 39871 286 0 0 0 0 0 0 553 309208 16641
25.213375 -0.202937 -0.0255831 6.0018 58206 1.0000007 280670 102872 7 2 498688.44 9.3873904 22.1003 25.213375 230 1015527 222149 40279 287 0 0 0 0 0 0 553 309032 16728
25.22 -0.202937 -0.0248891 6.00181 58207 1.0000007 280730 102914 5 2 497048.81 9.3873904 22.1003 25.22 226 1016949 222372 40175 288 0 0 0 0 0 0 553 309086 16673
25.226625 -0.202937 -0.0241951 6.00181 58209 1.0000007 280646 102794 5 2 488433.25 9.3873904 22.1003 25.226625 235 1013873 221579 39776 289 0 0 0 0 0 0 553 309006 16384
25.233375 -0.202937 -0.023488 6.00181 58210 1.0000007 280685 102853 5 2 492159.7 9.3873904 22.1003 25.233375 220 1016242 221805 39971 290 0 0 0 0 0 0 553 309048 16509
25.24 -0.202937 -0.0227941 6.00181 58212 1.0000007 280571 102800 5 2 487151.36 9.3873904 22.1003 25.24 204 1014250 221740 39748 291 0 0 0 0 0 0 553 308914 16341
25.246625 -0.202937 -0.0221001 6.00182 58213 1.0000007 280549 102731 5 2 488910.24 9.3873904 22.1003 25.246625 225 1012453 221863 39857 292 0 0 0 0 0 0 553 308931 16400
25.253375 -0.202937 -0.021393 6.00182 58215 1.0000007 280551 102738 5 2 498837.5 9.3873904 22.1003 25.253375 217 1013209 222003 40168 293 0 0 0 0 0 0 553 308903 16733
25.26 -0.202937 -0.020699 6.00182 58216 1.0000007 280371 102661 5 2 495588.04 9.3873904 22.1003 25.26 224 1013130 221610 40194 294 0 0 0 0 0 0 553 308733 16624
25.266625 -0.202937 -0.0200051 6.00182 58217 1.0000007 280496 102689 6 2 494037.84 9.3873904 22.1003 25.266625 224 1015097 221863 40204 295 0 0 0 0 0 0 553 308855 16572
25.273375 -0.202937 -0.019298 6.00183 58219 1.0000007 280471 102692 5 2 484826.05 9.3873904 22.1003 25.273375 228 1011013 220195 39681 296 0 0 0 0 0 0 553 308851 16263
25.28 -0.202937 -0.018604 6.00183 58220 1.0000007 280324 102616 5 2 496780.5 9.3873904 22.1003 25.28 221 1012157 220422 40067 297 0 0 0 0 0 0 553 308672 16664
25.286625 -0.202937 -0.01791 6.00183 58222 1.0000007 280361 102639 5 2 488731.37 9.3873904 22.1003 25.286625 207 1012157 220075 39689 298 0 0 0 0 0 0 553 308714 16394
25.293375 -0.202937 -0.017203 6.00183 58223 1.0000007 280350 102548 5 2 492606.88 9.3873904 22.1003 25.293375 223 1010333 221184 39920 299 0 0 0 0 0 0 553 308731 16524
25.3 -0.202937 -0.016509 6.00183 58225 1.0000007 280206 102541 6 2 489774.78 9.3873904 22.1003 25.3 216 1010247 220475 39812 300 0 0 0 0 0 0 553 308578 16429