Eta  H  K  L  Epoch  Sec  ion1  Hubmon  scan_bar  Filters  Correct  Qmag  Energy  Graze  p_peak  p_total  p_del_s  p_nu_s  p_image  p_xcen  p_xsig  p_ycen  p_ysig  power  tempsp  gun_on  ion0  p_point
23.3 -0.202937 -0.22596 5.9976 58700 1.0000007 282749 104066 6 2 486614.75 9.3873904 22.1003 23.3 215 1024842 222201 39837 0 0 0 0 0 0 0 553 311078 16323
23.306625 -0.202937 -0.225266 5.99763 58702 1.0000007 282702 104081 6 2 491891.4 9.3873904 22.1003 23.306625 228 1024359 222437 39920 1 0 0 0 0 0 0 553 311025 16500
23.313375 -0.202937 -0.22456 5.99766 58703 1.0000007 282708 104103 6 2 490311.39 9.3873904 22.1003 23.313375 244 1022385 222662 39959 2 0 0 0 0 0 0 553 311023 16447
23.32 -0.202937 -0.223866 5.99768 58705 1.0000007 282691 104048 5 2 497406.55 9.3873904 22.1003 23.32 214 1025436 223311 40056 3 0 0 0 0 0 0 553 311025 16685
23.326625 -0.202937 -0.223173 5.99771 58706 1.0000007 282650 104037 6 2 498420.14 9.3873904 22.1003 23.326625 220 1022945 224132 40475 4 0 0 0 0 0 0 553 311000 16719
23.333375 -0.202937 -0.222466 5.99773 58708 1.0000007 282607 104070 5 2 500387.71 9.3873904 22.1003 23.333375 213 1025042 223331 40296 5 0 0 0 0 0 0 553 310946 16785
23.34 -0.202937 -0.221773 5.99776 58709 1.0000007 282729 104073 6 2 500656.01 9.3873904 22.1003 23.34 222 1027211 224482 40486 6 0 0 0 0 0 0 553 311029 16794
23.346625 -0.202937 -0.221079 5.99778 58711 1.0000007 282604 104074 6 2 498807.69 9.3873904 22.1003 23.346625 222 1021784 222207 40327 7 0 0 0 0 0 0 553 310926 16732
23.353375 -0.202937 -0.220373 5.99781 58712 1.0000007 282616 103994 6 2 486435.88 9.3873904 22.1003 23.353375 249 1023812 222604 39541 8 0 0 0 0 0 0 553 310939 16317
23.36 -0.202937 -0.219679 5.99784 58713 1.0000007 282617 104080 5 2 487389.85 9.3873904 22.1003 23.36 230 1026500 223010 39931 9 0 0 0 0 0 0 553 310934 16349
23.366625 -0.202937 -0.218986 5.99786 58715 1.0000007 282811 104167 7 2 491951.02 9.3873904 22.1003 23.366625 229 1026887 223840 40302 10 0 0 0 0 0 0 553 311149 16502
23.373375 -0.202937 -0.218279 5.99789 58716 1.0000007 281150 103420 6 2 496333.33 9.3873904 22.1003 23.373375 226 1021064 221907 39925 11 0 0 0 0 0 0 553 309430 16649
23.38 -0.202937 -0.217585 5.99791 58718 1.0000007 283009 104215 6 2 499105.81 9.3873904 22.1003 23.38 232 1030438 224678 40449 12 0 0 0 0 0 0 553 311363 16742
23.386625 -0.202937 -0.216892 5.99794 58720 1.0000007 282842 104120 5 2 502325.46 9.3873904 22.1003 23.386625 209 1028891 224934 40490 13 0 0 0 0 0 0 553 311187 16850
23.393375 -0.202937 -0.216185 5.99796 58721 1.0000007 282823 104117 6 2 500059.78 9.3873904 22.1003 23.393375 222 1028867 223751 40207 14 0 0 0 0 0 0 553 311180 16774
23.4 -0.202937 -0.215492 5.99799 58722 1.0000007 282795 104114 5 2 494425.39 9.3873904 22.1003 23.4 228 1028088 223623 40247 15 0 0 0 0 0 0 553 311125 16585
23.406625 -0.202937 -0.214798 5.99801 58724 1.0000007 282922 104093 4 2 496929.56 9.3873904 22.1003 23.406625 244 1031751 224697 40514 16 0 0 0 0 0 0 553 311270 16669
23.413375 -0.202937 -0.214092 5.99804 58725 1.0000007 282757 104041 7 2 500447.33 9.3873904 22.1003 23.413375 245 1031401 224288 40698 17 0 0 0 0 0 0 553 311103 16787
23.42 -0.202937 -0.213398 5.99806 58727 1.0000007 282778 104032 6 2 498599.01 9.3873904 22.1003 23.42 215 1032497 224874 40590 18 0 0 0 0 0 0 553 311111 16725
23.426625 -0.202937 -0.212705 5.99809 58728 1.0000007 282718 104071 6 2 499254.87 9.3873904 22.1003 23.426625 219 1032943 225512 40691 19 0 0 0 0 0 0 553 311059 16747
23.433375 -0.202937 -0.211998 5.99811 58730 1.0000007 282820 104116 5 2 499225.05 9.3873904 22.1003 23.433375 230 1030379 224947 40610 20 0 0 0 0 0 0 553 311160 16746
23.44 -0.202937 -0.211304 5.99814 58731 1.0000007 282642 104003 5 2 495826.53 9.3873904 22.1003 23.44 230 1031009 224348 40297 21 0 0 0 0 0 0 553 311006 16632
23.446625 -0.202937 -0.210611 5.99816 58733 1.0000007 282634 104011 5 2 501073.37 9.3873904 22.1003 23.446625 210 1033775 224648 40632 22 0 0 0 0 0 0 553 310991 16808
23.453375 -0.202937 -0.209904 5.99819 58734 1.0000007 282637 103961 5 2 505843.23 9.3873904 22.1003 23.453375 223 1032483 225504 40569 23 0 0 0 0 0 0 553 310994 16968
23.46 -0.202937 -0.209211 5.99821 58736 1.0000007 282665 104024 6 2 506618.33 9.3873904 22.1003 23.46 224 1033354 224856 40768 24 0 0 0 0 0 0 553 311014 16994
23.466625 -0.202937 -0.208517 5.99823 58737 1.0000007 282539 103951 5 2 504203.59 9.3873904 22.1003 23.466625 199 1033172 225607 40602 25 0 0 0 0 0 0 553 310893 16913
23.473375 -0.202937 -0.20781 5.99826 58739 1.0000007 282581 103906 6 2 499195.24 9.3873904 22.1003 23.473375 190 1034585 225561 40747 26 0 0 0 0 0 0 553 310934 16745
23.48 -0.202937 -0.207117 5.99828 58740 1.0000007 282531 103939 5 2 497853.72 9.3873904 22.1003 23.48 231 1034110 226540 40420 27 0 0 0 0 0 0 553 310871 16700
23.486625 -0.202937 -0.206423 5.99831 58742 1.0000007 282628 103978 5 2 497674.85 9.3873904 22.1003 23.486625 214 1034802 226017 40507 28 0 0 0 0 0 0 553 310984 16694
23.493375 -0.202937 -0.205717 5.99833 58743 1.0000007 282539 103975 5 2 501460.92 9.3873904 22.1003 23.493375 236 1034805 225053 40650 29 0 0 0 0 0 0 553 310892 16821
23.5 -0.202937 -0.205023 5.99835 58745 1.0000007 282403 103822 5 2 511418 9.3873904 22.1003 23.5 226 1037531 227115 41208 30 0 0 0 0 0 0 553 310770 17155
23.506625 -0.202937 -0.204329 5.99838 58746 1.0000007 282496 103882 5 2 503339.05 9.3873904 22.1003 23.506625 231 1035092 225703 40432 31 0 0 0 0 0 0 553 310837 16884
23.513375 -0.202937 -0.203623 5.9984 58748 1.0000007 282557 103889 5 2 505873.04 9.3873904 22.1003 23.513375 240 1039157 226369 40747 32 0 0 0 0 0 0 553 310927 16969
23.52 -0.202937 -0.202929 5.99843 58749 1.0000007 282376 103745 5 2 497287.3 9.3873904 22.1003 23.52 232 1035279 225612 40639 33 0 0 0 0 0 0 553 310720 16681
23.526625 -0.202937 -0.202236 5.99845 58751 1.0000007 282457 103883 5 2 510732.33 9.3873904 22.1003 23.526625 198 1039228 227440 41064 34 0 0 0 0 0 0 553 310823 17132
23.533375 -0.202937 -0.201529 5.99847 58752 1.0000007 282322 103739 6 2 505276.81 9.3873904 22.1003 23.533375 226 1038905 226639 40887 35 0 0 0 0 0 0 553 310641 16949
23.54 -0.202937 -0.200835 5.9985 58754 1.0000007 282393 103852 5 2 502295.65 9.3873904 22.1003 23.54 217 1040401 227213 40788 36 0 0 0 0 0 0 553 310750 16849
23.546625 -0.202937 -0.200142 5.99852 58755 1.0000007 282413 103803 5 2 501371.49 9.3873904 22.1003 23.546625 192 1040807 227886 41148 37 0 0 0 0 0 0 553 310780 16818
23.553375 -0.202937 -0.199435 5.99854 58757 1.0000007 282267 103768 5 2 500715.63 9.3873904 22.1003 23.553375 240 1041473 227776 41060 38 0 0 0 0 0 0 553 310613 16796
23.56 -0.202937 -0.198741 5.99857 58758 1.0000007 282205 103600 6 2 506707.77 9.3873904 22.1003 23.56 213 1042558 228302 41192 39 0 0 0 0 0 0 553 310543 16997
23.566625 -0.202937 -0.198048 5.99859 58759 1.0000007 282262 103726 6 2 506230.78 9.3873904 22.1003 23.566625 228 1041300 228218 41068 40 0 0 0 0 0 0 553 310621 16981
23.573375 -0.202937 -0.197341 5.99861 58761 1.0000007 282158 103650 6 2 511984.42 9.3873904 22.1003 23.573375 217 1041760 228785 41357 41 0 0 0 0 0 0 553 310504 17174
23.58 -0.202937 -0.196648 5.99864 58762 1.0000007 282142 103717 5 2 507840.61 9.3873904 22.1003 23.58 218 1043312 229674 41243 42 0 0 0 0 0 0 553 310486 17035
23.586625 -0.202937 -0.195954 5.99866 58764 1.0000007 282090 103513 6 2 511298.75 9.3873904 22.1003 23.586625 231 1042604 228785 41417 43 0 0 0 0 0 0 553 310438 17151
23.593375 -0.202937 -0.195247 5.99868 58765 1.0000007 281930 103507 5 2 505604.74 9.3873904 22.1003 23.593375 207 1042282 228842 41168 44 0 0 0 0 0 0 553 310287 16960
23.6 -0.202937 -0.194554 5.9987 58767 1.0000007 282125 103600 5 2 505783.61 9.3873904 22.1003 23.6 222 1044419 229237 41322 45 0 0 0 0 0 0 553 310484 16966
23.606625 -0.202937 -0.19386 5.99873 58768 1.0000007 282005 103570 6 2 503994.91 9.3873904 22.1003 23.606625 217 1045951 229893 41415 46 0 0 0 0 0 0 553 310339 16906
23.613375 -0.202937 -0.193153 5.99875 58770 1.0000007 281847 103348 5 2 511209.32 9.3873904 22.1003 23.613375 236 1048822 230963 41323 47 0 0 0 0 0 0 553 310206 17148
23.62 -0.202937 -0.19246 5.99877 58771 1.0000007 281879 103450 6 2 510732.33 9.3873904 22.1003 23.62 215 1048496 230271 41496 48 0 0 0 0 0 0 553 310240 17132
23.626625 -0.202937 -0.191766 5.99879 58773 1.0000007 281806 103436 5 2 512371.97 9.3873904 22.1003 23.626625 225 1047577 230621 41530 49 0 0 0 0 0 0 553 310158 17187
23.633375 -0.202937 -0.191059 5.99882 58774 1.0000007 281800 103429 5 2 517708.25 9.3873904 22.1003 23.633375 221 1050687 232153 42121 50 0 0 0 0 0 0 553 310151 17366
23.64 -0.202937 -0.190366 5.99884 58776 1.0000007 281746 103312 6 2 510136.1 9.3873904 22.1003 23.64 240 1049239 231425 41823 51 0 0 0 0 0 0 553 310088 17112
23.646625 -0.202937 -0.189672 5.99886 58777 1.0000007 281734 103403 6 2 511656.49 9.3873904 22.1003 23.646625 257 1051731 232184 41908 52 0 0 0 0 0 0 553 310085 17163
23.653375 -0.202937 -0.188965 5.99888 58779 1.0000007 281544 103178 5 2 521553.94 9.3873904 22.1003 23.653375 216 1052071 233018 42232 53 0 0 0 0 0 0 553 309879 17495
23.66 -0.202937 -0.188272 5.9989 58780 1.0000007 281628 103340 5 2 514220.29 9.3873904 22.1003 23.66 224 1054534 233155 41887 54 0 0 0 0 0 0 553 309971 17249
23.666625 -0.202937 -0.187578 5.99893 58782 1.0000007 281637 103205 5 2 517231.26 9.3873904 22.1003 23.666625 215 1054047 233355 42373 55 0 0 0 0 0 0 553 309978 17350
23.673375 -0.202937 -0.186871 5.99895 58783 1.0000007 281510 103165 5 2 525161.15 9.3873904 22.1003 23.673375 222 1055745 233420 42353 56 0 0 0 0 0 0 553 309848 17616
23.68 -0.202937 -0.186178 5.99897 58785 1.0000007 281439 103095 5 2 527814.38 9.3873904 22.1003 23.68 235 1055764 234208 42529 57 0 0 0 0 0 0 553 309765 17705
23.686625 -0.202937 -0.185484 5.99899 58786 1.0000007 281378 103090 6 2 518662.22 9.3873904 22.1003 23.686625 221 1055951 234049 42113 58 0 0 0 0 0 0 553 309719 17398
23.693375 -0.202937 -0.184777 5.99901 58788 1.0000007 281383 103072 5 2 525310.2 9.3873904 22.1003 23.693375 223 1058383 234824 42517 59 0 0 0 0 0 0 553 309727 17621
23.7 -0.202937 -0.184084 5.99903 58789 1.0000007 281374 103060 5 2 529960.81 9.3873904 22.1003 23.7 233 1060335 236051 42706 60 0 0 0 0 0 0 553 309731 17777
23.706625 -0.202937 -0.18339 5.99906 58791 1.0000007 281339 103066 5 2 529006.84 9.3873904 22.1003 23.706625 220 1059454 236420 42732 61 0 0 0 0 0 0 553 309689 17745
23.713375 -0.202937 -0.182683 5.99908 58792 1.0000007 281233 102983 7 2 526174.74 9.3873904 22.1003 23.713375 247 1063109 236385 42882 62 0 0 0 0 0 0 553 309577 17650
23.72 -0.202937 -0.18199 5.9991 58793 1.0000007 281256 102958 6 2 531242.71 9.3873904 22.1003 23.72 211 1065323 238618 42982 63 0 0 0 0 0 0 553 309624 17820
23.726625 -0.202937 -0.181296 5.99912 58795 1.0000007 281087 102909 5 2 535654.83 9.3873904 22.1003 23.726625 239 1064197 237828 43359 64 0 0 0 0 0 0 553 309442 17968
23.733375 -0.202937 -0.180589 5.99914 58796 1.0000007 281173 102919 5 2 534313.31 9.3873904 22.1003 23.733375 243 1067504 240634 43625 65 0 0 0 0 0 0 553 309517 17923
23.74 -0.202937 -0.179895 5.99916 58798 1.0000007 281029 102824 7 2 531421.58 9.3873904 22.1003 23.74 223 1067493 239503 43356 66 0 0 0 0 0 0 553 309385 17826
23.746625 -0.202937 -0.179202 5.99918 58799 1.0000007 281075 102952 5 2 544747.37 9.3873904 22.1003 23.746625 269 1069353 241104 43955 67 0 0 0 0 0 0 553 309447 18273
23.753375 -0.202937 -0.178495 5.9992 58801 1.0000007 280988 102834 7 2 536310.68 9.3873904 22.1003 23.753375 212 1071396 242091 43822 68 0 0 0 0 0 0 553 309339 17990
23.76 -0.202937 -0.177801 5.99922 58802 1.0000007 281006 102853 6 2 544180.95 9.3873904 22.1003 23.76 225 1075329 243621 44353 69 0 0 0 0 0 0 553 309344 18254
23.766625 -0.202937 -0.177108 5.99924 58804 1.0000007 280734 102587 5 2 543942.45 9.3873904 22.1003 23.766625 243 1074711 245198 44432 70 0 0 0 0 0 0 553 309095 18246
23.773375 -0.202937 -0.176401 5.99926 58805 1.0000007 280873 102706 5 2 543048.11 9.3873904 22.1003 23.773375 241 1077591 245888 44423 71 0 0 0 0 0 0 553 309230 18216
23.78 -0.202937 -0.175707 5.99929 58807 1.0000007 280657 102578 6 2 547788.15 9.3873904 22.1003 23.78 228 1078665 246930 44487 72 0 0 0 0 0 0 553 309010 18375
23.786625 -0.202937 -0.175014 5.99931 58808 1.0000007 280757 102574 6 2 554048.59 9.3873904 22.1003 23.786625 221 1083432 249361 45127 73 0 0 0 0 0 0 553 309143 18585
23.793375 -0.202937 -0.174307 5.99933 58810 1.0000007 280615 102504 7 2 555300.67 9.3873904 22.1003 23.793375 212 1083044 250661 45300 74 0 0 0 0 0 0 553 308957 18627
23.8 -0.202937 -0.173613 5.99935 58811 1.0000007 280668 102582 5 2 563588.3 9.3873904 22.1003 23.8 259 1088574 253805 45750 75 0 0 0 0 0 0 553 309023 18905
23.806625 -0.202937 -0.172919 5.99937 58813 1.0000007 280520 102367 6 2 565078.88 9.3873904 22.1003 23.806625 232 1088502 254758 46218 76 0 0 0 0 0 0 553 308881 18955
23.813375 -0.202937 -0.172213 5.99939 58814 1.0000007 280632 102596 6 2 569312.13 9.3873904 22.1003 23.813375 216 1095132 256757 46446 77 0 0 0 0 0 0 553 309013 19097
23.82 -0.202937 -0.171519 5.99941 58816 1.0000007 280426 102333 5 2 569312.13 9.3873904 22.1003 23.82 218 1097444 259302 46822 78 0 0 0 0 0 0 553 308798 19097
23.826625 -0.202937 -0.170825 5.99943 58817 1.0000007 280454 102400 5 2 579537.5 9.3873904 22.1003 23.826625 216 1104708 264638 47705 79 0 0 0 0 0 0 553 308816 19440
23.833375 -0.202937 -0.170118 5.99945 58818 1.0000007 280329 102286 6 2 591730.45 9.3873904 22.1003 23.833375 236 1106311 267577 48344 80 0 0 0 0 0 0 553 308699 19849
23.84 -0.202937 -0.169425 5.99947 58820 1.0000007 280305 102342 6 2 591730.45 9.3873904 22.1003 23.84 218 1109868 270867 48726 81 0 0 0 0 0 0 553 308681 19849
23.846625 -0.202937 -0.168731 5.99949 58821 1.0000007 280287 102229 6 2 608067.21 9.3873904 22.1003 23.846625 226 1116728 276491 49533 82 0 0 0 0 0 0 553 308661 20397
23.853375 -0.202937 -0.168024 5.99951 58823 1.0000007 280149 102270 6 2 613343.86 9.3873904 22.1003 23.853375 209 1124149 281147 50060 83 0 0 0 0 0 0 553 308512 20574
23.86 -0.202937 -0.16733 5.99952 58824 1.0000007 280203 102155 5 2 618203.15 9.3873904 22.1003 23.86 221 1131804 288056 50955 84 0 0 0 0 0 0 553 308556 20737
23.866625 -0.202937 -0.166637 5.99954 58826 1.0000007 280233 102329 7 2 633764.8 9.3873904 22.1003 23.866625 233 1140342 296190 52167 85 0 0 0 0 0 0 553 308594 21259
23.873375 -0.202937 -0.16593 5.99956 58827 1.0000007 280197 102162 5 2 640830.15 9.3873904 22.1003 23.873375 257 1151838 305526 52997 86 0 0 0 0 0 0 553 308565 21496
23.88 -0.202937 -0.165236 5.99958 58829 1.0000007 280200 102257 5 2 651949.88 9.3873904 22.1003 23.88 346 1161053 315553 54064 87 0 0 0 0 0 0 553 308577 21869
23.886625 -0.202937 -0.164542 5.9996 58830 1.0000007 280093 102077 6 2 665633.4 9.3873904 22.1003 23.886625 426 1175389 329982 55312 88 0 0 0 0 0 0 553 308456 22328
23.893375 -0.202937 -0.163836 5.99962 58832 1.0000007 280288 102327 5 2 688647.96 9.3873904 22.1003 23.893375 556 1196360 349045 57298 89 0 0 0 0 0 0 553 308670 23100
23.9 -0.202937 -0.163142 5.99964 58833 1.0000007 280083 102149 6 2 696965.4 9.3873904 22.1003 23.9 745 1216698 368531 58990 90 0 0 0 0 0 0 553 308435 23379
23.906625 -0.202937 -0.162448 5.99966 58835 1.0000007 280146 102265 5 2 719890.52 9.3873904 22.1003 23.906625 1010 1247810 397845 61224 91 0 0 0 0 0 0 553 308506 24148
23.913375 -0.202937 -0.161741 5.99968 58836 1.0000007 277659 101107 6 2 735958.97 9.3873904 22.1003 23.913375 1467 1269505 429538 63115 92 0 0 0 0 0 0 553 305873 24687
23.92 -0.202937 -0.161048 5.9997 58838 1.0000007 281188 102686 4 2 777128.79 9.3873904 22.1003 23.92 1988 1333350 479329 67217 93 0 0 0 0 0 0 553 309557 26068
23.926625 -0.202937 -0.160354 5.99972 58839 1.0000007 281251 102675 5 2 799040.31 9.3873904 22.1003 23.926625 2589 1390252 537075 71235 94 0 0 0 0 0 0 553 309628 26803
23.933375 -0.202937 -0.159647 5.99973 58841 1.0000007 281333 102751 6 2 843549.03 9.3873904 22.1003 23.933375 3522 1469001 614951 76924 95 0 0 0 0 0 0 553 309728 28296
23.94 -0.202937 -0.158953 5.99975 58842 1.0000007 281398 102690 4 2 868888.89 9.3873904 22.1003 23.94 4869 1565371 709950 83439 96 0 0 0 0 0 0 553 309753 29146
23.946625 -0.202937 -0.15826 5.99977 58844 1.0000007 281330 102735 5 2 922072.79 9.3873904 22.1003 23.946625 6561 1689386 833224 92836 97 0 0 0 0 0 0 553 309716 30930
23.953375 -0.202937 -0.157553 5.99979 58845 1.0000007 281402 102790 4 2 980742.02 9.3873904 22.1003 23.953375 8806 1846230 990749 104304 98 0 0 0 0 0 0 553 309767 32898
23.96 -0.202937 -0.156859 5.99981 58847 1.0000007 281376 102836 5 2 1041408.6 9.3873904 22.1003 23.96 11681 2041772 1187142 118849 99 0 0 0 0 0 0 553 309726 34933
23.966625 -0.202937 -0.156165 5.99983 58848 1.0000007 281662 102924 5 2 1105742.1 9.3873904 22.1003 23.966625 16302 2295822 1439323 137352 100 0 0 0 0 0 0 553 310049 37091
23.973375 -0.202937 -0.155458 5.99984 58850 1.0000007 281447 102887 4 2 1189631.9 9.3873904 22.1003 23.973375 21993 2617492 1763238 162883 101 0 0 0 0 0 0 553 309819 39905
23.98 -0.202937 -0.154765 5.99986 58851 1.0000007 281612 102904 6 2 1269020.2 9.3873904 22.1003 23.98 30105 3041630 2186545 194059 102 0 0 0 0 0 0 553 309987 42568
23.986625 -0.202937 -0.154071 5.99988 58853 1.0000007 281658 103092 5 2 1392440.2 9.3873904 22.1003 23.986625 42275 3596092 2738827 235731 103 0 0 0 0 0 0 553 310032 46708
23.993375 -0.202937 -0.153364 5.9999 58854 1.0000007 281662 103007 5 2 1513654.2 9.3873904 22.1003 23.993375 51592 4244453 3388335 285066 104 0 0 0 0 0 0 553 310022 50774
24 -0.202937 -0.15267 5.99992 58856 1.0000007 281694 103084 6 2 1656332.5 9.3873904 22.1003 24 64989 4858744 4003420 347396 105 0 0 0 0 0 0 553 310060 55560
24.006625 -0.202937 -0.151977 5.99993 58857 1.0000007 281851 103153 5 2 1833979.8 9.3873904 22.1003 24.006625 73335 5311476 4454489 421152 106 0 0 0 0 0 0 553 310198 61519
24.013375 -0.202937 -0.15127 5.99995 58859 1.0000007 281747 103187 5 2 2007632.4 9.3873904 22.1003 24.013375 75142 5648966 4792202 509159 107 0 0 0 0 0 0 553 310111 67344
24.02 -0.202937 -0.150576 5.99997 58860 1.0000007 281993 103235 5 2 2211275.4 9.3873904 22.1003 24.02 105565 6031892 5173927 620966 108 0 0 0 0 0 0 553 310360 74175
24.026625 -0.202937 -0.149882 5.99999 58861 1.0000007 281853 103243 6 2 2424637.1 9.3873904 22.1003 24.026625 165831 6530999 5675862 733630 109 0 0 0 0 0 0 553 310204 81332
24.033375 -0.202937 -0.149175 6 58863 1.0000007 281985 103352 5 2 2694133.9 9.3873904 22.1003 24.033375 229806 7306532 6450510 864070 110 0 0 0 0 0 0 553 310343 90372
24.04 -0.202937 -0.148482 6.00002 58864 1.0000007 281820 103247 5 2 2960381.3 9.3873904 22.1003 24.04 261447 8275894 7420418 1018095 111 0 0 0 0 0 0 553 310190 99303
24.046625 -0.202937 -0.147788 6.00004 58866 1.0000007 282081 103426 6 2 3262939.2 9.3873904 22.1003 24.046625 437057 9588180 8731506 1225854 112 0 0 0 0 0 0 553 310444 109452
24.053375 -0.202937 -0.147081 6.00006 58867 1.0000007 281939 103370 6 2 3581416.6 9.3873904 22.1003 24.053375 557048 10596843 9741036 1475045 113 0 0 0 0 0 0 553 310289 120135
24.06 -0.202937 -0.146387 6.00007 58869 1.0000007 282157 103460 5 2 3864865.3 9.3873904 22.1003 24.06 578997 10389265 9530339 1682325 114 0 0 0 0 0 0 553 310508 129643
24.066625 -0.202937 -0.145693 6.00009 58871 1.0000007 282122 103501 6 2 4038488 9.3873904 22.1003 24.066625 391537 9244656 8388416 1847591 115 0 0 0 0 0 0 553 310484 135467
24.073375 -0.202937 -0.144987 6.00011 58872 1.0000007 282276 103583 6 2 4217506.7 9.3873904 22.1003 24.073375 245446 8138133 7284092 1963784 116 0 0 0 0 0 0 553 310644 141472
24.08 -0.202937 -0.144293 6.00012 58874 1.0000007 282101 103496 5 2 4376521.7 9.3873904 22.1003 24.08 170789 7129656 6277504 1982504 117 0 0 0 0 0 0 553 310466 146806
24.086625 -0.202937 -0.143599 6.00014 58875 1.0000007 282283 103599 5 2 4502207.5 9.3873904 22.1003 24.086625 128512 6137345 5285000 1886606 118 0 0 0 0 0 0 553 310654 151022
24.093375 -0.202937 -0.142892 6.00016 58877 1.0000007 282333 103623 6 2 4591940.4 9.3873904 22.1003 24.093375 98552 5134896 4285809 1677562 119 0 0 0 0 0 0 553 310676 154032
24.1 -0.202937 -0.142198 6.00017 58878 1.0000007 282367 103660 5 2 4685071.8 9.3873904 22.1003 24.1 69370 4258065 3410566 1445627 120 0 0 0 0 0 0 553 310728 157156
24.106625 -0.202937 -0.141505 6.00019 58880 1.0000007 282408 103731 5 2 4711633.9 9.3873904 22.1003 24.106625 45746 3552765 2702850 1225273 121 0 0 0 0 0 0 553 310772 158047
24.113375 -0.202937 -0.140798 6.00021 58881 1.0000007 282537 103816 5 2 4715926.8 9.3873904 22.1003 24.113375 28409 3017403 2169487 1035259 122 0 0 0 0 0 0 553 310897 158191
24.12 -0.202937 -0.140104 6.00022 58883 1.0000007 282542 103818 6 2 4660447.4 9.3873904 22.1003 24.12 17489 2654200 1804345 891385 123 0 0 0 0 0 0 553 310904 156330
24.126625 -0.202937 -0.13941 6.00024 58884 1.0000007 282534 103787 6 2 4581923.7 9.3873904 22.1003 24.126625 18584 2416493 1569745 793910 124 0 0 0 0 0 0 553 310885 153696
24.133375 -0.202937 -0.138703 6.00025 58885 1.0000007 282380 103754 6 2 4429467.2 9.3873904 22.1003 24.133375 24345 2261149 1415329 735254 125 0 0 0 0 0 0 553 310727 148582
24.14 -0.202937 -0.138009 6.00027 58887 1.0000007 282594 103867 5 2 4260316.1 9.3873904 22.1003 24.14 25512 2147758 1300671 687317 126 0 0 0 0 0 0 553 310953 142908
24.146625 -0.202937 -0.137316 6.00029 58888 1.0000007 282396 103753 6 2 4080134.8 9.3873904 22.1003 24.146625 24978 2038541 1192651 627744 127 0 0 0 0 0 0 553 310732 136864
24.153375 -0.202937 -0.136609 6.0003 58890 1.0000007 282574 103860 5 2 3908181.5 9.3873904 22.1003 24.153375 24491 1931791 1083663 564262 128 0 0 0 0 0 0 553 310929 131096
24.16 -0.202937 -0.135915 6.00032 58891 1.0000007 282531 103807 5 2 3741713.5 9.3873904 22.1003 24.16 14898 1793000 947714 484697 129 0 0 0 0 0 0 553 310867 125512
24.166625 -0.202937 -0.135221 6.00033 58893 1.0000007 282685 103942 6 2 3618233.9 9.3873904 22.1003 24.166625 9532 1689349 844552 418716 130 0 0 0 0 0 0 553 311039 121370
24.173375 -0.202937 -0.134514 6.00035 58894 1.0000007 282645 103802 4 2 3473856.3 9.3873904 22.1003 24.173375 5817 1598297 753884 358082 131 0 0 0 0 0 0 553 310968 116527
24.18 -0.202937 -0.13382 6.00037 58896 1.0000007 282595 103935 5 2 3359558.6 9.3873904 22.1003 24.18 4078 1526452 681750 312057 132 0 0 0 0 0 0 553 310922 112693
24.186625 -0.202937 -0.133127 6.00038 58897 1.0000007 282618 103847 5 2 3256261.4 9.3873904 22.1003 24.186625 2644 1471582 627724 276621 133 0 0 0 0 0 0 553 310976 109228
24.193375 -0.202937 -0.13242 6.0004 58899 1.0000007 282624 103964 5 2 3129919.9 9.3873904 22.1003 24.193375 1730 1429007 583310 247166 134 0 0 0 0 0 0 553 310978 104990
24.2 -0.202937 -0.131726 6.00041 58900 1.0000007 282626 103871 5 2 3053900.3 9.3873904 22.1003 24.2 1177 1398209 553697 228135 135 0 0 0 0 0 0 553 310967 102440
24.206625 -0.202937 -0.131032 6.00043 58902 1.0000007 282377 103802 6 2 2971978 9.3873904 22.1003 24.206625 947 1373370 531735 214050 136 0 0 0 0 0 0 553 310744 99692
24.213375 -0.202937 -0.130325 6.00044 58903 1.0000007 282499 103813 5 2 2877117.5 9.3873904 22.1003 24.213375 743 1356104 513199 201593 137 0 0 0 0 0 0 553 310834 96510
24.22 -0.202937 -0.129631 6.00046 58905 1.0000007 282412 103847 6 2 2843937.2 9.3873904 22.1003 24.22 658 1345551 502871 194491 138 0 0 0 0 0 0 553 310750 95397
24.226625 -0.202937 -0.128937 6.00047 58906 1.0000007 282333 103710 6 2 2761388.9 9.3873904 22.1003 24.226625 756 1331664 492114 187238 139 0 0 0 0 0 0 553 310662 92628
24.233375 -0.202937 -0.128231 6.00049 58907 1.0000007 282324 103866 5 2 2711365 9.3873904 22.1003 24.233375 814 1326753 484707 181564 140 0 0 0 0 0 0 553 310664 90950
24.24 -0.202937 -0.127537 6.0005 58909 1.0000007 282399 103765 6 2 2667243.9 9.3873904 22.1003 24.24 814 1326753 484707 181564 141 0 0 0 0 0 0 553 310747 89470
24.246625 -0.202937 -0.126843 6.00052 58910 1.0000007 282364 103804 5 2 2612748.2 9.3873904 22.1003 24.246625 926 1316989 474911 172948 142 0 0 0 0 0 0 553 310729 87642
24.253375 -0.202937 -0.126136 6.00053 58912 1.0000007 282452 103772 5 2 2589256.7 9.3873904 22.1003 24.253375 1135 1311661 471954 169931 143 0 0 0 0 0 0 553 310802 86854
24.26 -0.202937 -0.125442 6.00055 58913 1.0000007 282383 103811 5 2 2529544.1 9.3873904 22.1003 24.26 1396 1308828 469330 166052 144 0 0 0 0 0 0 553 310743 84851
24.266625 -0.202937 -0.124748 6.00056 58915 1.0000007 282401 103741 5 2 2498152.5 9.3873904 22.1003 24.266625 1558 1305790 467563 163232 145 0 0 0 0 0 0 553 310737 83798
24.273375 -0.202937 -0.124041 6.00058 58916 1.0000007 282291 103747 7 2 2481487.8 9.3873904 22.1003 24.273375 1846 1304019 466354 161085 146 0 0 0 0 0 0 553 310640 83239
24.28 -0.202937 -0.123348 6.00059 58918 1.0000007 282425 103772 5 2 2431672.6 9.3873904 22.1003 24.28 2020 1305111 466802 158607 147 0 0 0 0 0 0 553 310778 81568
24.286625 -0.202937 -0.122654 6.0006 58919 1.0000007 282220 103741 5 2 2407793.5 9.3873904 22.1003 24.286625 2220 1304712 467456 157734 148 0 0 0 0 0 0 553 310570 80767
24.293375 -0.202937 -0.121947 6.00062 58921 1.0000007 282190 103635 6 2 2363761.8 9.3873904 22.1003 24.293375 2401 1307169 470669 156050 149 0 0 0 0 0 0 553 310529 79290
24.3 -0.202937 -0.121253 6.00063 58922 1.0000007 282148 103666 5 2 2322025.5 9.3873904 22.1003 24.3 2677 1310030 475122 154433 150 0 0 0 0 0 0 553 310492 77890
24.306625 -0.202937 -0.120559 6.00065 58924 1.0000007 282385 103752 5 2 2277308.1 9.3873904 22.1003 24.306625 3456 1320377 482655 153301 151 0 0 0 0 0 0 553 310721 76390
24.313375 -0.202937 -0.119852 6.00066 58925 1.0000007 282135 103696 5 2 2241832.3 9.3873904 22.1003 24.313375 4333 1325970 489505 152974 152 0 0 0 0 0 0 553 310457 75200
24.32 -0.202937 -0.119158 6.00067 58927 1.0000007 282148 103573 6 2 2187724.3 9.3873904 22.1003 24.32 5123 1323041 489205 151538 153 0 0 0 0 0 0 553 310507 73385
24.326625 -0.202937 -0.118464 6.00069 58928 1.0000007 282061 103606 5 2 2194968.5 9.3873904 22.1003 24.326625 4976 1319690 485696 152280 154 0 0 0 0 0 0 553 310400 73628
24.333375 -0.202937 -0.117758 6.0007 58930 1.0000007 282382 103707 5 2 2226837.1 9.3873904 22.1003 24.333375 3417 1316438 480065 154495 155 0 0 0 0 0 0 553 310748 74697
24.34 -0.202937 -0.117064 6.00072 58931 1.0000007 282198 103675 5 2 2367547.8 9.3873904 22.1003 24.34 3476 1311125 476903 161379 156 0 0 0 0 0 0 553 310535 79417
24.346625 -0.202937 -0.11637 6.00073 58933 1.0000007 282157 103638 5 2 2363791.6 9.3873904 22.1003 24.346625 3004 1308038 473768 163336 157 0 0 0 0 0 0 553 310481 79291
24.353375 -0.202937 -0.115663 6.00074 58934 1.0000007 282023 103589 5 2 2304317.4 9.3873904 22.1003 24.353375 2495 1302894 469101 163009 158 0 0 0 0 0 0 553 310383 77296
24.36 -0.202937 -0.114969 6.00076 58936 1.0000007 282296 103669 6 2 2261388.7 9.3873904 22.1003 24.36 2499 1305620 473037 164544 159 0 0 0 0 0 0 553 310629 75856
24.366625 -0.202937 -0.114275 6.00077 58937 1.0000007 282095 103638 6 2 2198247.8 9.3873904 22.1003 24.366625 2730 1308869 477280 164918 160 0 0 0 0 0 0 553 310428 73738
24.373375 -0.202937 -0.113568 6.00078 58939 1.0000007 282194 103591 5 2 2064304.2 9.3873904 22.1003 24.373375 2570 1315157 483943 163679 161 0 0 0 0 0 0 553 310532 69245
24.38 -0.202937 -0.112874 6.0008 58940 1.0000007 281982 103530 5 2 1889936.2 9.3873904 22.1003 24.38 1595 1319633 487637 157591 162 0 0 0 0 0 0 553 310323 63396
24.386625 -0.202937 -0.11218 6.00081 58942 1.0000007 282125 103595 5 2 1733306 9.3873904 22.1003 24.386625 1616 1328886 498854 154099 163 0 0 0 0 0 0 553 310458 58142
24.393375 -0.202937 -0.111474 6.00082 58943 1.0000007 282034 103550 5 2 1612688.3 9.3873904 22.1003 24.393375 2082 1344630 514999 150886 164 0 0 0 0 0 0 553 310381 54096
24.4 -0.202937 -0.11078 6.00084 58945 1.0000007 282117 103561 5 2 1544926.5 9.3873904 22.1003 24.4 2651 1369613 540105 148886 165 0 0 0 0 0 0 553 310435 51823
24.406625 -0.202937 -0.110086 6.00085 58946 1.0000007 282111 103599 4 2 1468280.9 9.3873904 22.1003 24.406625 4370 1397968 571361 146542 166 0 0 0 0 0 0 553 310454 49252
24.413375 -0.202937 -0.109379 6.00086 58948 1.0000007 282073 103614 5 2 1406064.1 9.3873904 22.1003 24.413375 5890 1449296 621218 143992 167 0 0 0 0 0 0 553 310394 47165
24.42 -0.202937 -0.108685 6.00087 58949 1.0000007 281913 103479 6 2 1364387.5 9.3873904 22.1003 24.42 8760 1507760 680175 142642 168 0 0 0 0 0 0 553 310260 45767
24.426625 -0.202937 -0.107991 6.00089 58950 1.0000007 282038 103587 5 2 1319431.6 9.3873904 22.1003 24.426625 14816 1593030 765629 139341 169 0 0 0 0 0 0 553 310366 44259
24.433375 -0.202937 -0.107284 6.0009 58952 1.0000007 281963 103550 5 2 1292154 9.3873904 22.1003 24.433375 21423 1727459 900249 138210 170 0 0 0 0 0 0 553 310315 43344
24.44 -0.202937 -0.10659 6.00091 58953 1.0000007 282067 103659 6 2 1252862.3 9.3873904 22.1003 24.44 28915 1837133 1010066 135558 171 0 0 0 0 0 0 553 310407 42026
24.446625 -0.202937 -0.105896 6.00092 58955 1.0000007 281951 103519 5 2 1253279.7 9.3873904 22.1003 24.446625 25870 1876804 1047053 137545 172 0 0 0 0 0 0 553 310284 42040
24.453375 -0.202937 -0.105189 6.00094 58956 1.0000007 280654 103084 6 2 1213570.6 9.3873904 22.1003 24.453375 37538 1840146 1018627 133577 173 0 0 0 0 0 0 553 308939 40708
24.46 -0.202937 -0.104496 6.00095 58958 1.0000007 282324 103773 6 2 1213123.4 9.3873904 22.1003 24.46 46352 1881443 1054746 133674 174 0 0 0 0 0 0 553 310651 40693
24.466625 -0.202937 -0.103802 6.00096 58959 1.0000007 282507 103897 5 2 1211871.4 9.3873904 22.1003 24.466625 46715 1889571 1062268 132031 175 0 0 0 0 0 0 553 310869 40651
24.473375 -0.202937 -0.103095 6.00097 58961 1.0000007 282489 103804 6 2 1234349.3 9.3873904 22.1003 24.473375 37863 1875085 1048329 132668 176 0 0 0 0 0 0 553 310812 41405
24.48 -0.202937 -0.102401 6.00098 58962 1.0000007 282482 103911 6 2 1231010.4 9.3873904 22.1003 24.48 32138 1900977 1076142 135754 177 0 0 0 0 0 0 553 310835 41293
24.486625 -0.202937 -0.101707 6.001 58964 1.0000007 282382 103729 5 2 1237986.3 9.3873904 22.1003 24.486625 34698 1973905 1148783 139218 178 0 0 0 0 0 0 553 310728 41527
24.493375 -0.202937 -0.101 6.00101 58965 1.0000007 282454 103881 5 2 1226359.8 9.3873904 22.1003 24.493375 50851 2027972 1202912 141422 179 0 0 0 0 0 0 553 310817 41137
24.5 -0.202937 -0.100306 6.00102 58967 1.0000007 282502 103867 6 2 1197114.6 9.3873904 22.1003 24.5 51149 2013790 1189907 143867 180 0 0 0 0 0 0 553 310845 40156
24.506625 -0.202937 -0.0996122 6.00103 58968 1.0000007 282576 104044 4 2 1201228.6 9.3873904 22.1003 24.506625 61246 2033669 1208037 150361 181 0 0 0 0 0 0 553 310931 40294
24.513375 -0.202937 -0.0989052 6.00104 58970 1.0000007 282604 103983 5 2 1164530.5 9.3873904 22.1003 24.513375 42497 1941332 1117222 148280 182 0 0 0 0 0 0 553 310965 39063
24.52 -0.202937 -0.0982113 6.00105 58971 1.0000007 282550 103995 6 2 1137461.6 9.3873904 22.1003 24.52 44507 1879268 1055918 146808 183 0 0 0 0 0 0 553 310886 38155
24.526625 -0.202937 -0.0975174 6.00107 58972 1.0000007 282593 103931 6 2 1104967 9.3873904 22.1003 24.526625 35745 1771811 947632 137996 184 0 0 0 0 0 0 553 310949 37065
24.533375 -0.202937 -0.0968104 6.00108 58974 1.0000007 282458 104013 6 2 1061531.5 9.3873904 22.1003 24.533375 18210 1607366 783754 127850 185 0 0 0 0 0 0 553 310797 35608
24.54 -0.202937 -0.0961165 6.00109 58975 1.0000007 282527 103931 6 2 995230.45 9.3873904 22.1003 24.54 10997 1473941 653325 116063 186 0 0 0 0 0 0 553 310857 33384
24.546625 -0.202937 -0.0954226 6.0011 58977 1.0000007 282639 104091 6 2 955253.1 9.3873904 22.1003 24.546625 7585 1395109 574121 106867 187 0 0 0 0 0 0 553 311001 32043
24.553375 -0.202937 -0.0947157 6.00111 58978 1.0000007 282614 103905 5 2 904871.49 9.3873904 22.1003 24.553375 4976 1345456 524296 99065 188 0 0 0 0 0 0 553 310942 30353
24.56 -0.202937 -0.0940218 6.00112 58980 1.0000007 282640 104115 5 2 851538.54 9.3873904 22.1003 24.56 2572 1295172 471310 90665 189 0 0 0 0 0 0 553 310975 28564
24.566625 -0.202937 -0.0933279 6.00113 58981 1.0000007 282668 104005 6 2 814124.98 9.3873904 22.1003 24.566625 2363 1254342 433186 83693 190 0 0 0 0 0 0 553 311003 27309
24.573375 -0.202937 -0.0926209 6.00114 58983 1.0000007 282604 104132 6 2 785654.91 9.3873904 22.1003 24.573375 1734 1218944 397910 77893 191 0 0 0 0 0 0 553 310917 26354
24.58 -0.202937 -0.091927 6.00115 58985 1.0000007 282708 104052 5 2 752981.39 9.3873904 22.1003 24.58 1225 1186571 365688 72949 192 0 0 0 0 0 0 553 311057 25258
24.586625 -0.202937 -0.0912331 6.00116 58986 1.0000007 282664 104156 5 2 727522.29 9.3873904 22.1003 24.586625 640 1158433 337838 67250 193 0 0 0 0 0 0 553 310988 24404
24.593375 -0.202937 -0.0905261 6.00117 58988 1.0000007 282700 104109 5 2 704954.91 9.3873904 22.1003 24.593375 402 1137366 317420 63712 194 0 0 0 0 0 0 553 311036 23647
24.6 -0.202937 -0.0898322 6.00119 58989 1.0000007 282691 104160 5 2 676693.51 9.3873904 22.1003 24.6 319 1121586 302347 60114 195 0 0 0 0 0 0 553 311032 22699
24.606625 -0.202937 -0.0891383 6.0012 58991 1.0000007 282779 104121 5 2 653529.9 9.3873904 22.1003 24.606625 247 1108522 289154 57050 196 0 0 0 0 0 0 553 311131 21922
24.613375 -0.202937 -0.0884313 6.00121 58992 1.0000007 282522 104072 5 2 635106.33 9.3873904 22.1003 24.613375 212 1098381 280800 54925 197 0 0 0 0 0 0 553 310842 21304
24.62 -0.202937 -0.0877373 6.00122 58994 1.0000007 282647 104060 6 2 628994.95 9.3873904 22.1003 24.62 223 1091954 274130 52984 198 0 0 0 0 0 0 553 310984 21099
24.626625 -0.202937 -0.0870434 6.00123 58995 1.0000007 282642 104170 4 2 606934.36 9.3873904 22.1003 24.626625 208 1085209 267691 51466 199 0 0 0 0 0 0 553 310979 20359
24.633375 -0.202937 -0.0863364 6.00124 58997 1.0000007 282776 104188 5 2 600018.07 9.3873904 22.1003 24.633375 239 1080826 263811 50031 200 0 0 0 0 0 0 553 311115 20127
24.64 -0.202937 -0.0856425 6.00125 58998 1.0000007 282552 104045 5 2 589524.39 9.3873904 22.1003 24.64 234 1077462 261272 48892 201 0 0 0 0 0 0 553 310879 19775
24.646625 -0.202937 -0.0849486 6.00126 59000 1.0000007 282695 104118 5 2 579269.2 9.3873904 22.1003 24.646625 219 1073777 257548 48394 202 0 0 0 0 0 0 553 311015 19431
24.653375 -0.202937 -0.0842416 6.00127 59001 1.0000007 282643 104149 6 2 564840.39 9.3873904 22.1003 24.653375 224 1072832 256379 47534 203 0 0 0 0 0 0 553 310977 18947
24.66 -0.202937 -0.0835477 6.00128 59003 1.0000007 282628 104093 5 2 565436.62 9.3873904 22.1003 24.66 232 1067853 252410 46822 204 0 0 0 0 0 0 553 310951 18967
24.666625 -0.202937 -0.0828538 6.00129 59004 1.0000007 282606 104114 5 2 563767.17 9.3873904 22.1003 24.666625 219 1067149 251024 46785 205 0 0 0 0 0 0 553 310932 18911
24.673375 -0.202937 -0.0821468 6.0013 59005 1.0000007 282581 104108 6 2 555449.73 9.3873904 22.1003 24.673375 245 1063683 248379 45481 206 0 0 0 0 0 0 553 310903 18632
24.68 -0.202937 -0.0814528 6.0013 59007 1.0000007 282634 104146 5 2 540782.42 9.3873904 22.1003 24.68 222 1062108 247930 45166 207 0 0 0 0 0 0 553 310995 18140
24.686625 -0.202937 -0.0807589 6.00131 59008 1.0000007 282567 104058 5 2 549755.72 9.3873904 22.1003 24.686625 234 1061167 246602 45203 208 0 0 0 0 0 0 553 310894 18441
24.693375 -0.202937 -0.0800519 6.00132 59010 1.0000007 282556 104138 5 2 538188.81 9.3873904 22.1003 24.693375 185 1060894 244865 44647 209 0 0 0 0 0 0 553 310884 18053
24.7 -0.202937 -0.079358 6.00133 59011 1.0000007 282582 104108 6 2 538486.93 9.3873904 22.1003 24.7 227 1056952 243228 44379 210 0 0 0 0 0 0 553 310921 18063
24.706625 -0.202937 -0.0786641 6.00134 59013 1.0000007 282437 103954 5 2 530407.99 9.3873904 22.1003 24.706625 238 1056328 242597 43659 211 0 0 0 0 0 0 553 310769 17792
24.713375 -0.202937 -0.077957 6.00135 59014 1.0000007 282681 104174 5 2 526770.97 9.3873904 22.1003 24.713375 218 1053286 240881 43450 212 0 0 0 0 0 0 553 311038 17670
24.72 -0.202937 -0.0772631 6.00136 59016 1.0000007 282466 104008 6 2 538725.42 9.3873904 22.1003 24.72 232 1053153 239746 43267 213 0 0 0 0 0 0 553 310804 18071
24.726625 -0.202937 -0.0765692 6.00137 59017 1.0000007 283800 104644 5 2 534521.99 9.3873904 22.1003 24.726625 205 1056840 240326 43545 214 0 0 0 0 0 0 553 312147 17930
24.733375 -0.202937 -0.0758622 6.00138 59019 1.0000007 283524 104432 5 2 527754.75 9.3873904 22.1003 24.733375 209 1056130 239890 43226 215 0 0 0 0 0 0 553 311862 17703
24.74 -0.202937 -0.0751682 6.00139 59020 1.0000007 283586 104538 6 2 525161.15 9.3873904 22.1003 24.74 212 1052256 237845 42779 216 0 0 0 0 0 0 553 311939 17616
24.746625 -0.202937 -0.0744743 6.0014 59022 1.0000007 283672 104496 6 2 525846.81 9.3873904 22.1003 24.746625 203 1053688 238428 43098 217 0 0 0 0 0 0 553 312025 17639
24.753375 -0.202937 -0.0737673 6.0014 59023 1.0000007 283693 104600 5 2 526115.12 9.3873904 22.1003 24.753375 217 1052989 237388 42976 218 0 0 0 0 0 0 553 312036 17648
24.76 -0.202937 -0.0730734 6.00141 59025 1.0000007 283533 104419 6 2 516873.52 9.3873904 22.1003 24.76 212 1051194 237410 42643 219 0 0 0 0 0 0 553 311850 17338
24.766625 -0.202937 -0.0723794 6.00142 59026 1.0000007 283592 104518 6 2 521226.01 9.3873904 22.1003 24.766625 231 1049171 236070 42764 220 0 0 0 0 0 0 553 311928 17484
24.773375 -0.202937 -0.0716724 6.00143 59028 1.0000007 283638 104504 6 2 519407.51 9.3873904 22.1003 24.773375 261 1049503 235105 42378 221 0 0 0 0 0 0 553 311994 17423
24.78 -0.202937 -0.0709785 6.00144 59029 1.0000007 283574 104550 5 2 524386.04 9.3873904 22.1003 24.78 232 1046792 234907 42491 222 0 0 0 0 0 0 553 311898 17590
24.786625 -0.202937 -0.0702845 6.00145 59030 1.0000007 283485 104415 6 2 518841.09 9.3873904 22.1003 24.786625 236 1047498 234460 42327 223 0 0 0 0 0 0 553 311843 17404
24.793375 -0.202937 -0.0695775 6.00145 59032 1.0000007 283446 104536 5 2 520122.99 9.3873904 22.1003 24.793375 239 1045030 233523 42038 224 0 0 0 0 0 0 553 311775 17447
24.8 -0.202937 -0.0688836 6.00146 59033 1.0000007 283523 104397 6 2 509837.98 9.3873904 22.1003 24.8 222 1043009 232744 41880 225 0 0 0 0 0 0 553 311845 17102
24.806625 -0.202937 -0.0681896 6.00147 59035 1.0000007 283410 104415 6 2 501490.74 9.3873904 22.1003 24.806625 259 1043520 232652 41634 226 0 0 0 0 0 0 553 311764 16822
24.813375 -0.202937 -0.0674826 6.00148 59036 1.0000007 283550 104397 6 2 508884.01 9.3873904 22.1003 24.813375 230 1043840 232406 41704 227 0 0 0 0 0 0 553 311916 17070
24.82 -0.202937 -0.0667887 6.00149 59038 1.0000007 283264 104402 5 2 516426.35 9.3873904 22.1003 24.82 221 1040941 231906 41869 228 0 0 0 0 0 0 553 311614 17323
24.826625 -0.202937 -0.0660947 6.00149 59039 1.0000007 283434 104377 6 2 512968.2 9.3873904 22.1003 24.826625 216 1041829 231469 41500 229 0 0 0 0 0 0 553 311800 17207
24.833375 -0.202937 -0.0653877 6.0015 59041 1.0000007 283332 104380 6 2 511894.98 9.3873904 22.1003 24.833375 234 1041237 231011 41376 230 0 0 0 0 0 0 553 311673 17171
24.84 -0.202937 -0.0646937 6.00151 59042 1.0000007 283330 104280 6 2 517559.19 9.3873904 22.1003 24.84 251 1041493 231842 41807 231 0 0 0 0 0 0 553 311681 17361
24.846625 -0.202937 -0.0639998 6.00152 59044 1.0000007 283259 104331 4 2 519586.38 9.3873904 22.1003 24.846625 222 1037346 229997 41770 232 0 0 0 0 0 0 553 311596 17429
24.853375 -0.202937 -0.0632928 6.00152 59045 1.0000007 283286 104269 5 2 511447.81 9.3873904 22.1003 24.853375 210 1038335 229694 41724 233 0 0 0 0 0 0 553 311619 17156
24.86 -0.202937 -0.0625988 6.00153 59047 1.0000007 283195 104305 6 2 508079.1 9.3873904 22.1003 24.86 226 1037438 229810 41428 234 0 0 0 0 0 0 553 311548 17043
24.866625 -0.202937 -0.0619049 6.00154 59048 1.0000007 283181 104214 5 2 508943.64 9.3873904 22.1003 24.866625 245 1035759 229198 41087 235 0 0 0 0 0 0 553 311509 17072
24.873375 -0.202937 -0.0611978 6.00155 59050 1.0000007 283181 104352 6 2 506737.58 9.3873904 22.1003 24.873375 249 1036140 228855 40925 236 0 0 0 0 0 0 553 311539 16998
24.88 -0.202937 -0.0605039 6.00155 59051 1.0000007 283138 104178 4 2 505723.98 9.3873904 22.1003 24.88 221 1034897 228668 41345 237 0 0 0 0 0 0 553 311482 16964
24.886625 -0.202937 -0.0598099 6.00156 59053 1.0000007 283072 104277 5 2 499910.72 9.3873904 22.1003 24.886625 261 1033422 227620 40727 238 0 0 0 0 0 0 553 311387 16769
24.893375 -0.202937 -0.0591029 6.00157 59054 1.0000007 283100 104201 5 2 505545.11 9.3873904 22.1003 24.893375 253 1033071 227805 41231 239 0 0 0 0 0 0 553 311442 16958
24.9 -0.202937 -0.0584089 6.00157 59056 1.0000007 282954 104128 5 2 510762.14 9.3873904 22.1003 24.9 196 1032975 227333 41370 240 0 0 0 0 0 0 553 311320 17133
24.906625 -0.202937 -0.057715 6.00158 59057 1.0000007 282906 104031 4 2 500805.07 9.3873904 22.1003 24.906625 222 1032370 226767 40759 241 0 0 0 0 0 0 553 311229 16799
24.913375 -0.202937 -0.0570079 6.00159 59058 1.0000007 282903 104059 4 2 505604.74 9.3873904 22.1003 24.913375 240 1032301 226953 40921 242 0 0 0 0 0 0 553 311242 16960
24.92 -0.202937 -0.056314 6.00159 59060 1.0000007 282881 104069 5 2 502027.34 9.3873904 22.1003 24.92 241 1032172 226871 40873 243 0 0 0 0 0 0 553 311211 16840
24.926625 -0.202937 -0.05562 6.0016 59061 1.0000007 282836 104048 4 2 504322.84 9.3873904 22.1003 24.926625 245 1028853 227265 40994 244 0 0 0 0 0 0 553 311181 16917
24.933375 -0.202937 -0.054913 6.00161 59063 1.0000007 282741 103915 6 2 508138.72 9.3873904 22.1003 24.933375 198 1026934 225288 40739 245 0 0 0 0 0 0 553 311108 17045
24.94 -0.202937 -0.054219 6.00161 59064 1.0000007 282776 103967 4 2 497108.43 9.3873904 22.1003 24.94 219 1028211 226077 40506 246 0 0 0 0 0 0 553 311152 16675
24.946625 -0.202937 -0.0535251 6.00162 59066 1.0000007 282790 103937 5 2 492755.94 9.3873904 22.1003 24.946625 250 1029685 225802 40649 247 0 0 0 0 0 0 553 311148 16529
24.953375 -0.202937 -0.052818 6.00163 59067 1.0000007 282660 103833 5 2 491146.11 9.3873904 22.1003 24.953375 247 1025205 225004 40086 248 0 0 0 0 0 0 553 311039 16475
24.96 -0.202937 -0.0521241 6.00163 59069 1.0000007 282706 103866 6 2 500894.5 9.3873904 22.1003 24.96 234 1028450 225702 40878 249 0 0 0 0 0 0 553 311032 16802
24.966625 -0.202937 -0.0514301 6.00164 59070 1.0000007 282571 103815 5 2 494693.69 9.3873904 22.1003 24.966625 222 1024555 224536 40179 250 0 0 0 0 0 0 553 310915 16594
24.973375 -0.202937 -0.0507231 6.00164 59072 1.0000007 282642 103867 5 2 507095.32 9.3873904 22.1003 24.973375 235 1025930 225008 40677 251 0 0 0 0 0 0 553 311016 17010
24.98 -0.202937 -0.0500291 6.00165 59073 1.0000007 282498 103752 6 2 501937.91 9.3873904 22.1003 24.98 221 1027649 225123 40466 252 0 0 0 0 0 0 553 310853 16837
24.986625 -0.202937 -0.0493352 6.00165 59075 1.0000007 282589 103835 6 2 491772.15 9.3873904 22.1003 24.986625 202 1023610 223472 40448 253 0 0 0 0 0 0 553 310928 16496
24.993375 -0.202937 -0.0486281 6.00166 59076 1.0000007 282371 103628 6 2 494723.5 9.3873904 22.1003 24.993375 230 1022567 224280 40085 254 0 0 0 0 0 0 553 310706 16595
25 -0.202937 -0.0479341 6.00167 59078 1.0000007 282547 103756 6 2 494991.81 9.3873904 22.1003 25 247 1023258 224016 40391 255 0 0 0 0 0 0 553 310874 16604
25.006625 -0.202937 -0.0472402 6.00167 59079 1.0000007 282488 103745 6 2 489446.85 9.3873904 22.1003 25.006625 229 1021368 223026 39919 256 0 0 0 0 0 0 553 310828 16418
25.013375 -0.202937 -0.0465331 6.00168 59080 1.0000007 282454 103764 5 2 494216.7 9.3873904 22.1003 25.013375 207 1023938 224270 40029 257 0 0 0 0 0 0 553 310790 16578
25.02 -0.202937 -0.0458392 6.00168 59082 1.0000007 282322 103611 5 2 499344.3 9.3873904 22.1003 25.02 246 1019990 223363 40351 258 0 0 0 0 0 0 553 310663 16750
25.026625 -0.202937 -0.0451452 6.00169 59083 1.0000007 282340 103689 5 2 496214.08 9.3873904 22.1003 25.026625 220 1020717 222929 40235 259 0 0 0 0 0 0 553 310693 16645
25.033375 -0.202937 -0.0444381 6.00169 59085 1.0000007 282312 103593 6 2 504442.08 9.3873904 22.1003 25.033375 239 1023105 223705 40605 260 0 0 0 0 0 0 553 310668 16921
25.04 -0.202937 -0.0437442 6.0017 59086 1.0000007 282288 103654 6 2 485690.59 9.3873904 22.1003 25.04 231 1020020 222557 39688 261 0 0 0 0 0 0 553 310611 16292
25.046625 -0.202937 -0.0430502 6.0017 59088 1.0000007 282099 103438 5 2 497913.34 9.3873904 22.1003 25.046625 229 1020068 223596 40406 262 0 0 0 0 0 0 553 310446 16702
25.053375 -0.202937 -0.0423431 6.00171 59089 1.0000007 282196 103567 4 2 493143.49 9.3873904 22.1003 25.053375 268 1016831 221875 39879 263 0 0 0 0 0 0 553 310553 16542
25.06 -0.202937 -0.0416492 6.00171 59091 1.0000007 282099 103468 5 2 494693.69 9.3873904 22.1003 25.06 207 1017607 222294 39856 264 0 0 0 0 0 0 553 310450 16594
25.066625 -0.202937 -0.0409552 6.00172 59092 1.0000007 282059 103475 6 2 491801.97 9.3873904 22.1003 25.066625 232 1015914 222174 39956 265 0 0 0 0 0 0 553 310436 16497
25.073375 -0.202937 -0.0402482 6.00172 59094 1.0000007 281998 103375 5 2 487628.34 9.3873904 22.1003 25.073375 217 1016683 221401 39753 266 0 0 0 0 0 0 553 310357 16357
25.08 -0.202937 -0.0395542 6.00173 59095 1.0000007 281758 103266 6 2 485958.89 9.3873904 22.1003 25.08 218 1016024 220953 39606 267 0 0 0 0 0 0 553 310121 16301
25.086625 -0.202937 -0.0388602 6.00173 59097 1.0000007 281897 103302 5 2 491682.72 9.3873904 22.1003 25.086625 227 1013350 221489 39783 268 0 0 0 0 0 0 553 310255 16493
25.093375 -0.202937 -0.0381532 6.00174 59098 1.0000007 281760 103260 5 2 491146.11 9.3873904 22.1003 25.093375 225 1015805 221182 40107 269 0 0 0 0 0 0 553 310110 16475
25.1 -0.202937 -0.0374592 6.00174 59100 1.0000007 281733 103194 6 2 488641.94 9.3873904 22.1003 25.1 236 1014116 221349 39805 270 0 0 0 0 0 0 553 310096 16391
25.106625 -0.202937 -0.0367652 6.00175 59101 1.0000007 281685 103221 4 2 487926.46 9.3873904 22.1003 25.106625 239 1014826 220719 39729 271 0 0 0 0 0 0 553 310065 16367
25.113375 -0.202937 -0.0360582 6.00175 59103 1.0000007 281691 103176 5 2 491772.15 9.3873904 22.1003 25.113375 217 1013497 221230 39872 272 0 0 0 0 0 0 553 310051 16496
25.12 -0.202937 -0.0353642 6.00175 59104 1.0000007 281546 103085 5 2 489446.85 9.3873904 22.1003 25.12 234 1013097 221451 39937 273 0 0 0 0 0 0 553 309890 16418
25.126625 -0.202937 -0.0346702 6.00176 59106 1.0000007 281510 103048 5 2 491593.28 9.3873904 22.1003 25.126625 210 1010338 220069 39760 274 0 0 0 0 0 0 553 309860 16490
25.133375 -0.202937 -0.0339631 6.00176 59107 1.0000007 281409 103000 6 2 484617.37 9.3873904 22.1003 25.133375 220 1011538 220257 39548 275 0 0 0 0 0 0 553 309793 16256
25.14 -0.202937 -0.0332692 6.00177 59109 1.0000007 281555 103086 6 2 487807.21 9.3873904 22.1003 25.14 258 1009939 219871 39289 276 0 0 0 0 0 0 553 309917 16363
25.146625 -0.202937 -0.0325752 6.00177 59110 1.0000007 281417 103038 5 2 486376.25 9.3873904 22.1003 25.146625 239 1010928 219916 39460 277 0 0 0 0 0 0 553 309781 16315
25.153375 -0.202937 -0.0318681 6.00177 59112 1.0000007 281358 102968 5 2 493292.55 9.3873904 22.1003 25.153375 225 1011713 221013 39908 278 0 0 0 0 0 0 553 309740 16547
25.16 -0.202937 -0.0311742 6.00178 59113 1.0000007 281163 102866 5 2 492457.82 9.3873904 22.1003 25.16 221 1009337 220658 39843 279 0 0 0 0 0 0 553 309507 16519
25.166625 -0.202937 -0.0304802 6.00178 59115 1.0000007 281273 102849 6 2 487568.72 9.3873904 22.1003 25.166625 199 1007840 219477 39487 280 0 0 0 0 0 0 553 309633 16355
25.173375 -0.202937 -0.0297731 6.00178 59116 1.0000007 281157 102874 5 2 488612.12 9.3873904 22.1003 25.173375 216 1006986 219088 39421 281 0 0 0 0 0 0 553 309500 16390
25.18 -0.202937 -0.0290791 6.00179 59118 1.0000007 281228 102775 6 2 492010.65 9.3873904 22.1003 25.18 231 1007357 219155 39585 282 0 0 0 0 0 0 553 309595 16504
25.186625 -0.202937 -0.0283852 6.00179 59119 1.0000007 281088 102800 6 2 484021.14 9.3873904 22.1003 25.186625 234 1007345 219991 39328 283 0 0 0 0 0 0 553 309445 16236
25.193375 -0.202937 -0.0276781 6.00179 59121 1.0000007 281229 102890 5 2 483246.04 9.3873904 22.1003 25.193375 230 1007931 219362 39292 284 0 0 0 0 0 0 553 309589 16210
25.2 -0.202937 -0.0269841 6.0018 59122 1.0000007 281051 102773 5 2 487956.27 9.3873904 22.1003 25.2 240 1008535 219648 39743 285 0 0 0 0 0 0 553 309407 16368
25.206625 -0.202937 -0.0262901 6.0018 59124 1.0000007 280925 102616 6 2 482381.5 9.3873904 22.1003 25.206625 243 1007089 218363 39142 286 0 0 0 0 0 0 553 309270 16181
25.213375 -0.202937 -0.0255831 6.0018 59125 1.0000007 280764 102545 5 2 488731.37 9.3873904 22.1003 25.213375 221 1005521 219075 39622 287 0 0 0 0 0 0 553 309126 16394
25.22 -0.202937 -0.0248891 6.00181 59127 1.0000007 280898 102552 6 2 484527.93 9.3873904 22.1003 25.22 245 1004673 218636 39354 288 0 0 0 0 0 0 553 309251 16253
25.226625 -0.202937 -0.0241951 6.00181 59128 1.0000007 280883 102626 5 2 487449.47 9.3873904 22.1003 25.226625 207 1004044 218978 39626 289 0 0 0 0 0 0 553 309232 16351
25.233375 -0.202937 -0.023488 6.00181 59130 1.0000007 280978 102613 5 2 487210.98 9.3873904 22.1003 25.233375 233 1006345 219107 39546 290 0 0 0 0 0 0 553 309344 16343
25.24 -0.202937 -0.0227941 6.00181 59131 1.0000007 280716 102521 5 2 487896.65 9.3873904 22.1003 25.24 238 1002900 218731 39256 291 0 0 0 0 0 0 553 309056 16366
25.246625 -0.202937 -0.0221001 6.00182 59133 1.0000007 280707 102435 5 2 483216.22 9.3873904 22.1003 25.246625 226 1003692 217601 39579 292 0 0 0 0 0 0 553 309066 16209
25.253375 -0.202937 -0.021393 6.00182 59134 1.0000007 280627 102465 6 2 489357.41 9.3873904 22.1003 25.253375 237 1005057 219372 39381 293 0 0 0 0 0 0 553 308986 16415
25.26 -0.202937 -0.020699 6.00182 59136 1.0000007 278603 101635 5 2 476240.31 9.3873904 22.1003 25.26 228 992418 215557 38883 294 0 0 0 0 0 0 553 306090 15975
25.266625 -0.202937 -0.0200051 6.00182 59137 1.0000007 281526 102804 5 2 487449.47 9.3873904 22.1003 25.266625 210 1007179 218400 39301 295 0 0 0 0 0 0 553 309904 16351
25.273375 -0.202937 -0.019298 6.00183 59139 1.0000007 281670 102792 5 2 488820.81 9.3873904 22.1003 25.273375 197 1007372 218722 39734 296 0 0 0 0 0 0 553 310070 16397
25.28 -0.202937 -0.018604 6.00183 59140 1.0000007 281287 102553 5 2 490043.08 9.3873904 22.1003 25.28 215 1004418 218649 39533 297 0 0 0 0 0 0 553 309671 16438
25.286625 -0.202937 -0.01791 6.00183 59142 1.0000007 281622 102813 5 2 479847.51 9.3873904 22.1003 25.286625 215 1004167 218216 39171 298 0 0 0 0 0 0 553 309994 16096
25.293375 -0.202937 -0.017203 6.00183 59143 1.0000007 281371 102635 6 2 481964.14 9.3873904 22.1003 25.293375 200 1003637 217841 39014 299 0 0 0 0 0 0 553 309757 16167
25.3 -0.202937 -0.016509 6.00183 59145 1.0000007 281404 102621 4 2 481576.59 9.3873904 22.1003 25.3 223 1005127 218386 39229 300 0 0 0 0 0 0 553 309783 16154