Eta  H  K  L  Epoch  Sec  ion1  Hubmon  scan_bar  Filters  Correct  Qmag  Energy  Graze  p_peak  p_total  p_del_s  p_nu_s  p_image  p_xcen  p_xsig  p_ycen  p_ysig  power  tempsp  gun_on  ion0  p_point
22.8 0.17454 -0.277222 5.99497 66527 1.0000007 282320 103655 7 2 501311.87 9.38524 22.1003 22.8 87 1043278 227806 40872 0 0 0 0 0 0 0 553 310436 16816
22.806625 0.17454 -0.276528 5.995 66529 1.0000007 282533 103929 5 2 502295.65 9.38524 22.1003 22.806625 87 1045836 228271 41141 1 0 0 0 0 0 0 553 310686 16849
22.813375 0.17454 -0.275822 5.99503 66530 1.0000007 282518 103926 6 2 497466.17 9.38524 22.1003 22.813375 85 1043626 227162 40576 2 0 0 0 0 0 0 553 310648 16687
22.82 0.17454 -0.275129 5.99506 66532 1.0000007 282630 104028 6 2 501252.24 9.38524 22.1003 22.82 90 1044019 226725 40868 3 0 0 0 0 0 0 553 310755 16814
22.826625 0.17454 -0.274436 5.9951 66533 1.0000007 282791 104053 5 2 501282.05 9.38524 22.1003 22.826625 97 1047803 227752 40854 4 0 0 0 0 0 0 553 310914 16815
22.833375 0.17454 -0.27373 5.99513 66535 1.0000007 282820 104159 5 2 500775.26 9.38524 22.1003 22.833375 93 1047803 227075 41088 5 0 0 0 0 0 0 553 310966 16798
22.84 0.17454 -0.273036 5.99516 66536 1.0000007 283114 104323 6 2 494991.81 9.38524 22.1003 22.84 90 1047690 227379 40719 6 0 0 0 0 0 0 553 311265 16604
22.846625 0.17454 -0.272343 5.99519 66538 1.0000007 283035 104292 5 2 512193.1 9.38524 22.1003 22.846625 87 1048828 228627 41336 7 0 0 0 0 0 0 553 311167 17181
22.853375 0.17454 -0.271637 5.99522 66539 1.0000007 282958 104261 5 2 499910.72 9.38524 22.1003 22.853375 94 1047830 227551 40925 8 0 0 0 0 0 0 553 311094 16769
22.86 0.17454 -0.270944 5.99525 66541 1.0000007 283397 104601 5 2 504114.16 9.38524 22.1003 22.86 88 1049734 228188 41054 9 0 0 0 0 0 0 553 311540 16910
22.866625 0.17454 -0.27025 5.99529 66542 1.0000007 283234 104444 5 2 504054.53 9.38524 22.1003 22.866625 97 1049122 228293 40910 10 0 0 0 0 0 0 553 311352 16908
22.873375 0.17454 -0.269544 5.99532 66544 1.0000007 283476 104687 6 2 507274.19 9.38524 22.1003 22.873375 93 1052077 229318 41454 11 0 0 0 0 0 0 553 311627 17016
22.88 0.17454 -0.268851 5.99535 66545 1.0000007 283437 104595 5 2 501401.3 9.38524 22.1003 22.88 86 1051236 228683 41002 12 0 0 0 0 0 0 553 311546 16819
22.886625 0.17454 -0.268158 5.99538 66547 1.0000007 283413 104707 5 2 501669.6 9.38524 22.1003 22.886625 89 1051886 228990 41040 13 0 0 0 0 0 0 553 311552 16828
22.893375 0.17454 -0.267451 5.99541 66548 1.0000007 283425 104634 5 2 512342.16 9.38524 22.1003 22.893375 91 1051606 229211 41367 14 0 0 0 0 0 0 553 311557 17186
22.9 0.17454 -0.266758 5.99544 66550 1.0000007 283480 104754 5 2 512640.27 9.38524 22.1003 22.9 91 1052861 229607 41339 15 0 0 0 0 0 0 553 311598 17196
22.906625 0.17454 -0.266065 5.99547 66551 1.0000007 283531 104658 6 2 509182.13 9.38524 22.1003 22.906625 94 1053486 228997 41016 16 0 0 0 0 0 0 553 311642 17080
22.913375 0.17454 -0.265358 5.9955 66553 1.0000007 283452 104742 6 2 511656.49 9.38524 22.1003 22.913375 90 1053209 229394 41299 17 0 0 0 0 0 0 553 311590 17163
22.92 0.17454 -0.264665 5.99554 66554 1.0000007 283430 104726 5 2 502325.46 9.38524 22.1003 22.92 93 1054652 229183 40724 18 0 0 0 0 0 0 553 311556 16850
22.926625 0.17454 -0.263972 5.99557 66556 1.0000007 283568 104828 5 2 507154.94 9.38524 22.1003 22.926625 90 1058531 230531 41705 19 0 0 0 0 0 0 553 311702 17012
22.933375 0.17454 -0.263266 5.9956 66557 1.0000007 283661 104768 5 2 507154.94 9.38524 22.1003 22.933375 89 1057903 230803 41654 20 0 0 0 0 0 0 553 311775 17012
22.94 0.17454 -0.262572 5.99563 66559 1.0000007 283490 104702 5 2 508884.01 9.38524 22.1003 22.94 91 1055494 230423 41488 21 0 0 0 0 0 0 553 311642 17070
22.946625 0.17454 -0.261879 5.99566 66560 1.0000007 283587 104764 6 2 513504.81 9.38524 22.1003 22.946625 95 1058787 230479 41559 22 0 0 0 0 0 0 553 311710 17225
22.953375 0.17454 -0.261173 5.99569 66561 1.0000007 283507 104816 5 2 509659.11 9.38524 22.1003 22.953375 87 1058835 230867 41628 23 0 0 0 0 0 0 553 311648 17096
22.96 0.17454 -0.260479 5.99572 66563 1.0000007 283583 104776 4 2 520480.72 9.38524 22.1003 22.96 86 1057878 231401 41968 24 0 0 0 0 0 0 553 311723 17459
22.966625 0.17454 -0.259786 5.99575 66564 1.0000007 283442 104734 5 2 509837.98 9.38524 22.1003 22.966625 91 1058435 230953 41276 25 0 0 0 0 0 0 553 311572 17102
22.973375 0.17454 -0.25908 5.99578 66566 1.0000007 283617 104769 5 2 516247.48 9.38524 22.1003 22.973375 99 1059477 231279 42027 26 0 0 0 0 0 0 553 311749 17317
22.98 0.17454 -0.258387 5.99581 66567 1.0000007 283444 104775 6 2 509569.68 9.38524 22.1003 22.98 93 1058622 231125 41658 27 0 0 0 0 0 0 553 311573 17093
22.986625 0.17454 -0.257693 5.99584 66569 1.0000007 283462 104652 5 2 510165.91 9.38524 22.1003 22.986625 97 1061408 231430 41719 28 0 0 0 0 0 0 553 311608 17113
22.993375 0.17454 -0.256987 5.99587 66570 1.0000007 283414 104787 5 2 519914.3 9.38524 22.1003 22.993375 92 1059587 232582 42041 29 0 0 0 0 0 0 553 311575 17440
23 0.17454 -0.256294 5.9959 66572 1.0000007 283529 104756 6 2 517141.83 9.38524 22.1003 23 89 1059568 231902 41533 30 0 0 0 0 0 0 553 311687 17347
23.006625 0.17454 -0.2556 5.99593 66573 1.0000007 283338 104703 5 2 508466.65 9.38524 22.1003 23.006625 93 1060297 231794 41761 31 0 0 0 0 0 0 553 311468 17056
23.013375 0.17454 -0.254894 5.99596 66575 1.0000007 283531 104831 6 2 511805.55 9.38524 22.1003 23.013375 90 1062434 231934 41659 32 0 0 0 0 0 0 553 311689 17168
23.02 0.17454 -0.254201 5.99599 66576 1.0000007 281045 103796 5 2 504919.07 9.38524 22.1003 23.02 92 1052928 229975 41508 33 0 0 0 0 0 0 553 309049 16937
23.026625 0.17454 -0.253507 5.99602 66578 1.0000007 284126 105025 6 2 515740.68 9.38524 22.1003 23.026625 93 1063574 231950 41841 34 0 0 0 0 0 0 553 312289 17300
23.033375 0.17454 -0.252801 5.99605 66579 1.0000007 284023 104946 5 2 509539.87 9.38524 22.1003 23.033375 92 1065355 232306 41739 35 0 0 0 0 0 0 553 312194 17092
23.04 0.17454 -0.252108 5.99608 66581 1.0000007 284029 104974 5 2 515174.26 9.38524 22.1003 23.04 89 1065228 233012 42093 36 0 0 0 0 0 0 553 312152 17281
23.046625 0.17454 -0.251414 5.99611 66582 1.0000007 284030 104864 5 2 510344.78 9.38524 22.1003 23.046625 92 1067240 233246 41863 37 0 0 0 0 0 0 553 312187 17119
23.053375 0.17454 -0.250708 5.99614 66584 1.0000007 284137 104964 5 2 517797.68 9.38524 22.1003 23.053375 88 1065993 233040 41990 38 0 0 0 0 0 0 553 312304 17369
23.06 0.17454 -0.250015 5.99616 66585 1.0000007 284006 104931 5 2 515025.2 9.38524 22.1003 23.06 87 1067517 233408 41915 39 0 0 0 0 0 0 553 312164 17276
23.066625 0.17454 -0.249321 5.99619 66587 1.0000007 284075 104940 6 2 525667.94 9.38524 22.1003 23.066625 91 1069098 233632 42362 40 0 0 0 0 0 0 553 312223 17633
23.073375 0.17454 -0.248615 5.99622 66588 1.0000007 283944 104892 6 2 512610.46 9.38524 22.1003 23.073375 95 1066851 233187 41673 41 0 0 0 0 0 0 553 312091 17195
23.08 0.17454 -0.247922 5.99625 66590 1.0000007 283948 104882 6 2 521285.64 9.38524 22.1003 23.08 91 1068557 235122 42666 42 0 0 0 0 0 0 553 312122 17486
23.086625 0.17454 -0.247228 5.99628 66591 1.0000007 283983 104883 6 2 513922.17 9.38524 22.1003 23.086625 88 1068049 234637 42047 43 0 0 0 0 0 0 553 312127 17239
23.093375 0.17454 -0.246522 5.99631 66592 1.0000007 284005 104981 6 2 519586.38 9.38524 22.1003 23.093375 89 1069884 234509 42150 44 0 0 0 0 0 0 553 312167 17429
23.1 0.17454 -0.245828 5.99634 66594 1.0000007 283892 104827 5 2 521315.45 9.38524 22.1003 23.1 88 1069894 234702 42392 45 0 0 0 0 0 0 553 312078 17487
23.106625 0.17454 -0.245135 5.99637 66595 1.0000007 284112 105018 6 2 516903.33 9.38524 22.1003 23.106625 90 1070904 234896 42189 46 0 0 0 0 0 0 553 312299 17339
23.113375 0.17454 -0.244429 5.99639 66597 1.0000007 283924 104863 5 2 514667.46 9.38524 22.1003 23.113375 91 1070336 234519 42084 47 0 0 0 0 0 0 553 312083 17264
23.12 0.17454 -0.243735 5.99642 66598 1.0000007 283876 104926 5 2 517499.56 9.38524 22.1003 23.12 100 1070336 234817 42084 48 0 0 0 0 0 0 553 312031 17359
23.126625 0.17454 -0.243042 5.99645 66600 1.0000007 283938 104820 6 2 518751.65 9.38524 22.1003 23.126625 97 1072617 235322 42273 49 0 0 0 0 0 0 553 312123 17401
23.133375 0.17454 -0.242335 5.99648 66601 1.0000007 283842 104881 5 2 516158.04 9.38524 22.1003 23.133375 92 1071145 236094 42348 50 0 0 0 0 0 0 553 312008 17314
23.14 0.17454 -0.241642 5.99651 66603 1.0000007 283862 104771 5 2 522656.97 9.38524 22.1003 23.14 89 1074115 235822 42676 51 0 0 0 0 0 0 553 312019 17532
23.146625 0.17454 -0.240949 5.99654 66604 1.0000007 283801 104857 5 2 528172.12 9.38524 22.1003 23.146625 87 1075245 235974 42579 52 0 0 0 0 0 0 553 311969 17717
23.153375 0.17454 -0.240242 5.99656 66606 1.0000007 283766 104739 5 2 521285.64 9.38524 22.1003 23.153375 90 1074998 236544 42420 53 0 0 0 0 0 0 553 311933 17486
23.16 0.17454 -0.239549 5.99659 66607 1.0000007 283855 104950 5 2 529036.65 9.38524 22.1003 23.16 89 1079653 237818 42968 54 0 0 0 0 0 0 553 312043 17746
23.166625 0.17454 -0.238856 5.99662 66609 1.0000007 283737 104669 5 2 525697.75 9.38524 22.1003 23.166625 89 1076762 237746 42526 55 0 0 0 0 0 0 553 311937 17634
23.173375 0.17454 -0.238149 5.99665 66610 1.0000007 283612 104703 5 2 521762.62 9.38524 22.1003 23.173375 87 1077628 237668 42842 56 0 0 0 0 0 0 553 311788 17502
23.18 0.17454 -0.237456 5.99667 66612 1.0000007 283757 104720 5 2 527695.13 9.38524 22.1003 23.18 100 1078116 238121 42921 57 0 0 0 0 0 0 553 311947 17701
23.186625 0.17454 -0.236762 5.9967 66613 1.0000007 283704 104830 6 2 527754.75 9.38524 22.1003 23.186625 91 1079543 238803 42943 58 0 0 0 0 0 0 553 311875 17703
23.193375 0.17454 -0.236056 5.99673 66615 1.0000007 283771 104746 6 2 525101.52 9.38524 22.1003 23.193375 89 1082452 239165 42802 59 0 0 0 0 0 0 553 311969 17614
23.2 0.17454 -0.235362 5.99676 66616 1.0000007 283796 104839 6 2 526085.31 9.38524 22.1003 23.2 89 1077209 239580 43128 60 0 0 0 0 0 0 553 311978 17647
23.206625 0.17454 -0.234669 5.99678 66618 1.0000007 283776 104712 5 2 527993.25 9.38524 22.1003 23.206625 94 1082200 239580 42864 61 0 0 0 0 0 0 553 311964 17711
23.213375 0.17454 -0.233963 5.99681 66619 1.0000007 283731 104802 5 2 527933.62 9.38524 22.1003 23.213375 88 1082020 240034 43014 62 0 0 0 0 0 0 553 311914 17709
23.22 0.17454 -0.233269 5.99684 66620 1.0000007 283852 104805 5 2 537622.39 9.38524 22.1003 23.22 95 1085196 241164 43547 63 0 0 0 0 0 0 553 312044 18034
23.226625 0.17454 -0.232576 5.99687 66622 1.0000007 283585 104658 5 2 525071.71 9.38524 22.1003 23.226625 91 1083316 241132 42995 64 0 0 0 0 0 0 553 311762 17613
23.233375 0.17454 -0.231869 5.99689 66623 1.0000007 283751 104763 5 2 529096.28 9.38524 22.1003 23.233375 92 1084316 241182 43266 65 0 0 0 0 0 0 553 311930 17748
23.24 0.17454 -0.231176 5.99692 66625 1.0000007 283644 104749 6 2 530706.1 9.38524 22.1003 23.24 95 1084524 242068 43313 66 0 0 0 0 0 0 553 311815 17802
23.246625 0.17454 -0.230482 5.99695 66626 1.0000007 283659 104711 5 2 533538.21 9.38524 22.1003 23.246625 90 1084700 242093 43472 67 0 0 0 0 0 0 553 311802 17897
23.253375 0.17454 -0.229776 5.99697 66628 1.0000007 283678 104801 6 2 535207.65 9.38524 22.1003 23.253375 93 1088980 243010 43855 68 0 0 0 0 0 0 553 311871 17953
23.26 0.17454 -0.229083 5.997 66629 1.0000007 283878 104833 5 2 543435.66 9.38524 22.1003 23.26 92 1087655 244216 44118 69 0 0 0 0 0 0 553 312071 18229
23.266625 0.17454 -0.228389 5.99703 66631 1.0000007 283850 104832 6 2 536817.48 9.38524 22.1003 23.266625 94 1089657 243949 43531 70 0 0 0 0 0 0 553 312052 18007
23.273375 0.17454 -0.227683 5.99705 66632 1.0000007 283874 104851 5 2 549934.59 9.38524 22.1003 23.273375 99 1092275 245848 44644 71 0 0 0 0 0 0 553 312066 18447
23.28 0.17454 -0.226989 5.99708 66634 1.0000007 283701 104815 4 2 545045.48 9.38524 22.1003 23.28 86 1093748 245846 44096 72 0 0 0 0 0 0 553 311893 18283
23.286625 0.17454 -0.226296 5.99711 66635 1.0000007 283902 104888 6 2 547668.9 9.38524 22.1003 23.286625 95 1093884 246919 44382 73 0 0 0 0 0 0 553 312092 18371
23.293375 0.17454 -0.225589 5.99713 66637 1.0000007 284109 105002 5 2 542749.99 9.38524 22.1003 23.293375 96 1097432 248058 44183 74 0 0 0 0 0 0 553 312299 18206
23.3 0.17454 -0.224896 5.99716 66638 1.0000007 284136 104990 4 2 546536.06 9.38524 22.1003 23.3 92 1096184 247998 44319 75 0 0 0 0 0 0 553 312350 18333
23.306625 0.17454 -0.224202 5.99718 66640 1.0000007 284096 104940 6 2 542451.87 9.38524 22.1003 23.306625 89 1099959 249416 44511 76 0 0 0 0 0 0 553 312299 18196
23.313375 0.17454 -0.223496 5.99721 66641 1.0000007 284138 105014 6 2 546774.56 9.38524 22.1003 23.313375 91 1101772 250281 44850 77 0 0 0 0 0 0 553 312347 18341
23.32 0.17454 -0.222802 5.99724 66643 1.0000007 284104 104952 5 2 549338.35 9.38524 22.1003 23.32 92 1101463 251610 45056 78 0 0 0 0 0 0 553 312309 18427
23.326625 0.17454 -0.222109 5.99726 66644 1.0000007 284226 105029 5 2 547102.48 9.38524 22.1003 23.326625 92 1102811 251926 45049 79 0 0 0 0 0 0 553 312457 18352
23.333375 0.17454 -0.221402 5.99729 66646 1.0000007 284049 104893 5 2 560398.46 9.38524 22.1003 23.333375 94 1105348 253328 45466 80 0 0 0 0 0 0 553 312268 18798
23.34 0.17454 -0.220709 5.99731 66647 1.0000007 284138 105045 5 2 562664.14 9.38524 22.1003 23.34 91 1105018 254519 45715 81 0 0 0 0 0 0 553 312360 18874
23.346625 0.17454 -0.220015 5.99734 66649 1.0000007 284117 104947 5 2 555091.99 9.38524 22.1003 23.346625 91 1108286 255982 45857 82 0 0 0 0 0 0 553 312341 18620
23.353375 0.17454 -0.219309 5.99737 66650 1.0000007 284070 104986 5 2 563021.88 9.38524 22.1003 23.353375 93 1108996 257237 46144 83 0 0 0 0 0 0 553 312274 18886
23.36 0.17454 -0.218615 5.99739 66652 1.0000007 284002 104886 5 2 572651.02 9.38524 22.1003 23.36 106 1112844 258913 46505 84 0 0 0 0 0 0 553 312219 19209
23.366625 0.17454 -0.217922 5.99742 66653 1.0000007 284038 105005 6 2 575244.63 9.38524 22.1003 23.366625 105 1113482 259734 47089 85 0 0 0 0 0 0 553 312236 19296
23.373375 0.17454 -0.217215 5.99744 66655 1.0000007 283917 104840 4 2 572949.14 9.38524 22.1003 23.373375 101 1114196 261384 47231 86 0 0 0 0 0 0 553 312123 19219
23.38 0.17454 -0.216522 5.99747 66656 1.0000007 284048 104981 5 2 574290.66 9.38524 22.1003 23.38 111 1118351 262841 47451 87 0 0 0 0 0 0 553 312267 19264
23.386625 0.17454 -0.215828 5.99749 66658 1.0000007 284012 104896 4 2 588659.85 9.38524 22.1003 23.386625 112 1119716 265421 48395 88 0 0 0 0 0 0 553 312228 19746
23.393375 0.17454 -0.215122 5.99752 66659 1.0000007 284025 104966 5 2 587109.65 9.38524 22.1003 23.393375 118 1122860 267767 48836 89 0 0 0 0 0 0 553 312270 19694
23.4 0.17454 -0.214428 5.99754 66660 1.0000007 284026 104914 6 2 602730.93 9.38524 22.1003 23.4 122 1122704 268662 49966 90 0 0 0 0 0 0 553 312244 20218
23.406625 0.17454 -0.213735 5.99757 66662 1.0000007 283972 104986 5 2 618888.82 9.38524 22.1003 23.406625 129 1128782 271815 51110 91 0 0 0 0 0 0 553 312207 20760
23.413375 0.17454 -0.213028 5.99759 66663 1.0000007 284030 104938 5 2 627295.69 9.38524 22.1003 23.413375 143 1129988 274350 52322 92 0 0 0 0 0 0 553 312249 21042
23.42 0.17454 -0.212335 5.99762 66665 1.0000007 283981 104985 6 2 646971.34 9.38524 22.1003 23.42 180 1134385 278319 54424 93 0 0 0 0 0 0 553 312200 21702
23.426625 0.17454 -0.211641 5.99764 66666 1.0000007 283736 104678 6 2 677528.23 9.38524 22.1003 23.426625 209 1139115 281542 56671 94 0 0 0 0 0 0 553 311942 22727
23.433375 0.17454 -0.210935 5.99767 66668 1.0000007 283875 104890 7 2 706922.47 9.38524 22.1003 23.433375 270 1141831 286210 59692 95 0 0 0 0 0 0 553 312120 23713
23.44 0.17454 -0.210241 5.99769 66669 1.0000007 283919 104806 5 2 740371.09 9.38524 22.1003 23.44 337 1150136 291655 62648 96 0 0 0 0 0 0 553 312157 24835
23.446625 0.17454 -0.209548 5.99771 66671 1.0000007 283778 104812 6 2 781689.96 9.38524 22.1003 23.446625 421 1155365 297342 66526 97 0 0 0 0 0 0 553 311956 26221
23.453375 0.17454 -0.208841 5.99774 66672 1.0000007 283956 104828 6 2 838182.95 9.38524 22.1003 23.453375 476 1161163 303883 70007 98 0 0 0 0 0 0 553 312189 28116
23.46 0.17454 -0.208148 5.99776 66674 1.0000007 283870 104928 6 2 903142.42 9.38524 22.1003 23.46 597 1166630 309892 73950 99 0 0 0 0 0 0 553 312088 30295
23.466625 0.17454 -0.207454 5.99779 66675 1.0000007 283939 104883 6 2 981636.36 9.38524 22.1003 23.466625 598 1176985 316682 78767 100 0 0 0 0 0 0 553 312169 32928
23.473375 0.17454 -0.206748 5.99781 66677 1.0000007 283867 104860 5 2 1038129.3 9.38524 22.1003 23.473375 654 1181736 322607 81604 101 0 0 0 0 0 0 553 312092 34823
23.48 0.17454 -0.206054 5.99784 66678 1.0000007 284111 104928 5 2 1110571.5 9.38524 22.1003 23.48 746 1191132 328987 85801 102 0 0 0 0 0 0 553 312338 37253
23.486625 0.17454 -0.205361 5.99786 66680 1.0000007 283885 104927 6 2 1187425.8 9.38524 22.1003 23.486625 769 1193896 334811 89297 103 0 0 0 0 0 0 553 312106 39831
23.493375 0.17454 -0.204654 5.99788 66681 1.0000007 284029 104924 5 2 1234200.2 9.38524 22.1003 23.493375 698 1202890 340779 91041 104 0 0 0 0 0 0 553 312289 41400
23.5 0.17454 -0.20396 5.99791 66682 1.0000007 283935 104899 4 2 1273402.5 9.38524 22.1003 23.5 668 1207568 346139 93031 105 0 0 0 0 0 0 553 312167 42715
23.506625 0.17454 -0.203267 5.99793 66684 1.0000007 283880 104841 5 2 1294837 9.38524 22.1003 23.506625 562 1214070 352169 94846 106 0 0 0 0 0 0 553 312092 43434
23.513375 0.17454 -0.20256 5.99795 66685 1.0000007 283921 104919 5 2 1331594.7 9.38524 22.1003 23.513375 514 1219300 357574 96696 107 0 0 0 0 0 0 553 312155 44667
23.52 0.17454 -0.201867 5.99798 66687 1.0000007 284050 104966 5 2 1366235.8 9.38524 22.1003 23.52 502 1229592 366703 100100 108 0 0 0 0 0 0 553 312257 45829
23.526625 0.17454 -0.201173 5.998 66688 1.0000007 283794 104797 5 2 1407942.2 9.38524 22.1003 23.526625 466 1237638 374782 103042 109 0 0 0 0 0 0 553 312037 47228
23.533375 0.17454 -0.200467 5.99803 66690 1.0000007 283960 104974 5 2 1443865.2 9.38524 22.1003 23.533375 473 1248437 385921 106819 110 0 0 0 0 0 0 553 312189 48433
23.54 0.17454 -0.199773 5.99805 66691 1.0000007 283916 104934 5 2 1495677.8 9.38524 22.1003 23.54 544 1260847 398459 111194 111 0 0 0 0 0 0 553 312177 50171
23.546625 0.17454 -0.19908 5.99807 66693 1.0000007 283905 104869 5 2 1548027 9.38524 22.1003 23.546625 799 1277395 414143 117902 112 0 0 0 0 0 0 553 312140 51927
23.553375 0.17454 -0.198373 5.99809 66694 1.0000007 283673 104748 4 2 1623778.2 9.38524 22.1003 23.553375 1203 1296348 433835 125035 113 0 0 0 0 0 0 553 311924 54468
23.56 0.17454 -0.197679 5.99812 66696 1.0000007 283674 104730 6 2 1734647.6 9.38524 22.1003 23.56 1846 1321206 458856 134816 114 0 0 0 0 0 0 553 311912 58187
23.566625 0.17454 -0.196986 5.99814 66697 1.0000007 283670 104730 5 2 1855742.3 9.38524 22.1003 23.566625 2849 1353832 490107 146446 115 0 0 0 0 0 0 553 311891 62249
23.573375 0.17454 -0.196279 5.99816 66699 1.0000007 283759 104750 5 2 2024654.8 9.38524 22.1003 23.573375 3933 1392727 527212 162858 116 0 0 0 0 0 0 553 311996 67915
23.58 0.17454 -0.195586 5.99819 66700 1.0000007 283580 104696 4 2 2203315.7 9.38524 22.1003 23.58 4890 1432748 569049 181504 117 0 0 0 0 0 0 553 311828 73908
23.586625 0.17454 -0.194892 5.99821 66702 1.0000007 283702 104794 4 2 2435011.5 9.38524 22.1003 23.586625 6252 1482741 618249 204340 118 0 0 0 0 0 0 553 311939 81680
23.593375 0.17454 -0.194185 5.99823 66703 1.0000007 283478 104559 5 2 2724422.5 9.38524 22.1003 23.593375 7604 1537429 673483 232496 119 0 0 0 0 0 0 553 311695 91388
23.6 0.17454 -0.193492 5.99825 66705 1.0000007 283695 104773 4 2 3078852.6 9.38524 22.1003 23.6 8889 1605948 738592 267076 120 0 0 0 0 0 0 553 311933 103277
23.606625 0.17454 -0.192798 5.99828 66706 1.0000007 283342 104509 4 2 3544271.3 9.38524 22.1003 23.606625 10201 1678303 815754 311736 121 0 0 0 0 0 0 553 311559 118889
23.613375 0.17454 -0.192092 5.9983 66708 1.0000007 283454 104621 4 2 4147389.8 9.38524 22.1003 23.613375 12272 1780878 916123 369890 122 0 0 0 0 0 0 553 311704 139120
23.62 0.17454 -0.191398 5.99832 66709 1.0000007 283393 104509 5 2 4925651.4 9.38524 22.1003 23.62 14614 1896503 1032333 443529 123 0 0 0 0 0 0 553 311618 165226
23.626625 0.17454 -0.190704 5.99834 66711 1.0000007 283494 104638 4 2 5828793.8 9.38524 22.1003 23.626625 17773 2037787 1174697 540393 124 0 0 0 0 0 0 553 311749 195521
23.633375 0.17454 -0.189998 5.99837 66712 1.0000007 283334 104479 4 2 7034822.1 9.38524 22.1003 23.633375 18143 2207998 1344524 672800 125 0 0 0 0 0 0 553 311585 235976
23.64 0.17454 -0.189304 5.99839 66714 1.0000007 283348 104502 5 2 8437368.5 9.38524 22.1003 23.64 19959 2416220 1551239 850420 126 0 0 0 0 0 0 553 311614 283023
23.646625 0.17454 -0.188611 5.99841 66715 1.0000007 283268 104451 6 2 10085652 9.38524 22.1003 23.646625 18453 2678405 1813562 1087749 127 0 0 0 0 0 0 553 311534 338313
23.653375 0.17454 -0.187904 5.99843 66717 1.0000007 283536 104592 7 2 12182779 9.38524 22.1003 23.653375 23870 3039617 2173612 1418684 128 0 0 0 0 0 0 553 311802 408659
23.66 0.17454 -0.18721 5.99845 66718 1.0000007 283141 104301 5 2 14589946 9.38524 22.1003 23.66 34501 3454266 2590149 1811155 129 0 0 0 0 0 0 553 311413 489405
23.666625 0.17454 -0.186517 5.99848 66720 1.0000007 283184 104388 5 2 17488886 9.38524 22.1003 23.666625 45197 3937578 3072655 2268878 130 0 0 0 0 0 0 553 311421 586647
23.673375 0.17454 -0.18581 5.9985 66721 1.0000007 283241 104391 6 2 20967363 9.38524 22.1003 23.673375 55170 4457305 3592004 2769323 131 0 0 0 0 0 0 553 311496 703329
23.68 0.17454 -0.185116 5.99852 66723 1.0000007 283051 104319 5 2 24921186 9.38524 22.1003 23.68 57525 4942578 4076761 3246046 132 0 0 0 0 0 0 553 311279 835956
23.686625 0.17454 -0.184423 5.99854 66724 1.0000007 283155 104360 6 2 29491602 9.38524 22.1003 23.686625 65473 5368432 4502165 3670569 133 0 0 0 0 0 0 553 311439 989266
23.693375 0.17454 -0.183716 5.99856 66726 1.0000007 283096 104312 5 2 34450136 9.38524 22.1003 23.693375 75571 5683197 4817798 3988126 134 0 0 0 0 0 0 553 311354 1155595
23.7 0.17454 -0.183023 5.99858 66727 1.0000007 282875 104127 5 2 38980396 9.38524 22.1003 23.7 77769 5861025 4993872 4171731 135 0 0 0 0 0 0 553 311123 1307558
23.706625 0.17454 -0.182329 5.9986 66729 1.0000007 283073 104253 5 2 43146716 9.38524 22.1003 23.706625 75647 5969786 5103980 4276608 136 0 0 0 0 0 0 553 311344 1447313
23.713375 0.17454 -0.181622 5.99863 66730 1.0000007 282834 104060 5 2 45885776 9.38524 22.1003 23.713375 76601 5964369 5098700 4263663 137 0 0 0 0 0 0 553 311104 1539192
23.72 0.17454 -0.180929 5.99865 66732 1.0000007 282804 104130 6 2 47526696 9.38524 22.1003 23.72 77687 5921297 5055782 4205421 138 0 0 0 0 0 0 553 311056 1594235
23.726625 0.17454 -0.180235 5.99867 66733 1.0000007 282888 104122 5 2 48049920 9.38524 22.1003 23.726625 82104 5834063 4968110 4101770 139 0 0 0 0 0 0 553 311167 1611786
23.733375 0.17454 -0.179528 5.99869 66735 1.0000007 282743 104069 6 2 47520287 9.38524 22.1003 23.733375 84424 5681878 4816659 3944306 140 0 0 0 0 0 0 553 310996 1594020
23.74 0.17454 -0.178835 5.99871 66736 1.0000007 282790 103996 6 2 46447814 9.38524 22.1003 23.74 84831 5515027 4651321 3784335 141 0 0 0 0 0 0 553 311065 1558045
23.746625 0.17454 -0.178141 5.99873 66738 1.0000007 282687 104034 4 2 45206012 9.38524 22.1003 23.746625 81269 5352576 4488395 3643414 142 0 0 0 0 0 0 553 310969 1516390
23.753375 0.17454 -0.177434 5.99875 66739 1.0000007 282502 103774 6 2 43600240 9.38524 22.1003 23.753375 89420 5174546 4310677 3504792 143 0 0 0 0 0 0 553 310783 1462526
23.76 0.17454 -0.176741 5.99877 66741 1.0000007 282539 103902 4 2 42177362 9.38524 22.1003 23.76 92676 5008045 4143531 3382065 144 0 0 0 0 0 0 553 310820 1414797
23.766625 0.17454 -0.176047 5.99879 66742 1.0000007 282422 103754 6 2 40526396 9.38524 22.1003 23.766625 84084 4816341 3954119 3241228 145 0 0 0 0 0 0 553 310703 1359417
23.773375 0.17454 -0.17534 5.99881 66743 1.0000007 282175 103652 6 2 39045087 9.38524 22.1003 23.773375 67379 4629679 3767543 3094843 146 0 0 0 0 0 0 553 310428 1309728
23.78 0.17454 -0.174647 5.99883 66745 1.0000007 282261 103705 5 2 37823438 9.38524 22.1003 23.78 50146 4481840 3619555 2977309 147 0 0 0 0 0 0 553 310540 1268749
23.786625 0.17454 -0.173953 5.99885 66746 1.0000007 282329 103804 5 2 37149397 9.38524 22.1003 23.786625 36869 4382720 3518999 2904035 148 0 0 0 0 0 0 553 310632 1246139
23.793375 0.17454 -0.173246 5.99887 66748 1.0000007 282369 103702 5 2 36516706 9.38524 22.1003 23.793375 30008 4309978 3448401 2856285 149 0 0 0 0 0 0 553 310677 1224916
23.8 0.17454 -0.172553 5.99889 66749 1.0000007 282084 103606 5 2 35965549 9.38524 22.1003 23.8 35166 4266867 3406426 2837081 150 0 0 0 0 0 0 553 310402 1206428
23.806625 0.17454 -0.171859 5.99891 66751 1.0000007 282034 103498 6 2 35611268 9.38524 22.1003 23.806625 41954 4224592 3363102 2812692 151 0 0 0 0 0 0 553 310317 1194544
23.813375 0.17454 -0.171152 5.99893 66752 1.0000007 282036 103548 5 2 35418774 9.38524 22.1003 23.813375 44363 4139344 3279906 2745672 152 0 0 0 0 0 0 553 310316 1188087
23.82 0.17454 -0.170459 5.99895 66754 1.0000007 282094 103487 6 2 35023443 9.38524 22.1003 23.82 38887 3988130 3125138 2608660 153 0 0 0 0 0 0 553 310402 1174826
23.826625 0.17454 -0.169765 5.99897 66755 1.0000007 281896 103434 5 2 34243720 9.38524 22.1003 23.826625 30382 3787625 2929071 2427642 154 0 0 0 0 0 0 553 310183 1148671
23.833375 0.17454 -0.169058 5.99899 66757 1.0000007 282708 103748 5 2 33222464 9.38524 22.1003 23.833375 21160 3601917 2739429 2252439 155 0 0 0 0 0 0 553 311012 1114414
23.84 0.17454 -0.168365 5.99901 66758 1.0000007 282563 103675 4 2 32060050 9.38524 22.1003 23.84 16614 3453889 2591998 2116857 156 0 0 0 0 0 0 553 310867 1075422
23.846625 0.17454 -0.167671 5.99903 66760 1.0000007 282567 103592 5 2 30712208 9.38524 22.1003 23.846625 16545 3325261 2463278 2001698 157 0 0 0 0 0 0 553 310883 1030210
23.853375 0.17454 -0.166964 5.99905 66761 1.0000007 282408 103565 6 2 29455769 9.38524 22.1003 23.853375 16382 3223455 2361853 1908418 158 0 0 0 0 0 0 553 310704 988064
23.86 0.17454 -0.166271 5.99907 66763 1.0000007 282603 103667 6 2 28132611 9.38524 22.1003 23.86 16242 3129132 2266167 1822927 159 0 0 0 0 0 0 553 310920 943680
23.866625 0.17454 -0.165577 5.99909 66764 1.0000007 282407 103509 5 2 26505821 9.38524 22.1003 23.866625 16033 3028202 2166586 1732857 160 0 0 0 0 0 0 553 310719 889111
23.873375 0.17454 -0.16487 5.99911 66765 1.0000007 282416 103537 5 2 25240409 9.38524 22.1003 23.873375 15728 2944783 2086223 1659125 161 0 0 0 0 0 0 553 310707 846664
23.88 0.17454 -0.164177 5.99913 66767 1.0000007 282249 103458 6 2 23993747 9.38524 22.1003 23.88 14977 2859543 2000517 1582742 162 0 0 0 0 0 0 553 310551 804846
23.886625 0.17454 -0.163483 5.99915 66768 1.0000007 282434 103568 6 2 22958211 9.38524 22.1003 23.886625 14233 2776838 1916226 1506314 163 0 0 0 0 0 0 553 310747 770110
23.893375 0.17454 -0.162776 5.99917 66770 1.0000007 282205 103402 5 2 21808318 9.38524 22.1003 23.893375 13472 2692825 1832345 1428062 164 0 0 0 0 0 0 553 310513 731538
23.9 0.17454 -0.162083 5.99919 66771 1.0000007 282358 103535 5 2 20696912 9.38524 22.1003 23.9 12410 2603514 1744906 1345635 165 0 0 0 0 0 0 553 310671 694257
23.906625 0.17454 -0.161389 5.9992 66773 1.0000007 282121 103331 5 2 19461191 9.38524 22.1003 23.906625 11324 2507481 1648635 1254326 166 0 0 0 0 0 0 553 310430 652806
23.913375 0.17454 -0.160682 5.99922 66774 1.0000007 282395 103507 6 2 18230419 9.38524 22.1003 23.913375 9938 2415184 1554818 1163121 167 0 0 0 0 0 0 553 310719 611521
23.92 0.17454 -0.159988 5.99924 66776 1.0000007 282070 103291 5 2 16904221 9.38524 22.1003 23.92 8536 2317794 1460314 1070197 168 0 0 0 0 0 0 553 310386 567035
23.926625 0.17454 -0.159295 5.99926 66777 1.0000007 282274 103421 6 2 15567409 9.38524 22.1003 23.926625 7398 2228643 1368807 976955 169 0 0 0 0 0 0 553 310609 522193
23.933375 0.17454 -0.158588 5.99928 66779 1.0000007 282126 103281 6 2 14201680 9.38524 22.1003 23.933375 6146 2138475 1280038 885710 170 0 0 0 0 0 0 553 310433 476381
23.94 0.17454 -0.157894 5.9993 66780 1.0000007 282112 103400 5 2 12954273 9.38524 22.1003 23.94 4967 2058531 1202213 802536 171 0 0 0 0 0 0 553 310409 434538
23.946625 0.17454 -0.157201 5.99932 66782 1.0000007 282063 103231 5 2 11728032 9.38524 22.1003 23.946625 4026 1990346 1131643 724815 172 0 0 0 0 0 0 553 310364 393405
23.953375 0.17454 -0.156494 5.99933 66783 1.0000007 282173 103390 5 2 10529397 9.38524 22.1003 23.953375 3273 1922659 1064323 649238 173 0 0 0 0 0 0 553 310488 353198
23.96 0.17454 -0.1558 5.99935 66785 1.0000007 282077 103278 6 2 9439992.2 9.38524 22.1003 23.96 3022 1866835 1009378 585769 174 0 0 0 0 0 0 553 310385 316655
23.966625 0.17454 -0.155106 5.99937 66786 1.0000007 281940 103286 5 2 8457789.4 9.38524 22.1003 23.966625 3558 1818156 963071 528580 175 0 0 0 0 0 0 553 310239 283708
23.973375 0.17454 -0.1544 5.99939 66788 1.0000007 282207 103343 5 2 7518694.2 9.38524 22.1003 23.973375 3972 1779166 921554 476207 176 0 0 0 0 0 0 553 310530 252207
23.98 0.17454 -0.153706 5.99941 66789 1.0000007 282083 103379 5 2 6708295.7 9.38524 22.1003 23.98 4166 1743797 886851 432830 177 0 0 0 0 0 0 553 310412 225023
23.986625 0.17454 -0.153012 5.99942 66791 1.0000007 282130 103313 5 2 6076677.3 9.38524 22.1003 23.986625 4023 1714105 857468 398346 178 0 0 0 0 0 0 553 310448 203836
23.993375 0.17454 -0.152305 5.99944 66792 1.0000007 282128 103416 5 2 5458712.6 9.38524 22.1003 23.993375 4064 1686975 830678 370114 179 0 0 0 0 0 0 553 310456 183107
24 0.17454 -0.151612 5.99946 66794 1.0000007 282277 103401 7 2 4966046.1 9.38524 22.1003 24 3729 1660925 802588 344660 180 0 0 0 0 0 0 553 310609 166581
24.006625 0.17454 -0.150918 5.99948 66795 1.0000007 282321 103488 6 2 4539472 9.38524 22.1003 24.006625 3180 1631095 774178 324471 181 0 0 0 0 0 0 553 310658 152272
24.013375 0.17454 -0.150211 5.99949 66797 1.0000007 282219 103415 7 2 4177976.5 9.38524 22.1003 24.013375 3169 1602311 745942 306816 182 0 0 0 0 0 0 553 310558 140146
24.02 0.17454 -0.149517 5.99951 66798 1.0000007 282399 103597 6 2 3832698.5 9.38524 22.1003 24.02 3281 1574551 717430 290129 183 0 0 0 0 0 0 553 310736 128564
24.026625 0.17454 -0.148824 5.99953 66800 1.0000007 282303 103460 6 2 3575782.2 9.38524 22.1003 24.026625 3325 1542856 687256 275831 184 0 0 0 0 0 0 553 310615 119946
24.033375 0.17454 -0.148117 5.99955 66801 1.0000007 282263 103530 6 2 3348438.9 9.38524 22.1003 24.033375 3219 1512373 657584 261854 185 0 0 0 0 0 0 553 310571 112320
24.04 0.17454 -0.147423 5.99956 66803 1.0000007 282478 103614 6 2 3081804 9.38524 22.1003 24.04 3098 1481512 624789 244581 186 0 0 0 0 0 0 553 310790 103376
24.046625 0.17454 -0.14673 5.99958 66804 1.0000007 282378 103665 5 2 2865669.9 9.38524 22.1003 24.046625 2881 1450232 596066 229108 187 0 0 0 0 0 0 553 310702 96126
24.053375 0.17454 -0.146023 5.9996 66806 1.0000007 282495 103615 6 2 2609439.2 9.38524 22.1003 24.053375 2658 1417734 562055 210830 188 0 0 0 0 0 0 553 310836 87531
24.06 0.17454 -0.145329 5.99961 66807 1.0000007 282487 103684 6 2 2374941.1 9.38524 22.1003 24.06 2188 1386004 531578 193894 189 0 0 0 0 0 0 553 310807 79665
24.066625 0.17454 -0.144635 5.99963 66809 1.0000007 282483 103623 4 2 2114328.1 9.38524 22.1003 24.066625 1682 1354493 500142 176542 190 0 0 0 0 0 0 553 310823 70923
24.073375 0.17454 -0.143928 5.99965 66810 1.0000007 282504 103781 5 2 1920880.6 9.38524 22.1003 24.073375 1179 1330285 474196 163181 191 0 0 0 0 0 0 553 310842 64434
24.08 0.17454 -0.143235 5.99966 66811 1.0000007 282672 103773 5 2 1716283.6 9.38524 22.1003 24.08 1248 1307042 452836 151155 192 0 0 0 0 0 0 553 311032 57571
24.086625 0.17454 -0.142541 5.99968 66813 1.0000007 282649 103883 5 2 1524326.7 9.38524 22.1003 24.086625 1325 1290175 434252 141009 193 0 0 0 0 0 0 553 310983 51132
24.093375 0.17454 -0.141834 5.9997 66814 1.0000007 282664 103763 6 2 1392857.6 9.38524 22.1003 24.093375 1488 1274445 419857 133210 194 0 0 0 0 0 0 553 310983 46722
24.1 0.17454 -0.14114 5.99971 66816 1.0000007 280151 102863 5 2 1252623.8 9.38524 22.1003 24.1 1619 1248753 405144 124850 195 0 0 0 0 0 0 553 308343 42018
24.106625 0.17454 -0.140447 5.99973 66817 1.0000007 283505 104151 6 2 1142797.9 9.38524 22.1003 24.106625 1791 1256172 400144 119967 196 0 0 0 0 0 0 553 311847 38334
24.113375 0.17454 -0.13974 5.99975 66819 1.0000007 283518 104269 5 2 1053750.6 9.38524 22.1003 24.113375 1961 1250034 393058 115016 197 0 0 0 0 0 0 553 311836 35347
24.12 0.17454 -0.139046 5.99976 66820 1.0000007 283525 104246 5 2 977820.48 9.38524 22.1003 24.12 2108 1243049 387719 110663 198 0 0 0 0 0 0 553 311847 32800
24.126625 0.17454 -0.138352 5.99978 66822 1.0000007 283621 104370 5 2 924427.9 9.38524 22.1003 24.126625 2232 1236852 381538 105822 199 0 0 0 0 0 0 553 311948 31009
24.133375 0.17454 -0.137646 5.9998 66823 1.0000007 283584 104300 5 2 864506.59 9.38524 22.1003 24.133375 2501 1229625 376091 101959 200 0 0 0 0 0 0 553 311894 28999
24.14 0.17454 -0.136952 5.99981 66825 1.0000007 283470 104272 5 2 816509.91 9.38524 22.1003 24.14 2513 1224781 370349 97790 201 0 0 0 0 0 0 553 311777 27389
24.146625 0.17454 -0.136258 5.99983 66826 1.0000007 283615 104369 6 2 783180.54 9.38524 22.1003 24.146625 2795 1217759 365877 93594 202 0 0 0 0 0 0 553 311940 26271
24.153375 0.17454 -0.135551 5.99984 66828 1.0000007 283534 104270 5 2 737032.19 9.38524 22.1003 24.153375 2858 1213009 359135 88569 203 0 0 0 0 0 0 553 311862 24723
24.16 0.17454 -0.134857 5.99986 66829 1.0000007 283633 104344 5 2 706177.18 9.38524 22.1003 24.16 3089 1205738 353853 84476 204 0 0 0 0 0 0 553 311964 23688
24.166625 0.17454 -0.134164 5.99987 66831 1.0000007 283602 104364 5 2 676723.32 9.38524 22.1003 24.166625 2883 1199797 346498 78972 205 0 0 0 0 0 0 553 311919 22700
24.173375 0.17454 -0.133457 5.99989 66832 1.0000007 283580 104319 5 2 668405.88 9.38524 22.1003 24.173375 2742 1193535 339308 74685 206 0 0 0 0 0 0 553 311909 22421
24.18 0.17454 -0.132763 5.99991 66834 1.0000007 283509 104310 5 2 650787.23 9.38524 22.1003 24.18 2586 1181756 331223 70255 207 0 0 0 0 0 0 553 311815 21830
24.186625 0.17454 -0.132069 5.99992 66835 1.0000007 283577 104317 6 2 638773.15 9.38524 22.1003 24.186625 2255 1173635 323718 66127 208 0 0 0 0 0 0 553 311891 21427
24.193375 0.17454 -0.131363 5.99994 66837 1.0000007 283421 104232 6 2 623867.35 9.38524 22.1003 24.193375 1871 1165232 314765 62107 209 0 0 0 0 0 0 553 311757 20927
24.2 0.17454 -0.130669 5.99995 66838 1.0000007 283498 104295 5 2 617010.69 9.38524 22.1003 24.2 1662 1158103 307450 59228 210 0 0 0 0 0 0 553 311802 20697
24.206625 0.17454 -0.129975 5.99997 66840 1.0000007 283439 104225 5 2 605294.73 9.38524 22.1003 24.206625 1355 1147655 299836 56791 211 0 0 0 0 0 0 553 311750 20304
24.213375 0.17454 -0.129268 5.99998 66841 1.0000007 283532 104337 5 2 589166.65 9.38524 22.1003 24.213375 1111 1140347 291165 53708 212 0 0 0 0 0 0 553 311867 19763
24.22 0.17454 -0.128574 6 66843 1.0000007 283393 104210 6 2 584814.16 9.38524 22.1003 24.22 862 1132662 285401 52253 213 0 0 0 0 0 0 553 311728 19617
24.226625 0.17454 -0.127881 6.00001 66844 1.0000007 283498 104306 5 2 572740.46 9.38524 22.1003 24.226625 627 1128376 280082 50372 214 0 0 0 0 0 0 553 311836 19212
24.233375 0.17454 -0.127174 6.00003 66846 1.0000007 283427 104259 6 2 577450.69 9.38524 22.1003 24.233375 444 1122503 275543 49617 215 0 0 0 0 0 0 553 311794 19370
24.24 0.17454 -0.12648 6.00004 66847 1.0000007 283406 104245 5 2 580133.74 9.38524 22.1003 24.24 360 1118417 271142 48980 216 0 0 0 0 0 0 553 311738 19460
24.246625 0.17454 -0.125786 6.00006 66849 1.0000007 283276 104167 5 2 571875.92 9.38524 22.1003 24.246625 257 1112622 267094 47985 217 0 0 0 0 0 0 553 311594 19183
24.253375 0.17454 -0.125079 6.00007 66850 1.0000007 283229 104142 5 2 567374.37 9.38524 22.1003 24.253375 189 1110933 264032 47441 218 0 0 0 0 0 0 553 311561 19032
24.26 0.17454 -0.124386 6.00009 66852 1.0000007 283143 104062 4 2 553362.92 9.38524 22.1003 24.26 151 1105340 261475 46677 219 0 0 0 0 0 0 553 311508 18562
24.266625 0.17454 -0.123692 6.0001 66853 1.0000007 283313 104159 5 2 556195.02 9.38524 22.1003 24.266625 134 1105630 260185 45936 220 0 0 0 0 0 0 553 311650 18657
24.273375 0.17454 -0.122985 6.00011 66855 1.0000007 283069 103990 5 2 553839.9 9.38524 22.1003 24.273375 118 1100880 257377 45760 221 0 0 0 0 0 0 553 311405 18578
24.28 0.17454 -0.122291 6.00013 66856 1.0000007 283299 104125 6 2 553124.43 9.38524 22.1003 24.28 106 1100673 256286 45649 222 0 0 0 0 0 0 553 311638 18554
24.286625 0.17454 -0.121597 6.00014 66858 1.0000007 283188 104073 5 2 545790.77 9.38524 22.1003 24.286625 98 1098731 254893 45163 223 0 0 0 0 0 0 553 311532 18308
24.293375 0.17454 -0.12089 6.00016 66859 1.0000007 283306 104178 6 2 553273.48 9.38524 22.1003 24.293375 96 1099007 254263 45787 224 0 0 0 0 0 0 553 311656 18559
24.3 0.17454 -0.120197 6.00017 66861 1.0000007 283078 103963 6 2 542690.37 9.38524 22.1003 24.3 93 1093250 251912 44394 225 0 0 0 0 0 0 553 311405 18204
24.306625 0.17454 -0.119503 6.00018 66862 1.0000007 283098 104060 5 2 543793.4 9.38524 22.1003 24.306625 90 1092181 251091 44891 226 0 0 0 0 0 0 553 311443 18241
24.313375 0.17454 -0.118796 6.0002 66864 1.0000007 283158 104031 5 2 541319.03 9.38524 22.1003 24.313375 88 1091470 250106 44366 227 0 0 0 0 0 0 553 311520 18158
24.32 0.17454 -0.118102 6.00021 66865 1.0000007 283010 103990 6 2 538755.24 9.38524 22.1003 24.32 95 1091596 249235 44376 228 0 0 0 0 0 0 553 311323 18072
24.326625 0.17454 -0.117408 6.00023 66867 1.0000007 283017 103923 6 2 536578.99 9.38524 22.1003 24.326625 86 1088701 248393 44185 229 0 0 0 0 0 0 553 311357 17999
24.333375 0.17454 -0.116702 6.00024 66868 1.0000007 283070 104022 5 2 530706.1 9.38524 22.1003 24.333375 92 1088073 246207 43472 230 0 0 0 0 0 0 553 311403 17802
24.34 0.17454 -0.116008 6.00025 66870 1.0000007 282902 103870 6 2 535952.94 9.38524 22.1003 24.34 89 1086870 246274 43818 231 0 0 0 0 0 0 553 311226 17978
24.346625 0.17454 -0.115314 6.00027 66871 1.0000007 283090 104025 5 2 536370.31 9.38524 22.1003 24.346625 92 1087950 246326 43880 232 0 0 0 0 0 0 553 311408 17992
24.353375 0.17454 -0.114607 6.00028 66872 1.0000007 282999 103911 4 2 529245.33 9.38524 22.1003 24.353375 89 1083093 244261 43213 233 0 0 0 0 0 0 553 311321 17753
24.36 0.17454 -0.113913 6.00029 66874 1.0000007 282978 103923 5 2 532435.18 9.38524 22.1003 24.36 89 1083529 244200 43431 234 0 0 0 0 0 0 553 311305 17860
24.366625 0.17454 -0.113219 6.00031 66876 1.0000007 282807 103732 5 2 529424.2 9.38524 22.1003 24.366625 94 1081597 243395 43192 235 0 0 0 0 0 0 553 311130 17759
24.373375 0.17454 -0.112513 6.00032 66877 1.0000007 283613 104287 4 2 535714.45 9.38524 22.1003 24.373375 85 1083174 242749 43330 236 0 0 0 0 0 0 553 311956 17970
24.38 0.17454 -0.111819 6.00033 66879 1.0000007 283535 104116 5 2 523700.38 9.38524 22.1003 24.38 91 1082167 243194 42957 237 0 0 0 0 0 0 553 311869 17567
24.386625 0.17454 -0.111125 6.00035 66880 1.0000007 283656 104304 4 2 528887.6 9.38524 22.1003 24.386625 88 1082596 242253 43198 238 0 0 0 0 0 0 553 312005 17741
24.393375 0.17454 -0.110418 6.00036 66882 1.0000007 283452 104094 5 2 534849.92 9.38524 22.1003 24.393375 89 1078071 241034 43031 239 0 0 0 0 0 0 553 311800 17941
24.4 0.17454 -0.109724 6.00037 66883 1.0000007 283533 104217 5 2 521494.32 9.38524 22.1003 24.4 93 1077758 240445 42660 240 0 0 0 0 0 0 553 311856 17493
24.406625 0.17454 -0.10903 6.00038 66885 1.0000007 283544 104167 6 2 522716.59 9.38524 22.1003 24.406625 96 1076471 239805 42659 241 0 0 0 0 0 0 553 311897 17534
24.413375 0.17454 -0.108324 6.0004 66886 1.0000007 283584 104250 5 2 521047.14 9.38524 22.1003 24.413375 88 1075722 240270 42584 242 0 0 0 0 0 0 553 311929 17478
24.42 0.17454 -0.10763 6.00041 66888 1.0000007 283654 104220 5 2 520570.16 9.38524 22.1003 24.42 87 1075804 238585 42633 243 0 0 0 0 0 0 553 312010 17462
24.426625 0.17454 -0.106936 6.00042 66889 1.0000007 283600 104292 5 2 524117.74 9.38524 22.1003 24.426625 89 1075760 238774 42603 244 0 0 0 0 0 0 553 311950 17581
24.433375 0.17454 -0.106229 6.00043 66891 1.0000007 283545 104197 5 2 520212.42 9.38524 22.1003 24.433375 90 1072108 237867 42580 245 0 0 0 0 0 0 553 311896 17450
24.44 0.17454 -0.105535 6.00045 66892 1.0000007 283567 104243 6 2 521136.58 9.38524 22.1003 24.44 86 1071714 237024 42501 246 0 0 0 0 0 0 553 311934 17481
24.446625 0.17454 -0.104841 6.00046 66894 1.0000007 283543 104143 6 2 525518.88 9.38524 22.1003 24.446625 89 1072582 237457 42552 247 0 0 0 0 0 0 553 311898 17628
24.453375 0.17454 -0.104134 6.00047 66895 1.0000007 283644 104375 6 2 520033.55 9.38524 22.1003 24.453375 96 1072249 237633 42423 248 0 0 0 0 0 0 553 312024 17444
24.46 0.17454 -0.103441 6.00048 66897 1.0000007 283695 104277 5 2 517410.13 9.38524 22.1003 24.46 90 1071603 236312 42309 249 0 0 0 0 0 0 553 312049 17356
24.466625 0.17454 -0.102747 6.00049 66898 1.0000007 283607 104349 5 2 521494.32 9.38524 22.1003 24.466625 89 1071668 236744 42346 250 0 0 0 0 0 0 553 311932 17493
24.473375 0.17454 -0.10204 6.00051 66899 1.0000007 283648 104243 5 2 517141.83 9.38524 22.1003 24.473375 91 1070085 234803 41886 251 0 0 0 0 0 0 553 312007 17347
24.48 0.17454 -0.101346 6.00052 66901 1.0000007 283798 104431 6 2 518662.22 9.38524 22.1003 24.48 90 1071408 236471 42477 252 0 0 0 0 0 0 553 312164 17398
24.486625 0.17454 -0.100652 6.00053 66902 1.0000007 283695 104299 6 2 518870.9 9.38524 22.1003 24.486625 92 1069697 235153 42331 253 0 0 0 0 0 0 553 312058 17405
24.493375 0.17454 -0.0999453 6.00054 66904 1.0000007 283768 104446 6 2 527397.02 9.38524 22.1003 24.493375 88 1069816 235582 42337 254 0 0 0 0 0 0 553 312093 17691
24.5 0.17454 -0.0992515 6.00055 66906 1.0000007 283823 104421 6 2 520361.48 9.38524 22.1003 24.5 93 1065628 234112 42373 255 0 0 0 0 0 0 553 312182 17455
24.506625 0.17454 -0.0985576 6.00056 66907 1.0000007 283843 104559 6 2 517290.88 9.38524 22.1003 24.506625 91 1067515 234055 41934 256 0 0 0 0 0 0 553 312194 17352
24.513375 0.17454 -0.0978507 6.00058 66908 1.0000007 283875 104478 5 2 516217.67 9.38524 22.1003 24.513375 90 1066771 234334 42214 257 0 0 0 0 0 0 553 312202 17316
24.52 0.17454 -0.0971569 6.00059 66910 1.0000007 284133 104717 6 2 514637.65 9.38524 22.1003 24.52 96 1065780 233430 41744 258 0 0 0 0 0 0 553 312499 17263
24.526625 0.17454 -0.096463 6.0006 66911 1.0000007 284153 104625 5 2 515204.07 9.38524 22.1003 24.526625 91 1065850 234324 41856 259 0 0 0 0 0 0 553 312520 17282
24.533375 0.17454 -0.0957561 6.00061 66913 1.0000007 284172 104827 5 2 515114.64 9.38524 22.1003 24.533375 90 1067578 233655 41985 260 0 0 0 0 0 0 553 312527 17279
24.54 0.17454 -0.0950622 6.00062 66914 1.0000007 284202 104694 6 2 518334.29 9.38524 22.1003 24.54 92 1064914 234071 42210 261 0 0 0 0 0 0 553 312535 17387
24.546625 0.17454 -0.0943684 6.00063 66916 1.0000007 284216 104867 6 2 514011.61 9.38524 22.1003 24.546625 92 1064501 232905 41731 262 0 0 0 0 0 0 553 312570 17242
24.553375 0.17454 -0.0936615 6.00064 66918 1.0000007 284330 104814 7 2 516515.78 9.38524 22.1003 24.553375 90 1067070 233430 41908 263 0 0 0 0 0 0 553 312675 17326
24.56 0.17454 -0.0929676 6.00065 66919 1.0000007 284446 104916 5 2 511239.13 9.38524 22.1003 24.56 98 1064383 232949 41663 264 0 0 0 0 0 0 553 312777 17149
24.566625 0.17454 -0.0922738 6.00066 66921 1.0000007 284378 104851 6 2 516038.8 9.38524 22.1003 24.566625 98 1064722 233488 41884 265 0 0 0 0 0 0 553 312714 17310
24.573375 0.17454 -0.0915669 6.00068 66922 1.0000007 284558 105093 6 2 513653.87 9.38524 22.1003 24.573375 92 1064173 232831 41860 266 0 0 0 0 0 0 553 312902 17230
24.58 0.17454 -0.090873 6.00069 66924 1.0000007 284643 105080 6 2 514250.1 9.38524 22.1003 24.58 89 1064563 233362 41704 267 0 0 0 0 0 0 553 313009 17250
24.586625 0.17454 -0.0901792 6.0007 66925 1.0000007 284624 105159 6 2 513027.82 9.38524 22.1003 24.586625 94 1062373 231834 41550 268 0 0 0 0 0 0 553 312970 17209
24.593375 0.17454 -0.0894722 6.00071 66927 1.0000007 284800 105207 5 2 516545.59 9.38524 22.1003 24.593375 85 1061244 231659 41805 269 0 0 0 0 0 0 553 313131 17327
24.6 0.17454 -0.0887784 6.00072 66928 1.0000007 284820 105303 6 2 508913.82 9.38524 22.1003 24.6 91 1063202 231792 41547 270 0 0 0 0 0 0 553 313152 17071
24.606625 0.17454 -0.0880845 6.00073 66930 1.0000007 284689 105152 5 2 514637.65 9.38524 22.1003 24.606625 88 1062373 231586 41637 271 0 0 0 0 0 0 553 313010 17263
24.613375 0.17454 -0.0873776 6.00074 66931 1.0000007 284782 105345 5 2 509569.68 9.38524 22.1003 24.613375 92 1064136 231900 41483 272 0 0 0 0 0 0 553 313105 17093
24.62 0.17454 -0.0866837 6.00075 66933 1.0000007 284881 105331 6 2 520272.04 9.38524 22.1003 24.62 91 1062763 232291 41693 273 0 0 0 0 0 0 553 313231 17452
24.626625 0.17454 -0.0859899 6.00076 66934 1.0000007 285050 105546 5 2 516336.91 9.38524 22.1003 24.626625 91 1061616 231083 41629 274 0 0 0 0 0 0 553 313391 17320
24.633375 0.17454 -0.0852829 6.00077 66936 1.0000007 284810 105435 5 2 505097.94 9.38524 22.1003 24.633375 94 1057262 230539 41338 275 0 0 0 0 0 0 553 312308 16943
24.64 0.17454 -0.0845891 6.00078 66937 1.0000007 285446 105789 6 2 513951.98 9.38524 22.1003 24.64 96 1064194 232152 41911 276 0 0 0 0 0 0 553 313791 17240
24.646625 0.17454 -0.0838952 6.00079 66939 1.0000007 285614 105840 5 2 509987.04 9.38524 22.1003 24.646625 92 1061912 230331 41374 277 0 0 0 0 0 0 553 313951 17107
24.653375 0.17454 -0.0831882 6.0008 66940 1.0000007 285506 105879 5 2 510344.78 9.38524 22.1003 24.653375 88 1063083 232108 41660 278 0 0 0 0 0 0 553 313815 17119
24.66 0.17454 -0.0824944 6.00081 66941 1.0000007 285638 105802 6 2 510344.78 9.38524 22.1003 24.66 88 1063008 231695 41582 279 0 0 0 0 0 0 553 313970 17119
24.666625 0.17454 -0.0818005 6.00082 66943 1.0000007 285665 105927 5 2 511090.07 9.38524 22.1003 24.666625 92 1062671 232088 41639 280 0 0 0 0 0 0 553 313999 17144
24.673375 0.17454 -0.0810936 6.00083 66944 1.0000007 285783 105966 5 2 517589 9.38524 22.1003 24.673375 90 1061912 231235 41659 281 0 0 0 0 0 0 553 314106 17362
24.68 0.17454 -0.0803997 6.00084 66946 1.0000007 285732 106007 6 2 505157.56 9.38524 22.1003 24.68 92 1061047 231018 41417 282 0 0 0 0 0 0 553 314077 16945
24.686625 0.17454 -0.0797058 6.00084 66947 1.0000007 285883 106030 5 2 514816.52 9.38524 22.1003 24.686625 87 1061890 231356 41645 283 0 0 0 0 0 0 553 314235 17269
24.693375 0.17454 -0.0789989 6.00085 66949 1.0000007 285767 105978 5 2 512998.01 9.38524 22.1003 24.693375 89 1061617 231304 41755 284 0 0 0 0 0 0 553 314092 17208
24.7 0.17454 -0.078305 6.00086 66950 1.0000007 286012 106135 5 2 509241.75 9.38524 22.1003 24.7 92 1061014 230758 41265 285 0 0 0 0 0 0 553 314339 17082
24.706625 0.17454 -0.0776111 6.00087 66952 1.0000007 285815 106066 5 2 520629.78 9.38524 22.1003 24.706625 91 1061460 231339 41814 286 0 0 0 0 0 0 553 314149 17464
24.713375 0.17454 -0.0769042 6.00088 66953 1.0000007 285932 106208 5 2 509361 9.38524 22.1003 24.713375 87 1062023 231691 41616 287 0 0 0 0 0 0 553 314265 17086
24.72 0.17454 -0.0762103 6.00089 66955 1.0000007 285967 106197 5 2 512640.27 9.38524 22.1003 24.72 89 1061563 231914 41706 288 0 0 0 0 0 0 553 314297 17196
24.726625 0.17454 -0.0755164 6.0009 66956 1.0000007 286075 106262 5 2 512461.4 9.38524 22.1003 24.726625 89 1058570 230156 41214 289 0 0 0 0 0 0 553 314401 17190
24.733375 0.17454 -0.0748095 6.00091 66958 1.0000007 286072 106266 5 2 504531.52 9.38524 22.1003 24.733375 91 1060159 229916 41110 290 0 0 0 0 0 0 553 314411 16924
24.74 0.17454 -0.0741156 6.00092 66959 1.0000007 286012 106202 6 2 510791.95 9.38524 22.1003 24.74 90 1060564 231118 41646 291 0 0 0 0 0 0 553 314317 17134
24.746625 0.17454 -0.0734217 6.00093 66961 1.0000007 285918 106133 5 2 506976.07 9.38524 22.1003 24.746625 91 1058406 229846 41252 292 0 0 0 0 0 0 553 314255 17006
24.753375 0.17454 -0.0727148 6.00093 66963 1.0000007 286139 106231 5 2 513802.93 9.38524 22.1003 24.753375 88 1058179 230832 41654 293 0 0 0 0 0 0 553 314447 17235
24.76 0.17454 -0.0720209 6.00094 66964 1.0000007 285982 106170 6 2 507930.04 9.38524 22.1003 24.76 90 1058071 229840 41186 294 0 0 0 0 0 0 553 314280 17038
24.766625 0.17454 -0.071327 6.00095 66966 1.0000007 286065 106268 6 2 509897.61 9.38524 22.1003 24.766625 99 1058451 230756 41372 295 0 0 0 0 0 0 553 314364 17104
24.773375 0.17454 -0.07062 6.00096 66967 1.0000007 285943 106202 6 2 509659.11 9.38524 22.1003 24.773375 87 1055730 230265 41376 296 0 0 0 0 0 0 553 314283 17096
24.78 0.17454 -0.0699261 6.00097 66969 1.0000007 286016 106200 6 2 509778.36 9.38524 22.1003 24.78 89 1056409 229580 41372 297 0 0 0 0 0 0 553 314354 17100
24.786625 0.17454 -0.0692323 6.00097 66970 1.0000007 285762 106112 4 2 501431.11 9.38524 22.1003 24.786625 93 1053450 229552 40845 298 0 0 0 0 0 0 553 314096 16820
24.793375 0.17454 -0.0685253 6.00098 66972 1.0000007 285853 106122 6 2 508168.53 9.38524 22.1003 24.793375 90 1055304 229377 41172 299 0 0 0 0 0 0 553 314169 17046
24.8 0.17454 -0.0678314 6.00099 66973 1.0000007 285872 106120 5 2 506141.34 9.38524 22.1003 24.8 98 1053669 229046 40872 300 0 0 0 0 0 0 553 314220 16978
