Eta  H  K  L  Epoch  Sec  ion1  Hubmon  scan_bar  Filters  Correct  Qmag  Energy  Graze  p_peak  p_total  p_del_s  p_nu_s  p_image  p_xcen  p_xsig  p_ycen  p_ysig  power  tempsp  gun_on  ion0  p_point
22.8 0.17454 -0.277222 5.99497 65613 1.0000007 281283 103486 6 2 499374.11 9.38524 22.1003 22.8 96 1037783 225919 40635 0 0 0 0 0 0 0 553 309206 16751
22.806625 0.17454 -0.276528 5.995 65614 1.0000007 281192 103349 6 2 493739.72 9.38524 22.1003 22.806625 92 1038600 225403 40434 1 0 0 0 0 0 0 553 309132 16562
22.813375 0.17454 -0.275822 5.99503 65616 1.0000007 280959 103346 5 2 501282.05 9.38524 22.1003 22.813375 90 1034068 225057 40555 2 0 0 0 0 0 0 553 307946 16815
22.82 0.17454 -0.275129 5.99506 65617 1.0000007 281634 103547 6 2 504740.2 9.38524 22.1003 22.82 88 1041057 226159 41088 3 0 0 0 0 0 0 553 309562 16931
22.826625 0.17454 -0.274436 5.9951 65619 1.0000007 281403 103555 5 2 502146.59 9.38524 22.1003 22.826625 94 1041818 226891 40685 4 0 0 0 0 0 0 553 309326 16844
22.833375 0.17454 -0.27373 5.99513 65620 1.0000007 281550 103571 6 2 501729.23 9.38524 22.1003 22.833375 91 1040606 226224 40825 5 0 0 0 0 0 0 553 309508 16830
22.84 0.17454 -0.273036 5.99516 65622 1.0000007 281380 103573 6 2 497048.81 9.38524 22.1003 22.84 91 1041567 226495 40597 6 0 0 0 0 0 0 553 309307 16673
22.846625 0.17454 -0.272343 5.99519 65623 1.0000007 281417 103497 5 2 498539.39 9.38524 22.1003 22.846625 87 1039117 225755 40741 7 0 0 0 0 0 0 553 309329 16723
22.853375 0.17454 -0.271637 5.99522 65625 1.0000007 281282 103498 6 2 499344.3 9.38524 22.1003 22.853375 88 1041471 226102 40583 8 0 0 0 0 0 0 553 309231 16750
22.86 0.17454 -0.270944 5.99525 65626 1.0000007 281415 103387 5 2 500566.58 9.38524 22.1003 22.86 95 1040334 226131 40473 9 0 0 0 0 0 0 553 309363 16791
22.866625 0.17454 -0.27025 5.99529 65628 1.0000007 281365 103504 6 2 507035.69 9.38524 22.1003 22.866625 94 1042304 226707 40899 10 0 0 0 0 0 0 553 309288 17008
22.873375 0.17454 -0.269544 5.99532 65629 1.0000007 281165 103321 5 2 502534.14 9.38524 22.1003 22.873375 89 1041541 226349 40768 11 0 0 0 0 0 0 553 309097 16857
22.88 0.17454 -0.268851 5.99535 65631 1.0000007 281090 103320 6 2 494932.18 9.38524 22.1003 22.88 88 1039868 225851 40431 12 0 0 0 0 0 0 553 309024 16602
22.886625 0.17454 -0.268158 5.99538 65632 1.0000007 281286 103407 5 2 504352.65 9.38524 22.1003 22.886625 87 1042610 226767 40671 13 0 0 0 0 0 0 553 309219 16918
22.893375 0.17454 -0.267451 5.99541 65634 1.0000007 281176 103419 6 2 495856.34 9.38524 22.1003 22.893375 87 1044504 226873 40569 14 0 0 0 0 0 0 553 309103 16633
22.9 0.17454 -0.266758 5.99544 65635 1.0000007 281261 103310 5 2 508317.59 9.38524 22.1003 22.9 91 1045399 227228 41294 15 0 0 0 0 0 0 553 309200 17051
22.906625 0.17454 -0.266065 5.99547 65637 1.0000007 280847 103153 6 2 496243.89 9.38524 22.1003 22.906625 91 1042051 226025 40611 16 0 0 0 0 0 0 553 308768 16646
22.913375 0.17454 -0.265358 5.9955 65638 1.0000007 281186 103248 6 2 494842.75 9.38524 22.1003 22.913375 95 1043870 227159 40491 17 0 0 0 0 0 0 553 309122 16599
22.92 0.17454 -0.264665 5.99554 65640 1.0000007 280940 103175 6 2 507184.75 9.38524 22.1003 22.92 89 1042895 226798 40980 18 0 0 0 0 0 0 553 308875 17013
22.926625 0.17454 -0.263972 5.99557 65641 1.0000007 281028 103152 5 2 501222.43 9.38524 22.1003 22.926625 87 1043689 226677 40765 19 0 0 0 0 0 0 553 308980 16813
22.933375 0.17454 -0.263266 5.9956 65642 1.0000007 280955 103145 5 2 501759.04 9.38524 22.1003 22.933375 88 1043640 226708 40803 20 0 0 0 0 0 0 553 308893 16831
22.94 0.17454 -0.262572 5.99563 65644 1.0000007 280921 103133 6 2 504412.27 9.38524 22.1003 22.94 95 1045227 227405 41106 21 0 0 0 0 0 0 553 308868 16920
22.946625 0.17454 -0.261879 5.99566 65645 1.0000007 280874 103069 5 2 494246.52 9.38524 22.1003 22.946625 92 1047064 227356 40757 22 0 0 0 0 0 0 553 308821 16579
22.953375 0.17454 -0.261173 5.99569 65647 1.0000007 280949 103101 5 2 502116.78 9.38524 22.1003 22.953375 92 1044104 227124 40699 23 0 0 0 0 0 0 553 308893 16843
22.96 0.17454 -0.260479 5.99572 65648 1.0000007 280706 102951 5 2 505515.3 9.38524 22.1003 22.96 88 1046260 228152 40962 24 0 0 0 0 0 0 553 308650 16957
22.966625 0.17454 -0.259786 5.99575 65650 1.0000007 280672 102955 6 2 505247 9.38524 22.1003 22.966625 89 1045803 227025 40666 25 0 0 0 0 0 0 553 308582 16948
22.973375 0.17454 -0.25908 5.99578 65651 1.0000007 280599 102882 6 2 500805.07 9.38524 22.1003 22.973375 97 1047858 227713 41165 26 0 0 0 0 0 0 553 308555 16799
22.98 0.17454 -0.258387 5.99581 65653 1.0000007 280565 102846 6 2 504561.33 9.38524 22.1003 22.98 89 1047143 228505 40969 27 0 0 0 0 0 0 553 308504 16925
22.986625 0.17454 -0.257693 5.99584 65654 1.0000007 280279 102627 6 2 497138.24 9.38524 22.1003 22.986625 90 1045466 227916 40865 28 0 0 0 0 0 0 553 308223 16676
22.993375 0.17454 -0.256987 5.99587 65656 1.0000007 280428 102765 5 2 500149.21 9.38524 22.1003 22.993375 87 1046339 227013 40844 29 0 0 0 0 0 0 553 308379 16777
23 0.17454 -0.256294 5.9959 65657 1.0000007 280302 102620 6 2 501639.79 9.38524 22.1003 23 89 1044753 228006 41029 30 0 0 0 0 0 0 553 308242 16827
23.006625 0.17454 -0.2556 5.99593 65659 1.0000007 280338 102701 6 2 504531.52 9.38524 22.1003 23.006625 93 1048444 228320 41093 31 0 0 0 0 0 0 553 308288 16924
23.013375 0.17454 -0.254894 5.99596 65660 1.0000007 280232 102541 6 2 505545.11 9.38524 22.1003 23.013375 89 1047383 228291 41192 32 0 0 0 0 0 0 553 308190 16958
23.02 0.17454 -0.254201 5.99599 65662 1.0000007 280265 102628 5 2 513176.88 9.38524 22.1003 23.02 92 1046604 228024 41313 33 0 0 0 0 0 0 553 308222 17214
23.026625 0.17454 -0.253507 5.99602 65663 1.0000007 279997 102397 5 2 502653.39 9.38524 22.1003 23.026625 93 1046898 228530 40817 34 0 0 0 0 0 0 553 307935 16861
23.033375 0.17454 -0.252801 5.99605 65665 1.0000007 280005 102486 6 2 506588.52 9.38524 22.1003 23.033375 84 1047989 228043 41112 35 0 0 0 0 0 0 553 307936 16993
23.04 0.17454 -0.252108 5.99608 65666 1.0000007 280029 102406 5 2 508377.21 9.38524 22.1003 23.04 87 1048313 227982 41059 36 0 0 0 0 0 0 553 307970 17053
23.046625 0.17454 -0.251414 5.99611 65668 1.0000007 279883 102388 6 2 503875.66 9.38524 22.1003 23.046625 93 1047909 229536 41114 37 0 0 0 0 0 0 553 307840 16902
23.053375 0.17454 -0.250708 5.99614 65669 1.0000007 279830 102189 5 2 506230.78 9.38524 22.1003 23.053375 100 1048499 229046 41034 38 0 0 0 0 0 0 553 307788 16981
23.06 0.17454 -0.250015 5.99616 65670 1.0000007 279775 102302 5 2 506081.72 9.38524 22.1003 23.06 87 1048735 229000 41055 39 0 0 0 0 0 0 553 307750 16976
23.066625 0.17454 -0.249321 5.99619 65672 1.0000007 279740 102199 5 2 508407.03 9.38524 22.1003 23.066625 87 1051026 229565 41326 40 0 0 0 0 0 0 553 307708 17054
23.073375 0.17454 -0.248615 5.99622 65673 1.0000007 279658 102248 5 2 508556.08 9.38524 22.1003 23.073375 87 1050835 229564 41349 41 0 0 0 0 0 0 553 307616 17059
23.08 0.17454 -0.247922 5.99625 65675 1.0000007 279455 101959 5 2 500328.08 9.38524 22.1003 23.08 87 1047537 228247 40988 42 0 0 0 0 0 0 553 307394 16783
23.086625 0.17454 -0.247228 5.99628 65677 1.0000007 277303 101218 5 2 506886.63 9.38524 22.1003 23.086625 87 1041929 228259 41218 43 0 0 0 0 0 0 553 305153 17003
23.093375 0.17454 -0.246522 5.99631 65678 1.0000007 279998 102165 5 2 506916.45 9.38524 22.1003 23.093375 92 1052119 229795 41461 44 0 0 0 0 0 0 553 307948 17004
23.1 0.17454 -0.245828 5.99634 65680 1.0000007 280043 102306 6 2 508198.35 9.38524 22.1003 23.1 92 1053740 230212 41547 45 0 0 0 0 0 0 553 308035 17047
23.106625 0.17454 -0.245135 5.99637 65681 1.0000007 280091 102213 4 2 510016.85 9.38524 22.1003 23.106625 91 1055429 230844 41643 46 0 0 0 0 0 0 553 308049 17108
23.113375 0.17454 -0.244429 5.99639 65683 1.0000007 279958 102270 5 2 507840.61 9.38524 22.1003 23.113375 91 1054814 230924 41553 47 0 0 0 0 0 0 553 307944 17035
23.12 0.17454 -0.243735 5.99642 65684 1.0000007 279777 101973 6 2 513117.26 9.38524 22.1003 23.12 89 1054972 230911 41498 48 0 0 0 0 0 0 553 307727 17212
23.126625 0.17454 -0.243042 5.99645 65686 1.0000007 279906 102183 6 2 509033.07 9.38524 22.1003 23.126625 93 1055937 230807 41465 49 0 0 0 0 0 0 553 307875 17075
23.133375 0.17454 -0.242335 5.99648 65687 1.0000007 279855 102007 5 2 511268.94 9.38524 22.1003 23.133375 90 1057802 230557 41410 50 0 0 0 0 0 0 553 307817 17150
23.14 0.17454 -0.241642 5.99651 65689 1.0000007 279759 102080 5 2 505813.42 9.38524 22.1003 23.14 89 1055378 231308 41530 51 0 0 0 0 0 0 553 307729 16967
23.146625 0.17454 -0.240949 5.99654 65690 1.0000007 279748 101938 5 2 510970.82 9.38524 22.1003 23.146625 92 1057143 231138 41397 52 0 0 0 0 0 0 553 307718 17140
23.153375 0.17454 -0.240242 5.99656 65692 1.0000007 279738 102037 5 2 508496.46 9.38524 22.1003 23.153375 88 1056640 232571 41791 53 0 0 0 0 0 0 553 307723 17057
23.16 0.17454 -0.239549 5.99659 65693 1.0000007 279696 101882 5 2 506648.14 9.38524 22.1003 23.16 95 1058506 232355 41467 54 0 0 0 0 0 0 553 307671 16995
23.166625 0.17454 -0.238856 5.99662 65695 1.0000007 279663 101997 6 2 509808.17 9.38524 22.1003 23.166625 91 1057586 232644 41436 55 0 0 0 0 0 0 553 307662 17101
23.173375 0.17454 -0.238149 5.99665 65696 1.0000007 279650 101873 6 2 523014.71 9.38524 22.1003 23.173375 93 1060127 234052 42216 56 0 0 0 0 0 0 553 307602 17544
23.18 0.17454 -0.237456 5.99667 65697 1.0000007 279432 101816 6 2 512252.72 9.38524 22.1003 23.18 87 1058235 233593 41891 57 0 0 0 0 0 0 553 307406 17183
23.186625 0.17454 -0.236762 5.9967 65699 1.0000007 279381 101703 6 2 514697.27 9.38524 22.1003 23.186625 92 1059329 233549 41919 58 0 0 0 0 0 0 553 307364 17265
23.193375 0.17454 -0.236056 5.99673 65700 1.0000007 279413 101814 5 2 517231.26 9.38524 22.1003 23.193375 92 1061974 234011 42028 59 0 0 0 0 0 0 553 307386 17350
23.2 0.17454 -0.235362 5.99676 65702 1.0000007 279409 101749 6 2 517618.81 9.38524 22.1003 23.2 88 1060301 233380 41803 60 0 0 0 0 0 0 553 307369 17363
23.206625 0.17454 -0.234669 5.99678 65703 1.0000007 279331 101766 5 2 511835.36 9.38524 22.1003 23.206625 94 1061581 234747 42075 61 0 0 0 0 0 0 553 307292 17169
23.213375 0.17454 -0.233963 5.99681 65705 1.0000007 279294 101609 5 2 514458.78 9.38524 22.1003 23.213375 86 1062342 235157 42075 62 0 0 0 0 0 0 553 307252 17257
23.22 0.17454 -0.233269 5.99684 65706 1.0000007 279387 101797 5 2 528261.55 9.38524 22.1003 23.22 89 1064760 235619 42221 63 0 0 0 0 0 0 553 307353 17720
23.226625 0.17454 -0.232576 5.99687 65708 1.0000007 279386 101686 5 2 512044.04 9.38524 22.1003 23.226625 89 1065382 235345 41977 64 0 0 0 0 0 0 553 307385 17176
23.233375 0.17454 -0.231869 5.99689 65709 1.0000007 279362 101689 6 2 525250.58 9.38524 22.1003 23.233375 91 1065582 236193 42408 65 0 0 0 0 0 0 553 307346 17619
23.24 0.17454 -0.231176 5.99692 65711 1.0000007 279255 101622 6 2 522358.86 9.38524 22.1003 23.24 92 1066449 236318 42465 66 0 0 0 0 0 0 553 307229 17522
23.246625 0.17454 -0.230482 5.99695 65712 1.0000007 279210 101666 5 2 524386.04 9.38524 22.1003 23.246625 90 1065511 236176 42510 67 0 0 0 0 0 0 553 307206 17590
23.253375 0.17454 -0.229776 5.99697 65714 1.0000007 279224 101609 5 2 519318.07 9.38524 22.1003 23.253375 91 1069312 238647 42782 68 0 0 0 0 0 0 553 307195 17420
23.26 0.17454 -0.229083 5.997 65715 1.0000007 279288 101689 5 2 523133.96 9.38524 22.1003 23.26 92 1068553 238205 42566 69 0 0 0 0 0 0 553 307246 17548
23.266625 0.17454 -0.228389 5.99703 65717 1.0000007 279329 101687 5 2 520421.1 9.38524 22.1003 23.266625 94 1070111 238714 42284 70 0 0 0 0 0 0 553 307323 17457
23.273375 0.17454 -0.227683 5.99705 65718 1.0000007 279085 101598 6 2 529096.28 9.38524 22.1003 23.273375 93 1070740 238941 42839 71 0 0 0 0 0 0 553 307034 17748
23.28 0.17454 -0.226989 5.99708 65720 1.0000007 279204 101645 5 2 534790.29 9.38524 22.1003 23.28 99 1071519 240788 43417 72 0 0 0 0 0 0 553 307170 17939
23.286625 0.17454 -0.226296 5.99711 65721 1.0000007 279119 101578 6 2 525220.77 9.38524 22.1003 23.286625 93 1071251 240238 42892 73 0 0 0 0 0 0 553 307067 17618
23.293375 0.17454 -0.225589 5.99713 65723 1.0000007 279219 101620 5 2 534074.81 9.38524 22.1003 23.293375 94 1074801 241551 43345 74 0 0 0 0 0 0 553 307192 17915
23.3 0.17454 -0.224896 5.99716 65724 1.0000007 279196 101638 5 2 539351.47 9.38524 22.1003 23.3 98 1076820 242866 43845 75 0 0 0 0 0 0 553 307154 18092
23.306625 0.17454 -0.224202 5.99718 65726 1.0000007 279234 101627 6 2 533836.32 9.38524 22.1003 23.306625 99 1076428 243156 43588 76 0 0 0 0 0 0 553 307177 17907
23.313375 0.17454 -0.223496 5.99721 65727 1.0000007 279287 101692 6 2 538248.44 9.38524 22.1003 23.313375 102 1079888 244132 43633 77 0 0 0 0 0 0 553 307270 18055
23.32 0.17454 -0.222802 5.99724 65729 1.0000007 279418 101800 6 2 543376.03 9.38524 22.1003 23.32 99 1082346 245720 44058 78 0 0 0 0 0 0 553 307397 18227
23.326625 0.17454 -0.222109 5.99726 65730 1.0000007 279303 101772 6 2 538844.67 9.38524 22.1003 23.326625 99 1081014 245528 44209 79 0 0 0 0 0 0 553 307267 18075
23.333375 0.17454 -0.221402 5.99729 65732 1.0000007 279393 101890 5 2 544777.18 9.38524 22.1003 23.333375 99 1082351 246121 44017 80 0 0 0 0 0 0 553 307334 18274
23.34 0.17454 -0.220709 5.99731 65733 1.0000007 279400 101767 7 2 541140.16 9.38524 22.1003 23.34 105 1084443 248787 44473 81 0 0 0 0 0 0 553 307371 18152
23.346625 0.17454 -0.220015 5.99734 65735 1.0000007 279578 101968 6 2 544747.37 9.38524 22.1003 23.346625 100 1087670 249999 44574 82 0 0 0 0 0 0 553 307519 18273
23.353375 0.17454 -0.219309 5.99737 65736 1.0000007 277037 100955 5 2 546536.06 9.38524 22.1003 23.353375 99 1077164 248130 44437 83 0 0 0 0 0 0 553 304866 18333
23.36 0.17454 -0.218615 5.99739 65738 1.0000007 280151 102185 5 2 550202.89 9.38524 22.1003 23.36 124 1091955 252788 45338 84 0 0 0 0 0 0 553 308088 18456
23.366625 0.17454 -0.217922 5.99742 65739 1.0000007 280305 102289 5 2 560309.02 9.38524 22.1003 23.366625 106 1097015 254035 46111 85 0 0 0 0 0 0 553 308283 18795
23.373375 0.17454 -0.217215 5.99744 65741 1.0000007 280478 102474 5 2 571130.63 9.38524 22.1003 23.373375 108 1096637 256398 46754 86 0 0 0 0 0 0 553 308438 19158
23.38 0.17454 -0.216522 5.99747 65742 1.0000007 280283 102269 5 2 563021.88 9.38524 22.1003 23.38 107 1101497 257692 46531 87 0 0 0 0 0 0 553 308256 18886
23.386625 0.17454 -0.215828 5.99749 65744 1.0000007 280407 102464 5 2 581147.33 9.38524 22.1003 23.386625 114 1102763 260393 47587 88 0 0 0 0 0 0 553 308385 19494
23.393375 0.17454 -0.215122 5.99752 65745 1.0000007 280347 102296 5 2 581713.75 9.38524 22.1003 23.393375 119 1106237 262779 48181 89 0 0 0 0 0 0 553 308320 19513
23.4 0.17454 -0.214428 5.99754 65747 1.0000007 280709 102634 6 2 590985.16 9.38524 22.1003 23.4 120 1108197 264289 48570 90 0 0 0 0 0 0 553 308661 19824
23.406625 0.17454 -0.213735 5.99757 65748 1.0000007 280462 102375 4 2 607411.35 9.38524 22.1003 23.406625 121 1110800 265853 49661 91 0 0 0 0 0 0 553 308405 20375
23.413375 0.17454 -0.213028 5.99759 65750 1.0000007 280725 102713 5 2 616056.71 9.38524 22.1003 23.413375 131 1114156 268376 50319 92 0 0 0 0 0 0 553 308681 20665
23.42 0.17454 -0.212335 5.99762 65751 1.0000007 280594 102495 5 2 623420.18 9.38524 22.1003 23.42 122 1117305 271825 51474 93 0 0 0 0 0 0 553 308551 20912
23.426625 0.17454 -0.211641 5.99764 65752 1.0000007 280675 102635 5 2 633138.76 9.38524 22.1003 23.426625 140 1122601 275066 52344 94 0 0 0 0 0 0 553 308622 21238
23.433375 0.17454 -0.210935 5.99767 65754 1.0000007 280760 102667 5 2 651115.16 9.38524 22.1003 23.433375 138 1124589 277871 53574 95 0 0 0 0 0 0 553 308727 21841
23.44 0.17454 -0.210241 5.99769 65755 1.0000007 280685 102744 6 2 662115.64 9.38524 22.1003 23.44 139 1129688 282081 54470 96 0 0 0 0 0 0 553 308641 22210
23.446625 0.17454 -0.209548 5.99771 65757 1.0000007 280662 102584 6 2 673950.84 9.38524 22.1003 23.446625 171 1134470 285661 56046 97 0 0 0 0 0 0 553 308637 22607
23.453375 0.17454 -0.208841 5.99774 65758 1.0000007 280766 102774 6 2 700840.9 9.38524 22.1003 23.453375 166 1139432 290793 58039 98 0 0 0 0 0 0 553 308719 23509
23.46 0.17454 -0.208148 5.99776 65760 1.0000007 280737 102672 5 2 731338.17 9.38524 22.1003 23.46 196 1143031 294673 60632 99 0 0 0 0 0 0 553 308696 24532
23.466625 0.17454 -0.207454 5.99779 65761 1.0000007 280855 102875 6 2 754531.6 9.38524 22.1003 23.466625 223 1152558 300660 62722 100 0 0 0 0 0 0 553 308842 25310
23.473375 0.17454 -0.206748 5.99781 65763 1.0000007 280862 102857 5 2 792213.46 9.38524 22.1003 23.473375 230 1157351 306542 65888 101 0 0 0 0 0 0 553 308823 26574
23.48 0.17454 -0.206054 5.99784 65764 1.0000007 280892 102943 6 2 831475.34 9.38524 22.1003 23.48 266 1167268 314783 69557 102 0 0 0 0 0 0 553 308839 27891
23.486625 0.17454 -0.205361 5.99786 65766 1.0000007 280885 102856 5 2 866414.53 9.38524 22.1003 23.486625 318 1173111 322395 72693 103 0 0 0 0 0 0 553 308833 29063
23.493375 0.17454 -0.204654 5.99788 65767 1.0000007 280974 102988 5 2 924487.53 9.38524 22.1003 23.493375 378 1183965 332419 76930 104 0 0 0 0 0 0 553 308914 31011
23.5 0.17454 -0.20396 5.99791 65769 1.0000007 280926 102901 5 2 976389.52 9.38524 22.1003 23.5 626 1195313 343562 81203 105 0 0 0 0 0 0 553 308886 32752
23.506625 0.17454 -0.203267 5.99793 65770 1.0000007 281087 103037 5 2 1046476.6 9.38524 22.1003 23.506625 919 1212382 359388 87048 106 0 0 0 0 0 0 553 309034 35103
23.513375 0.17454 -0.20256 5.99795 65772 1.0000007 280965 102931 5 2 1103893.7 9.38524 22.1003 23.513375 1502 1227578 376375 91999 107 0 0 0 0 0 0 553 308900 37029
23.52 0.17454 -0.201867 5.99798 65773 1.0000007 281039 103003 5 2 1170969.8 9.38524 22.1003 23.52 2251 1249113 396726 98533 108 0 0 0 0 0 0 553 308977 39279
23.526625 0.17454 -0.201173 5.998 65775 1.0000007 281291 103178 7 2 1236615 9.38524 22.1003 23.526625 2980 1275704 419077 105268 109 0 0 0 0 0 0 553 309240 41481
23.533375 0.17454 -0.200467 5.99803 65776 1.0000007 281107 103072 6 2 1323217.7 9.38524 22.1003 23.533375 4066 1298700 443263 113545 110 0 0 0 0 0 0 553 309057 44386
23.54 0.17454 -0.199773 5.99805 65778 1.0000007 281152 103148 5 2 1416855.9 9.38524 22.1003 23.54 4820 1321114 466332 123403 111 0 0 0 0 0 0 553 309121 47527
23.546625 0.17454 -0.19908 5.99807 65779 1.0000007 281227 103141 5 2 1489894.3 9.38524 22.1003 23.546625 5440 1343661 488304 133244 112 0 0 0 0 0 0 553 309170 49977
23.553375 0.17454 -0.198373 5.99809 65780 1.0000007 281296 103281 6 2 1593579.1 9.38524 22.1003 23.553375 5733 1362083 506746 144554 113 0 0 0 0 0 0 553 309225 53455
23.56 0.17454 -0.197679 5.99812 65782 1.0000007 281079 103094 5 2 1708532.6 9.38524 22.1003 23.56 5217 1380677 525766 157587 114 0 0 0 0 0 0 553 309025 57311
23.566625 0.17454 -0.196986 5.99814 65783 1.0000007 281227 103225 6 2 1851926.4 9.38524 22.1003 23.566625 4808 1399694 543819 172928 115 0 0 0 0 0 0 553 309154 62121
23.573375 0.17454 -0.196279 5.99816 65785 1.0000007 281231 103146 4 2 2027755.2 9.38524 22.1003 23.573375 4168 1423445 566420 192270 116 0 0 0 0 0 0 553 309183 68019
23.58 0.17454 -0.195586 5.99819 65786 1.0000007 281244 103154 5 2 2196787 9.38524 22.1003 23.58 3657 1450347 594888 215593 117 0 0 0 0 0 0 553 309197 73689
23.586625 0.17454 -0.194892 5.99821 65788 1.0000007 281444 103396 5 2 2473051.1 9.38524 22.1003 23.586625 3231 1497329 637846 248354 118 0 0 0 0 0 0 553 309381 82956
23.593375 0.17454 -0.194185 5.99823 65789 1.0000007 281304 103172 5 2 2764489.3 9.38524 22.1003 23.593375 3392 1549243 694135 292004 119 0 0 0 0 0 0 553 309238 92732
23.6 0.17454 -0.193492 5.99825 65791 1.0000007 281412 103348 5 2 3143454.4 9.38524 22.1003 23.6 5055 1629597 771996 349075 120 0 0 0 0 0 0 553 309393 105444
23.606625 0.17454 -0.192798 5.99828 65792 1.0000007 281279 103256 6 2 3629294 9.38524 22.1003 23.606625 7701 1727725 872079 419722 121 0 0 0 0 0 0 553 309220 121741
23.613375 0.17454 -0.192092 5.9983 65794 1.0000007 281150 103292 5 2 4220517.6 9.38524 22.1003 23.613375 12436 1868990 1011631 515732 122 0 0 0 0 0 0 553 309111 141573
23.62 0.17454 -0.191398 5.99832 65795 1.0000007 281305 103246 5 2 4902696.5 9.38524 22.1003 23.62 18610 2046508 1190259 641346 123 0 0 0 0 0 0 553 309245 164456
23.626625 0.17454 -0.190704 5.99834 65797 1.0000007 279813 102729 7 2 5684028.7 9.38524 22.1003 23.626625 27971 2267176 1414504 806094 124 0 0 0 0 0 0 553 307726 190665
23.633375 0.17454 -0.189998 5.99837 65798 1.0000007 281641 103418 5 2 6653293.3 9.38524 22.1003 23.633375 41084 2577219 1720056 1035145 125 0 0 0 0 0 0 553 309602 223178
23.64 0.17454 -0.189304 5.99839 65800 1.0000007 281479 103476 6 2 7725795.4 9.38524 22.1003 23.64 58080 2959273 2100216 1328651 126 0 0 0 0 0 0 553 309446 259154
23.646625 0.17454 -0.188611 5.99841 65801 1.0000007 281615 103399 5 2 9014878.8 9.38524 22.1003 23.646625 78972 3448754 2590165 1714386 127 0 0 0 0 0 0 553 309580 302395
23.653375 0.17454 -0.187904 5.99843 65803 1.0000007 281546 103484 5 2 10501911 9.38524 22.1003 23.653375 105152 4101950 3243102 2231291 128 0 0 0 0 0 0 553 309494 352276
23.66 0.17454 -0.18721 5.99845 65804 1.0000007 281601 103414 5 2 12388538 9.38524 22.1003 23.66 154340 4950968 4091348 2918305 129 0 0 0 0 0 0 553 309559 415561
23.666625 0.17454 -0.186517 5.99848 65806 1.0000007 281439 103455 5 2 14768905 9.38524 22.1003 23.666625 224810 6034203 5175889 3826748 130 0 0 0 0 0 0 553 309421 495408
23.673375 0.17454 -0.18581 5.9985 65807 1.0000007 281438 103398 6 2 17807393 9.38524 22.1003 23.673375 303777 7272384 6413345 4900169 131 0 0 0 0 0 0 553 309393 597331
23.68 0.17454 -0.185116 5.99852 65809 1.0000007 281335 103395 5 2 21587593 9.38524 22.1003 23.68 383466 8644870 7782566 6141375 132 0 0 0 0 0 0 553 309308 724134
23.686625 0.17454 -0.184423 5.99854 65810 1.0000007 281463 103395 6 2 26153836 9.38524 22.1003 23.686625 497886 9844580 8983511 7288684 133 0 0 0 0 0 0 553 309415 877304
23.693375 0.17454 -0.183716 5.99856 65812 1.0000007 281384 103373 5 2 32020163 9.38524 22.1003 23.693375 537936 10709113 9847854 8177988 134 0 0 0 0 0 0 553 309335 1074084
23.7 0.17454 -0.183023 5.99858 65813 1.0000007 281378 103340 5 2 37492410 9.38524 22.1003 23.7 489374 10760094 9899154 8335408 135 0 0 0 0 0 0 553 309326 1257645
23.706625 0.17454 -0.182329 5.9986 65815 1.0000007 281359 103435 5 2 38799410 9.38524 22.1003 23.706625 394173 9767268 8906783 7526727 136 0 0 0 0 0 0 553 309305 1301487
23.713375 0.17454 -0.181622 5.99863 65816 1.0000007 281245 103222 6 2 35803791 9.38524 22.1003 23.713375 259465 8306715 7449661 6278621 137 0 0 0 0 0 0 553 309178 1201002
23.72 0.17454 -0.180929 5.99865 65818 1.0000007 281205 103346 5 2 30785754 9.38524 22.1003 23.72 168718 6966954 6110477 5097353 138 0 0 0 0 0 0 553 309131 1032677
23.726625 0.17454 -0.180235 5.99867 65819 1.0000007 281172 103175 6 2 26163763 9.38524 22.1003 23.726625 101487 5895850 5038856 4148206 139 0 0 0 0 0 0 553 309117 877637
23.733375 0.17454 -0.179528 5.99869 65821 1.0000007 281214 103295 6 2 22434272 9.38524 22.1003 23.733375 60842 5070962 4212979 3408238 140 0 0 0 0 0 0 553 309178 752535
23.74 0.17454 -0.178835 5.99871 65822 1.0000007 281164 103135 6 2 19671930 9.38524 22.1003 23.74 48792 4408525 3553045 2805684 141 0 0 0 0 0 0 553 309088 659875
23.746625 0.17454 -0.178141 5.99873 65824 1.0000007 281253 103321 5 2 17777581 9.38524 22.1003 23.746625 35260 3875915 3018400 2311284 142 0 0 0 0 0 0 553 309214 596331
23.753375 0.17454 -0.177434 5.99875 65825 1.0000007 281225 103233 5 2 16351841 9.38524 22.1003 23.753375 25571 3432823 2577739 1907953 143 0 0 0 0 0 0 553 309163 548506
23.76 0.17454 -0.176741 5.99877 65827 1.0000007 281007 103131 5 2 15243446 9.38524 22.1003 23.76 21836 3131288 2277365 1632897 144 0 0 0 0 0 0 553 308947 511326
23.766625 0.17454 -0.176047 5.99879 65828 1.0000007 281044 103073 6 2 14400911 9.38524 22.1003 23.766625 19844 2918052 2064105 1440897 145 0 0 0 0 0 0 553 309004 483064
23.773375 0.17454 -0.17534 5.99881 65830 1.0000007 280900 103035 5 2 13880162 9.38524 22.1003 23.773375 16626 2760047 1907032 1301662 146 0 0 0 0 0 0 553 308872 465596
23.78 0.17454 -0.174647 5.99883 65831 1.0000007 281067 103048 5 2 13592808 9.38524 22.1003 23.78 14614 2648389 1796073 1207139 147 0 0 0 0 0 0 553 309031 455957
23.786625 0.17454 -0.173953 5.99885 65833 1.0000007 280815 102969 6 2 13223531 9.38524 22.1003 23.786625 13040 2543431 1691727 1126645 148 0 0 0 0 0 0 553 308806 443570
23.793375 0.17454 -0.173246 5.99887 65834 1.0000007 281064 103076 6 2 13064188 9.38524 22.1003 23.793375 10238 2460665 1607958 1066016 149 0 0 0 0 0 0 553 309005 438225
23.8 0.17454 -0.172553 5.99889 65836 1.0000007 280953 103022 5 2 13027162 9.38524 22.1003 23.8 8706 2398491 1547420 1031398 150 0 0 0 0 0 0 553 308937 436983
23.806625 0.17454 -0.171859 5.99891 65837 1.0000007 280878 102927 6 2 13261959 9.38524 22.1003 23.806625 8789 2361786 1511641 1021203 151 0 0 0 0 0 0 553 308820 444859
23.813375 0.17454 -0.171152 5.99893 65839 1.0000007 280700 102858 5 2 13736410 9.38524 22.1003 23.813375 9409 2355097 1505685 1040014 152 0 0 0 0 0 0 553 308673 460774
23.82 0.17454 -0.170459 5.99895 65840 1.0000007 280824 102866 7 2 14412746 9.38524 22.1003 23.82 10635 2371292 1520435 1078530 153 0 0 0 0 0 0 553 308831 483461
23.826625 0.17454 -0.169765 5.99897 65842 1.0000007 280881 102915 5 2 15236172 9.38524 22.1003 23.826625 12481 2410915 1559969 1134729 154 0 0 0 0 0 0 553 308860 511082
23.833375 0.17454 -0.169058 5.99899 65843 1.0000007 280897 103018 5 2 16080496 9.38524 22.1003 23.833375 14169 2450532 1599439 1189345 155 0 0 0 0 0 0 553 308865 539404
23.84 0.17454 -0.168365 5.99901 65845 1.0000007 280792 102942 5 2 16955526 9.38524 22.1003 23.84 14988 2479994 1630020 1231684 156 0 0 0 0 0 0 553 308763 568756
23.846625 0.17454 -0.167671 5.99903 65846 1.0000007 280693 102877 5 2 17231790 9.38524 22.1003 23.846625 13362 2460201 1611088 1222936 157 0 0 0 0 0 0 553 308654 578023
23.853375 0.17454 -0.166964 5.99905 65848 1.0000007 280548 102680 6 2 16602020 9.38524 22.1003 23.853375 11061 2382683 1532404 1154313 158 0 0 0 0 0 0 553 308567 556898
23.86 0.17454 -0.166271 5.99907 65849 1.0000007 280633 102822 6 2 16321642 9.38524 22.1003 23.86 9576 2335815 1486067 1113232 159 0 0 0 0 0 0 553 308611 547493
23.866625 0.17454 -0.165577 5.99909 65851 1.0000007 280523 102748 6 2 15457046 9.38524 22.1003 23.866625 7498 2237092 1389122 1023287 160 0 0 0 0 0 0 553 308495 518491
23.873375 0.17454 -0.16487 5.99911 65852 1.0000007 280488 102709 7 2 14457314 9.38524 22.1003 23.873375 6758 2131144 1282651 921224 161 0 0 0 0 0 0 553 308509 484956
23.88 0.17454 -0.164177 5.99913 65854 1.0000007 280463 102682 6 2 13594268 9.38524 22.1003 23.88 6027 2048131 1200943 843947 162 0 0 0 0 0 0 553 308445 456006
23.886625 0.17454 -0.163483 5.99915 65855 1.0000007 280619 102800 5 2 12490345 9.38524 22.1003 23.886625 5283 1962065 1115695 758570 163 0 0 0 0 0 0 553 308613 418976
23.893375 0.17454 -0.162776 5.99917 65857 1.0000007 280428 102665 5 2 11470818 9.38524 22.1003 23.893375 4374 1892382 1046275 686052 164 0 0 0 0 0 0 553 308409 384777
23.9 0.17454 -0.162083 5.99919 65858 1.0000007 280571 102803 5 2 10504713 9.38524 22.1003 23.9 3330 1830083 982024 618990 165 0 0 0 0 0 0 553 308554 352370
23.906625 0.17454 -0.161389 5.9992 65860 1.0000007 280359 102599 6 2 9480893.7 9.38524 22.1003 23.906625 2518 1771776 924996 553581 166 0 0 0 0 0 0 553 308363 318027
23.913375 0.17454 -0.160682 5.99922 65861 1.0000007 280362 102587 5 2 8556972.6 9.38524 22.1003 23.913375 2739 1725210 879575 498061 167 0 0 0 0 0 0 553 308379 287035
23.92 0.17454 -0.159988 5.99924 65862 1.0000007 280219 102535 5 2 7931316.6 9.38524 22.1003 23.92 3545 1697965 853530 460125 168 0 0 0 0 0 0 553 308191 266048
23.926625 0.17454 -0.159295 5.99926 65864 1.0000007 280310 102672 4 2 7264490.7 9.38524 22.1003 23.926625 4251 1672880 827307 422672 169 0 0 0 0 0 0 553 308270 243680
23.933375 0.17454 -0.158588 5.99928 65865 1.0000007 280296 102611 6 2 6584488.1 9.38524 22.1003 23.933375 4165 1645186 799563 386012 170 0 0 0 0 0 0 553 308289 220870
23.94 0.17454 -0.157894 5.9993 65867 1.0000007 280328 102593 6 2 6004920.8 9.38524 22.1003 23.94 3726 1620295 776035 355911 171 0 0 0 0 0 0 553 308325 201429
23.946625 0.17454 -0.157201 5.99932 65868 1.0000007 280267 102521 6 2 5538846.2 9.38524 22.1003 23.946625 3142 1605606 759977 332545 172 0 0 0 0 0 0 553 308269 185795
23.953375 0.17454 -0.156494 5.99933 65870 1.0000007 280242 102628 5 2 5100347.4 9.38524 22.1003 23.953375 2656 1592430 749604 310539 173 0 0 0 0 0 0 553 308230 171086
23.96 0.17454 -0.1558 5.99935 65871 1.0000007 280170 102377 5 2 4621036.5 9.38524 22.1003 23.96 3148 1585379 740816 287022 174 0 0 0 0 0 0 553 308190 155008
23.966625 0.17454 -0.155106 5.99937 65873 1.0000007 280122 102444 5 2 4186204.5 9.38524 22.1003 23.966625 3885 1581661 736610 266735 175 0 0 0 0 0 0 553 308180 140422
23.973375 0.17454 -0.1544 5.99939 65874 1.0000007 280294 102509 5 2 3805719 9.38524 22.1003 23.973375 4091 1578270 732744 248570 176 0 0 0 0 0 0 553 308285 127659
23.98 0.17454 -0.153706 5.99941 65876 1.0000007 280075 102475 5 2 3439155.6 9.38524 22.1003 23.98 3654 1566362 723405 230490 177 0 0 0 0 0 0 553 308065 115363
23.986625 0.17454 -0.153012 5.99942 65877 1.0000007 280163 102431 6 2 3129949.7 9.38524 22.1003 23.986625 3241 1561806 719485 215884 178 0 0 0 0 0 0 553 308147 104991
23.993375 0.17454 -0.152305 5.99944 65879 1.0000007 279949 102360 4 2 2860095.1 9.38524 22.1003 23.993375 2921 1553031 709844 201601 179 0 0 0 0 0 0 553 307940 95939
24 0.17454 -0.151612 5.99946 65880 1.0000007 280119 102465 6 2 2610929.7 9.38524 22.1003 24 3056 1545471 703874 189323 180 0 0 0 0 0 0 553 308101 87581
24.006625 0.17454 -0.150918 5.99948 65882 1.0000007 280025 102420 6 2 2417720.8 9.38524 22.1003 24.006625 3307 1538701 696176 179020 181 0 0 0 0 0 0 553 308033 81100
24.013375 0.17454 -0.150211 5.99949 65883 1.0000007 279858 102248 6 2 2235899.8 9.38524 22.1003 24.013375 3370 1528173 685733 168307 182 0 0 0 0 0 0 553 307861 75001
24.02 0.17454 -0.149517 5.99951 65885 1.0000007 279914 102349 6 2 2078524.4 9.38524 22.1003 24.02 3463 1517086 675427 159912 183 0 0 0 0 0 0 553 307901 69722
24.026625 0.17454 -0.148824 5.99953 65886 1.0000007 279972 102373 6 2 1934146.8 9.38524 22.1003 24.026625 3760 1500538 658272 150697 184 0 0 0 0 0 0 553 307939 64879
24.033375 0.17454 -0.148117 5.99955 65887 1.0000007 279766 102229 6 2 1798593.5 9.38524 22.1003 24.033375 3819 1482219 640457 142925 185 0 0 0 0 0 0 553 307779 60332
24.04 0.17454 -0.147423 5.99956 65889 1.0000007 279739 102196 6 2 1658210.6 9.38524 22.1003 24.04 4098 1461340 621659 132848 186 0 0 0 0 0 0 553 307738 55623
24.046625 0.17454 -0.14673 5.99958 65890 1.0000007 279780 102171 5 2 1542034.8 9.38524 22.1003 24.046625 4279 1451577 610292 125737 187 0 0 0 0 0 0 553 307752 51726
24.053375 0.17454 -0.146023 5.9996 65892 1.0000007 279593 102105 5 2 1447084.9 9.38524 22.1003 24.053375 4766 1436626 597021 118797 188 0 0 0 0 0 0 553 307571 48541
24.06 0.17454 -0.145329 5.99961 65893 1.0000007 279295 101964 7 2 1318596.9 9.38524 22.1003 24.06 4896 1418067 579620 110043 189 0 0 0 0 0 0 553 307320 44231
24.066625 0.17454 -0.144635 5.99963 65895 1.0000007 279387 101881 5 2 1252087.2 9.38524 22.1003 24.066625 4464 1398840 558762 103548 190 0 0 0 0 0 0 553 307362 42000
24.073375 0.17454 -0.143928 5.99965 65896 1.0000007 279458 102042 6 2 1160506 9.38524 22.1003 24.073375 3929 1366893 530101 96698 191 0 0 0 0 0 0 553 307440 38928
24.08 0.17454 -0.143235 5.99966 65898 1.0000007 279114 101652 5 2 1080640.7 9.38524 22.1003 24.08 3736 1329753 492935 89527 192 0 0 0 0 0 0 553 307136 36249
24.086625 0.17454 -0.142541 5.99968 65899 1.0000007 279098 101788 7 2 1017946.9 9.38524 22.1003 24.086625 3499 1293070 456713 83628 193 0 0 0 0 0 0 553 307085 34146
24.093375 0.17454 -0.141834 5.9997 65901 1.0000007 279002 101590 5 2 945773.01 9.38524 22.1003 24.093375 3245 1258054 421563 78301 194 0 0 0 0 0 0 553 307022 31725
24.1 0.17454 -0.14114 5.99971 65902 1.0000007 278941 101702 6 2 891217.78 9.38524 22.1003 24.1 2746 1227938 391928 73548 195 0 0 0 0 0 0 553 306935 29895
24.106625 0.17454 -0.140447 5.99973 65904 1.0000007 278933 101530 6 2 845069.43 9.38524 22.1003 24.106625 2002 1200087 366457 69884 196 0 0 0 0 0 0 553 306946 28347
24.113375 0.17454 -0.13974 5.99975 65905 1.0000007 278737 101475 6 2 800381.84 9.38524 22.1003 24.113375 1386 1180511 347677 65829 197 0 0 0 0 0 0 553 306781 26848
24.12 0.17454 -0.139046 5.99976 65907 1.0000007 278652 101313 5 2 771583.83 9.38524 22.1003 24.12 960 1162121 329672 63163 198 0 0 0 0 0 0 553 306664 25882
24.126625 0.17454 -0.138352 5.99978 65908 1.0000007 278607 101363 6 2 748181.73 9.38524 22.1003 24.126625 633 1149026 317123 60769 199 0 0 0 0 0 0 553 306638 25097
24.133375 0.17454 -0.137646 5.9998 65910 1.0000007 278448 101144 5 2 709217.96 9.38524 22.1003 24.133375 450 1132537 303589 58029 200 0 0 0 0 0 0 553 306497 23790
24.14 0.17454 -0.136952 5.99981 65911 1.0000007 278238 101087 5 2 684563.77 9.38524 22.1003 24.14 318 1123812 294698 56095 201 0 0 0 0 0 0 553 306294 22963
24.146625 0.17454 -0.136258 5.99983 65912 1.0000007 278364 101133 6 2 654006.88 9.38524 22.1003 24.146625 203 1116635 287074 54233 202 0 0 0 0 0 0 553 306389 21938
24.153375 0.17454 -0.135551 5.99984 65914 1.0000007 278187 101006 6 2 638534.66 9.38524 22.1003 24.153375 159 1107656 281260 52698 203 0 0 0 0 0 0 553 306208 21419
24.16 0.17454 -0.134857 5.99986 65915 1.0000007 278205 101005 5 2 636209.36 9.38524 22.1003 24.16 135 1104247 276340 51819 204 0 0 0 0 0 0 553 306249 21341
24.166625 0.17454 -0.134164 5.99987 65917 1.0000007 278806 101346 5 2 617666.54 9.38524 22.1003 24.166625 116 1103857 273284 51104 205 0 0 0 0 0 0 553 306823 20719
24.173375 0.17454 -0.133457 5.99989 65918 1.0000007 278793 101313 5 2 605205.29 9.38524 22.1003 24.173375 115 1100380 269865 49901 206 0 0 0 0 0 0 553 306799 20301
24.18 0.17454 -0.132763 5.99991 65920 1.0000007 278629 101156 6 2 592296.87 9.38524 22.1003 24.18 112 1094790 265843 48771 207 0 0 0 0 0 0 553 306735 19868
24.186625 0.17454 -0.132069 5.99992 65921 1.0000007 278675 101153 5 2 581475.26 9.38524 22.1003 24.186625 112 1089903 263217 47907 208 0 0 0 0 0 0 553 306724 19505
24.193375 0.17454 -0.131363 5.99994 65923 1.0000007 278516 101141 5 2 565853.98 9.38524 22.1003 24.193375 107 1087849 261134 47096 209 0 0 0 0 0 0 553 306524 18981
24.2 0.17454 -0.130669 5.99995 65924 1.0000007 278584 101136 5 2 570653.65 9.38524 22.1003 24.2 110 1086383 259515 47300 210 0 0 0 0 0 0 553 306615 19142
24.206625 0.17454 -0.129975 5.99997 65926 1.0000007 278432 100988 5 2 563707.54 9.38524 22.1003 24.206625 119 1083353 256627 46218 211 0 0 0 0 0 0 553 306485 18909
24.213375 0.17454 -0.129268 5.99998 65927 1.0000007 278536 101073 5 2 558401.08 9.38524 22.1003 24.213375 118 1083075 257020 45987 212 0 0 0 0 0 0 553 306624 18731
24.22 0.17454 -0.128574 6 65929 1.0000007 278514 101033 6 2 554048.59 9.38524 22.1003 24.22 109 1078870 254262 45574 213 0 0 0 0 0 0 553 306551 18585
24.226625 0.17454 -0.127881 6.00001 65930 1.0000007 278517 101089 5 2 547817.96 9.38524 22.1003 24.226625 113 1078704 252551 45342 214 0 0 0 0 0 0 553 306545 18376
24.233375 0.17454 -0.127174 6.00003 65932 1.0000007 278541 101106 5 2 549457.6 9.38524 22.1003 24.233375 108 1077595 251856 44781 215 0 0 0 0 0 0 553 306571 18431
24.24 0.17454 -0.12648 6.00004 65933 1.0000007 278646 101201 5 2 539947.7 9.38524 22.1003 24.24 98 1075593 250495 44278 216 0 0 0 0 0 0 553 306669 18112
24.246625 0.17454 -0.125786 6.00006 65935 1.0000007 278433 101055 5 2 540752.61 9.38524 22.1003 24.246625 99 1074993 250149 43966 217 0 0 0 0 0 0 553 306500 18139
24.253375 0.17454 -0.125079 6.00007 65936 1.0000007 278621 101198 6 2 537711.83 9.38524 22.1003 24.253375 109 1073027 248319 43815 218 0 0 0 0 0 0 553 306660 18037
24.26 0.17454 -0.124386 6.00009 65938 1.0000007 278653 101167 5 2 532584.23 9.38524 22.1003 24.26 91 1071936 247061 43621 219 0 0 0 0 0 0 553 306670 17865
24.266625 0.17454 -0.123692 6.0001 65939 1.0000007 278714 101295 6 2 530109.87 9.38524 22.1003 24.266625 89 1070147 245990 43403 220 0 0 0 0 0 0 553 306779 17782
24.273375 0.17454 -0.122985 6.00011 65941 1.0000007 278762 101258 5 2 527546.07 9.38524 22.1003 24.273375 89 1068792 245382 43110 221 0 0 0 0 0 0 553 306793 17696
24.28 0.17454 -0.122291 6.00013 65942 1.0000007 278784 101296 5 2 525667.94 9.38524 22.1003 24.28 97 1067957 244365 42923 222 0 0 0 0 0 0 553 306805 17633
24.286625 0.17454 -0.121597 6.00014 65944 1.0000007 278639 101302 5 2 531063.84 9.38524 22.1003 24.286625 88 1065770 243435 43160 223 0 0 0 0 0 0 553 306722 17814
24.293375 0.17454 -0.12089 6.00016 65945 1.0000007 279005 101527 4 2 526651.73 9.38524 22.1003 24.293375 97 1066779 243095 42872 224 0 0 0 0 0 0 553 306986 17666
24.3 0.17454 -0.120197 6.00017 65946 1.0000007 279020 101621 6 2 527009.46 9.38524 22.1003 24.3 96 1064733 242160 42950 225 0 0 0 0 0 0 553 307061 17678
24.306625 0.17454 -0.119503 6.00018 65948 1.0000007 279032 101562 5 2 523879.25 9.38524 22.1003 24.306625 86 1062776 241180 42760 226 0 0 0 0 0 0 553 307041 17573
24.313375 0.17454 -0.118796 6.0002 65949 1.0000007 279307 101847 6 2 528112.49 9.38524 22.1003 24.313375 89 1064849 240703 43031 227 0 0 0 0 0 0 553 307309 17715
24.32 0.17454 -0.118102 6.00021 65951 1.0000007 279215 101721 5 2 516485.97 9.38524 22.1003 24.32 95 1062809 240073 42244 228 0 0 0 0 0 0 553 307228 17325
24.326625 0.17454 -0.117408 6.00023 65952 1.0000007 279297 101825 5 2 514846.33 9.38524 22.1003 24.326625 91 1060116 238388 42155 229 0 0 0 0 0 0 553 307304 17270
24.333375 0.17454 -0.116702 6.00024 65954 1.0000007 279458 101882 5 2 528380.8 9.38524 22.1003 24.333375 92 1062109 239588 42898 230 0 0 0 0 0 0 553 307463 17724
24.34 0.17454 -0.116008 6.00025 65955 1.0000007 279478 101992 5 2 517231.26 9.38524 22.1003 24.34 92 1061487 238370 41912 231 0 0 0 0 0 0 553 307513 17350
24.346625 0.17454 -0.115314 6.00027 65957 1.0000007 279584 101998 6 2 514876.14 9.38524 22.1003 24.346625 87 1061440 238540 42181 232 0 0 0 0 0 0 553 307575 17271
24.353375 0.17454 -0.114607 6.00028 65958 1.0000007 279628 102061 6 2 517082.2 9.38524 22.1003 24.353375 87 1060330 238128 42034 233 0 0 0 0 0 0 553 307652 17345
24.36 0.17454 -0.113913 6.00029 65960 1.0000007 279652 102079 5 2 519705.62 9.38524 22.1003 24.36 91 1057420 236647 42049 234 0 0 0 0 0 0 553 307668 17433
24.366625 0.17454 -0.113219 6.00031 65961 1.0000007 279829 102291 5 2 517320.69 9.38524 22.1003 24.366625 90 1060940 237596 42063 235 0 0 0 0 0 0 553 307800 17353
24.373375 0.17454 -0.112513 6.00032 65963 1.0000007 279815 102234 6 2 519765.25 9.38524 22.1003 24.373375 87 1057863 236828 42202 236 0 0 0 0 0 0 553 307811 17435
24.38 0.17454 -0.111819 6.00033 65964 1.0000007 279878 102279 5 2 521404.88 9.38524 22.1003 24.38 88 1058492 235929 42011 237 0 0 0 0 0 0 553 307882 17490
24.386625 0.17454 -0.111125 6.00035 65966 1.0000007 279955 102400 5 2 513027.82 9.38524 22.1003 24.386625 91 1057256 235945 42003 238 0 0 0 0 0 0 553 307918 17209
24.393375 0.17454 -0.110418 6.00036 65967 1.0000007 280027 102444 5 2 514250.1 9.38524 22.1003 24.393375 86 1057309 234635 41798 239 0 0 0 0 0 0 553 308005 17250
24.4 0.17454 -0.109724 6.00037 65969 1.0000007 280178 102521 5 2 509331.19 9.38524 22.1003 24.4 88 1056682 234732 41717 240 0 0 0 0 0 0 553 308135 17085
24.406625 0.17454 -0.10903 6.00038 65970 1.0000007 280116 102513 5 2 513892.36 9.38524 22.1003 24.406625 91 1055083 234359 41496 241 0 0 0 0 0 0 553 308125 17238
24.413375 0.17454 -0.108324 6.0004 65972 1.0000007 280252 102612 6 2 519377.7 9.38524 22.1003 24.413375 89 1056841 234558 42095 242 0 0 0 0 0 0 553 308233 17422
24.42 0.17454 -0.10763 6.00041 65973 1.0000007 280195 102616 5 2 514279.91 9.38524 22.1003 24.42 93 1054831 234143 41807 243 0 0 0 0 0 0 553 308181 17251
24.426625 0.17454 -0.106936 6.00042 65975 1.0000007 280331 102656 6 2 514995.39 9.38524 22.1003 24.426625 91 1057284 233292 41572 244 0 0 0 0 0 0 553 308303 17275
24.433375 0.17454 -0.106229 6.00043 65976 1.0000007 278860 102047 6 2 505634.55 9.38524 22.1003 24.433375 91 1047274 231391 41180 245 0 0 0 0 0 0 553 306785 16961
24.44 0.17454 -0.105535 6.00045 65978 1.0000007 280624 102756 6 2 509301.37 9.38524 22.1003 24.44 92 1054294 232853 41398 246 0 0 0 0 0 0 553 308626 17084
24.446625 0.17454 -0.104841 6.00046 65979 1.0000007 280382 102652 5 2 508734.95 9.38524 22.1003 24.446625 91 1054124 233399 41563 247 0 0 0 0 0 0 553 308414 17065
24.453375 0.17454 -0.104134 6.00047 65981 1.0000007 280664 102852 5 2 513683.68 9.38524 22.1003 24.453375 92 1053644 233565 41942 248 0 0 0 0 0 0 553 308657 17231
24.46 0.17454 -0.103441 6.00048 65982 1.0000007 280421 102679 5 2 512252.72 9.38524 22.1003 24.46 88 1050088 231822 41483 249 0 0 0 0 0 0 553 308409 17183
24.466625 0.17454 -0.102747 6.00049 65984 1.0000007 280599 102792 5 2 502265.84 9.38524 22.1003 24.466625 91 1050305 231324 40882 250 0 0 0 0 0 0 553 308579 16848
24.473375 0.17454 -0.10204 6.00051 65985 1.0000007 280310 102663 4 2 508108.91 9.38524 22.1003 24.473375 88 1048613 231085 41162 251 0 0 0 0 0 0 553 308289 17044
24.48 0.17454 -0.101346 6.00052 65987 1.0000007 280366 102675 5 2 509450.43 9.38524 22.1003 24.48 94 1047665 231134 41358 252 0 0 0 0 0 0 553 308367 17089
24.486625 0.17454 -0.100652 6.00053 65988 1.0000007 280256 102533 6 2 506499.08 9.38524 22.1003 24.486625 94 1050298 231096 41228 253 0 0 0 0 0 0 553 308278 16990
24.493375 0.17454 -0.0999453 6.00054 65990 1.0000007 280256 102534 5 2 510642.9 9.38524 22.1003 24.493375 86 1047206 230727 41611 254 0 0 0 0 0 0 553 308283 17129
24.5 0.17454 -0.0992515 6.00055 65991 1.0000007 280102 102436 5 2 512878.77 9.38524 22.1003 24.5 88 1046252 230153 41426 255 0 0 0 0 0 0 553 308130 17204
24.506625 0.17454 -0.0985576 6.00056 65993 1.0000007 280090 102383 4 2 500119.4 9.38524 22.1003 24.506625 90 1044945 228497 41049 256 0 0 0 0 0 0 553 308097 16776
24.513375 0.17454 -0.0978507 6.00058 65994 1.0000007 279914 102319 5 2 502772.63 9.38524 22.1003 24.513375 89 1042446 228890 41022 257 0 0 0 0 0 0 553 307903 16865
24.52 0.17454 -0.0971569 6.00059 65996 1.0000007 280034 102390 6 2 503816.04 9.38524 22.1003 24.52 86 1046229 230028 41118 258 0 0 0 0 0 0 553 308017 16900
24.526625 0.17454 -0.096463 6.0006 65997 1.0000007 279707 102153 6 2 503398.68 9.38524 22.1003 24.526625 94 1042923 228271 40618 259 0 0 0 0 0 0 553 307725 16886
24.533375 0.17454 -0.0957561 6.00061 65999 1.0000007 279704 102206 5 2 502534.14 9.38524 22.1003 24.533375 89 1042654 228164 40534 260 0 0 0 0 0 0 553 307696 16857
24.54 0.17454 -0.0950622 6.00062 66000 1.0000007 279854 102223 5 2 501699.42 9.38524 22.1003 24.54 90 1043393 228768 40985 261 0 0 0 0 0 0 553 307835 16829
24.546625 0.17454 -0.0943684 6.00063 66002 1.0000007 279568 102077 6 2 502236.03 9.38524 22.1003 24.546625 85 1041838 227786 40830 262 0 0 0 0 0 0 553 307551 16847
24.553375 0.17454 -0.0936615 6.00064 66003 1.0000007 279777 102068 6 2 500894.5 9.38524 22.1003 24.553375 90 1042108 228491 40764 263 0 0 0 0 0 0 553 307788 16802
24.56 0.17454 -0.0929676 6.00065 66005 1.0000007 279446 102000 5 2 499910.72 9.38524 22.1003 24.56 91 1038169 226952 40618 264 0 0 0 0 0 0 553 307429 16769
24.566625 0.17454 -0.0922738 6.00066 66006 1.0000007 279547 101951 5 2 492308.76 9.38524 22.1003 24.566625 91 1038266 226217 40407 265 0 0 0 0 0 0 553 307557 16514
24.573375 0.17454 -0.0915669 6.00068 66008 1.0000007 279368 101946 6 2 497257.49 9.38524 22.1003 24.573375 92 1038393 226399 40481 266 0 0 0 0 0 0 553 307349 16680
24.58 0.17454 -0.090873 6.00069 66009 1.0000007 279324 101768 6 2 495856.34 9.38524 22.1003 24.58 92 1039419 227069 40607 267 0 0 0 0 0 0 553 307337 16633
24.586625 0.17454 -0.0901792 6.0007 66011 1.0000007 279387 101939 5 2 498539.39 9.38524 22.1003 24.586625 87 1038065 227069 40417 268 0 0 0 0 0 0 553 307360 16723
24.593375 0.17454 -0.0894722 6.00071 66012 1.0000007 279169 101659 6 2 495498.6 9.38524 22.1003 24.593375 89 1035444 225799 40311 269 0 0 0 0 0 0 553 307184 16621
24.6 0.17454 -0.0887784 6.00072 66014 1.0000007 279070 101649 5 2 502176.4 9.38524 22.1003 24.6 87 1035301 226145 40641 270 0 0 0 0 0 0 553 307078 16845
24.606625 0.17454 -0.0880845 6.00073 66015 1.0000007 279014 101606 6 2 499851.1 9.38524 22.1003 24.606625 89 1033651 225558 40697 271 0 0 0 0 0 0 553 307036 16767
24.613375 0.17454 -0.0873776 6.00074 66016 1.0000007 279062 101657 5 2 497406.55 9.38524 22.1003 24.613375 88 1032690 226114 40434 272 0 0 0 0 0 0 553 307094 16685
24.62 0.17454 -0.0866837 6.00075 66018 1.0000007 278941 101509 6 2 495170.68 9.38524 22.1003 24.62 96 1033386 224398 40434 273 0 0 0 0 0 0 553 306951 16610
24.626625 0.17454 -0.0859899 6.00076 66019 1.0000007 278871 101534 5 2 489178.54 9.38524 22.1003 24.626625 88 1034631 225055 40120 274 0 0 0 0 0 0 553 306883 16409
24.633375 0.17454 -0.0852829 6.00077 66021 1.0000007 278849 101371 6 2 496422.76 9.38524 22.1003 24.633375 96 1032922 224511 40301 275 0 0 0 0 0 0 553 306860 16652
24.64 0.17454 -0.0845891 6.00078 66022 1.0000007 278816 101555 6 2 497346.92 9.38524 22.1003 24.64 89 1031890 225091 40454 276 0 0 0 0 0 0 553 306829 16683
24.646625 0.17454 -0.0838952 6.00079 66024 1.0000007 278838 101385 6 2 486137.76 9.38524 22.1003 24.646625 88 1030456 224471 39770 277 0 0 0 0 0 0 553 306883 16307
24.653375 0.17454 -0.0831882 6.0008 66025 1.0000007 278657 101424 6 2 494604.26 9.38524 22.1003 24.653375 91 1029871 224782 40348 278 0 0 0 0 0 0 553 306641 16591
24.66 0.17454 -0.0824944 6.00081 66027 1.0000007 278780 101409 5 2 494723.5 9.38524 22.1003 24.66 89 1028951 224336 40508 279 0 0 0 0 0 0 553 306801 16595
24.666625 0.17454 -0.0818005 6.00082 66028 1.0000007 278572 101343 6 2 489595.91 9.38524 22.1003 24.666625 89 1026942 222398 39782 280 0 0 0 0 0 0 553 306582 16423
24.673375 0.17454 -0.0810936 6.00083 66030 1.0000007 278592 101247 5 2 494902.37 9.38524 22.1003 24.673375 86 1028191 223892 40075 281 0 0 0 0 0 0 553 306592 16601
24.68 0.17454 -0.0803997 6.00084 66031 1.0000007 278515 101269 5 2 491533.66 9.38524 22.1003 24.68 88 1025237 223480 40047 282 0 0 0 0 0 0 553 306525 16488
24.686625 0.17454 -0.0797058 6.00084 66033 1.0000007 278728 101380 5 2 488284.2 9.38524 22.1003 24.686625 85 1025701 222668 39885 283 0 0 0 0 0 0 553 306728 16379
24.693375 0.17454 -0.0789989 6.00085 66034 1.0000007 278377 101201 6 2 492070.27 9.38524 22.1003 24.693375 89 1025111 222761 39869 284 0 0 0 0 0 0 553 306375 16506
24.7 0.17454 -0.078305 6.00086 66036 1.0000007 278484 101165 5 2 494186.89 9.38524 22.1003 24.7 89 1027574 223762 40038 285 0 0 0 0 0 0 553 306512 16577
24.706625 0.17454 -0.0776111 6.00087 66037 1.0000007 278411 101178 5 2 492755.94 9.38524 22.1003 24.706625 96 1026348 223494 39924 286 0 0 0 0 0 0 553 306449 16529
24.713375 0.17454 -0.0769042 6.00088 66038 1.0000007 278594 101279 7 2 501460.92 9.38524 22.1003 24.713375 85 1024057 223422 40198 287 0 0 0 0 0 0 553 306611 16821
24.72 0.17454 -0.0762103 6.00089 66040 1.0000007 278289 101133 5 2 488612.12 9.38524 22.1003 24.72 85 1024563 222289 39907 288 0 0 0 0 0 0 553 306320 16390
24.726625 0.17454 -0.0755164 6.0009 66041 1.0000007 278442 101184 5 2 491324.98 9.38524 22.1003 24.726625 88 1024026 222905 40206 289 0 0 0 0 0 0 553 306508 16481
24.733375 0.17454 -0.0748095 6.00091 66043 1.0000007 278230 101053 5 2 492606.88 9.38524 22.1003 24.733375 85 1021521 222256 39900 290 0 0 0 0 0 0 553 306227 16524
24.74 0.17454 -0.0741156 6.00092 66044 1.0000007 278348 101168 6 2 488999.67 9.38524 22.1003 24.74 90 1023751 222867 40200 291 0 0 0 0 0 0 553 306381 16403
24.746625 0.17454 -0.0734217 6.00093 66046 1.0000007 278215 101039 5 2 491235.54 9.38524 22.1003 24.746625 91 1023500 222939 40103 292 0 0 0 0 0 0 553 306232 16478
24.753375 0.17454 -0.0727148 6.00093 66047 1.0000007 278350 101142 5 2 496601.63 9.38524 22.1003 24.753375 90 1022400 223155 40017 293 0 0 0 0 0 0 553 306357 16658
24.76 0.17454 -0.0720209 6.00094 66049 1.0000007 278364 101116 5 2 490132.52 9.38524 22.1003 24.76 84 1023796 222332 40077 294 0 0 0 0 0 0 553 306407 16441
24.766625 0.17454 -0.071327 6.00095 66050 1.0000007 278354 101198 6 2 494574.44 9.38524 22.1003 24.766625 95 1022220 222418 39734 295 0 0 0 0 0 0 553 306386 16590
24.773375 0.17454 -0.07062 6.00096 66052 1.0000007 278323 101176 6 2 487151.36 9.38524 22.1003 24.773375 87 1019988 221636 39774 296 0 0 0 0 0 0 553 306335 16341
24.78 0.17454 -0.0699261 6.00097 66053 1.0000007 278334 101206 6 2 492278.95 9.38524 22.1003 24.78 92 1021853 222539 40162 297 0 0 0 0 0 0 553 306322 16513
24.786625 0.17454 -0.0692323 6.00097 66055 1.0000007 278202 101082 6 2 484140.38 9.38524 22.1003 24.786625 90 1021873 221823 39663 298 0 0 0 0 0 0 553 306193 16240
24.793375 0.17454 -0.0685253 6.00098 66056 1.0000007 278347 101230 6 2 487389.85 9.38524 22.1003 24.793375 90 1019335 221425 39905 299 0 0 0 0 0 0 553 306343 16349
24.8 0.17454 -0.0678314 6.00099 66058 1.0000007 278267 101069 7 2 485869.46 9.38524 22.1003 24.8 85 1018977 220975 39535 300 0 0 0 0 0 0 553 306284 16298