Eta  H  K  L  Epoch  Sec  ion1  Hubmon  scan_bar  Filters  Correct  Qmag  Energy  Graze  p_peak  p_total  p_del_s  p_nu_s  p_image  p_xcen  p_xsig  p_ycen  p_ysig  power  tempsp  gun_on  ion0  p_point
22.4 0.194824 -0.319816 5.99318 22407 0.5000007 141728 51868 4 2 252504.25 9.3867431 22.1003 22.4 51 521811 113920 20690 0 0 0 0 0 0 0 553 155540 8470
22.406625 0.194824 -0.319123 5.99322 22408 0.5000007 141697 51821 4 2 246780.42 9.3867431 22.1003 22.406625 53 522406 114520 20525 1 0 0 0 0 0 0 553 155524 8278
22.413375 0.194824 -0.318417 5.99326 22409 0.5000007 141708 51849 5 2 252861.99 9.3867431 22.1003 22.413375 48 521248 113574 20338 2 0 0 0 0 0 0 553 155525 8482
22.42 0.194824 -0.317724 5.9933 22410 0.5000007 141743 51912 5 2 246005.32 9.3867431 22.1003 22.42 54 521484 113834 20184 3 0 0 0 0 0 0 553 155555 8252
22.426625 0.194824 -0.317031 5.99333 22411 0.5000007 141785 51942 5 2 248926.86 9.3867431 22.1003 22.426625 53 522484 113767 20349 4 0 0 0 0 0 0 553 155594 8350
22.433375 0.194824 -0.316325 5.99337 22412 0.5000007 141840 51955 4 2 256886.56 9.3867431 22.1003 22.433375 52 522883 114002 20646 5 0 0 0 0 0 0 553 155666 8617
22.44 0.194824 -0.315632 5.99341 22413 0.5000007 141846 51933 4 2 250447.25 9.3867431 22.1003 22.44 56 523243 113945 20395 6 0 0 0 0 0 0 553 155667 8401
22.446625 0.194824 -0.314939 5.99344 22414 0.5000007 141808 51943 5 2 254680.5 9.3867431 22.1003 22.446625 51 523942 114360 20604 7 0 0 0 0 0 0 553 155626 8543
22.453375 0.194824 -0.314233 5.99348 22415 0.5000007 141820 51947 4 2 253607.28 9.3867431 22.1003 22.453375 54 523666 114133 20623 8 0 0 0 0 0 0 553 155638 8507
22.46 0.194824 -0.31354 5.99352 22416 0.5000007 141780 51922 3 2 253398.6 9.3867431 22.1003 22.46 53 522741 113544 20415 9 0 0 0 0 0 0 553 155596 8500
22.466625 0.194824 -0.312847 5.99355 22417 0.5000007 141876 52010 4 2 252951.43 9.3867431 22.1003 22.466625 49 523784 114162 20506 10 0 0 0 0 0 0 553 155700 8485
22.473375 0.194824 -0.312141 5.99359 22418 0.5000007 141893 51986 5 2 254263.14 9.3867431 22.1003 22.473375 52 525524 114994 20865 11 0 0 0 0 0 0 553 155712 8529
22.48 0.194824 -0.311447 5.99363 22419 0.5000007 141756 51905 4 2 254501.63 9.3867431 22.1003 22.48 57 523579 114281 20569 12 0 0 0 0 0 0 553 155565 8537
22.486625 0.194824 -0.310754 5.99366 22420 0.5000007 141906 52036 3 2 258943.56 9.3867431 22.1003 22.486625 48 524554 115028 20839 13 0 0 0 0 0 0 553 155716 8686
22.493375 0.194824 -0.310048 5.9937 22421 0.5000007 141832 52009 4 2 251878.21 9.3867431 22.1003 22.493375 50 525031 114380 20627 14 0 0 0 0 0 0 553 155641 8449
22.5 0.194824 -0.309355 5.99373 22422 0.5000007 141807 51948 3 2 255157.48 9.3867431 22.1003 22.5 54 524808 114298 20539 15 0 0 0 0 0 0 553 155623 8559
22.506625 0.194824 -0.308662 5.99377 22423 0.5000007 141930 52073 5 2 252414.82 9.3867431 22.1003 22.506625 52 525046 115088 20454 16 0 0 0 0 0 0 553 155741 8467
22.513375 0.194824 -0.307956 5.99381 22424 0.5000007 141864 51989 5 2 252116.7 9.3867431 22.1003 22.513375 51 525160 114963 20693 17 0 0 0 0 0 0 553 155679 8457
22.52 0.194824 -0.307263 5.99384 22425 0.5000007 141897 52013 4 2 255217.11 9.3867431 22.1003 22.52 49 525667 114971 20790 18 0 0 0 0 0 0 553 155714 8561
22.526625 0.194824 -0.30657 5.99388 22426 0.5000007 141913 52030 5 2 252593.69 9.3867431 22.1003 22.526625 53 527637 115301 20524 19 0 0 0 0 0 0 553 155739 8473
22.533375 0.194824 -0.305864 5.99391 22427 0.5000007 141806 51947 4 2 250119.32 9.3867431 22.1003 22.533375 51 526116 115101 20665 20 0 0 0 0 0 0 553 155610 8390
22.54 0.194824 -0.305171 5.99395 22428 0.5000007 141929 52039 5 2 253100.48 9.3867431 22.1003 22.54 53 526213 114738 20728 21 0 0 0 0 0 0 553 155729 8490
22.546625 0.194824 -0.304478 5.99398 22429 0.5000007 141871 52055 4 2 255872.96 9.3867431 22.1003 22.546625 52 525480 114562 20811 22 0 0 0 0 0 0 553 155678 8583
22.553375 0.194824 -0.303772 5.99402 22430 0.5000007 141936 52069 4 2 256499.01 9.3867431 22.1003 22.553375 52 527167 115020 20719 23 0 0 0 0 0 0 553 155756 8604
22.56 0.194824 -0.303079 5.99405 22431 0.5000007 141913 52078 4 2 258794.5 9.3867431 22.1003 22.56 50 527636 115348 20886 24 0 0 0 0 0 0 553 155738 8681
22.566625 0.194824 -0.302385 5.99409 22432 0.5000007 141955 52055 4 2 258585.82 9.3867431 22.1003 22.566625 53 528706 115403 20936 25 0 0 0 0 0 0 553 155771 8674
22.573375 0.194824 -0.301679 5.99413 22433 0.5000007 141849 52053 4 2 259360.92 9.3867431 22.1003 22.573375 48 529024 116223 21007 26 0 0 0 0 0 0 553 155658 8700
22.58 0.194824 -0.300986 5.99416 22434 0.5000007 141888 52057 5 2 257691.47 9.3867431 22.1003 22.58 50 528951 115786 21086 27 0 0 0 0 0 0 553 155700 8644
22.586625 0.194824 -0.300293 5.99419 22435 0.5000007 141844 51981 4 2 258168.46 9.3867431 22.1003 22.586625 55 528119 115891 20949 28 0 0 0 0 0 0 553 155657 8660
22.593375 0.194824 -0.299587 5.99423 22436 0.5000007 141927 52078 4 2 255246.92 9.3867431 22.1003 22.593375 51 528063 115298 20598 29 0 0 0 0 0 0 553 155729 8562
22.6 0.194824 -0.298894 5.99426 22437 0.5000007 141864 52028 3 2 260613.01 9.3867431 22.1003 22.6 52 529143 115949 20919 30 0 0 0 0 0 0 553 155660 8742
22.606625 0.194824 -0.298201 5.9943 22438 0.5000007 141932 52062 4 2 259867.72 9.3867431 22.1003 22.606625 56 528967 115592 20884 31 0 0 0 0 0 0 553 155747 8717
22.613375 0.194824 -0.297495 5.99433 22439 0.5000007 141854 51998 4 2 256141.27 9.3867431 22.1003 22.613375 52 530054 115554 20896 32 0 0 0 0 0 0 553 155660 8592
22.62 0.194824 -0.296801 5.99437 22440 0.5000007 141928 52076 4 2 264577.95 9.3867431 22.1003 22.62 50 530966 116401 21198 33 0 0 0 0 0 0 553 155729 8875
22.626625 0.194824 -0.296108 5.9944 22441 0.5000007 141790 52000 4 2 258585.82 9.3867431 22.1003 22.626625 54 529094 116097 20850 34 0 0 0 0 0 0 553 155600 8674
22.633375 0.194824 -0.295402 5.99444 22442 0.5000007 141873 52064 3 2 251758.96 9.3867431 22.1003 22.633375 58 529708 115921 20783 35 0 0 0 0 0 0 553 155679 8445
22.64 0.194824 -0.294709 5.99447 22443 0.5000007 141855 51989 4 2 252057.08 9.3867431 22.1003 22.64 51 528899 115705 20659 36 0 0 0 0 0 0 553 155651 8455
22.646625 0.194824 -0.294016 5.99451 22444 0.5000007 141807 52005 3 2 254412.19 9.3867431 22.1003 22.646625 52 529218 116056 20881 37 0 0 0 0 0 0 553 155596 8534
22.653375 0.194824 -0.29331 5.99454 22445 0.5000007 141918 52070 5 2 262312.27 9.3867431 22.1003 22.653375 52 529466 115873 21108 38 0 0 0 0 0 0 553 155734 8799
22.66 0.194824 -0.292616 5.99457 22446 0.5000007 141750 51969 4 2 260762.07 9.3867431 22.1003 22.66 49 530638 116133 20902 39 0 0 0 0 0 0 553 155561 8747
22.666625 0.194824 -0.291923 5.99461 22447 0.5000007 141920 52083 3 2 263266.24 9.3867431 22.1003 22.666625 48 530955 116550 21147 40 0 0 0 0 0 0 553 155742 8831
22.673375 0.194824 -0.291217 5.99464 22448 0.5000007 141786 52002 5 2 258287.7 9.3867431 22.1003 22.673375 53 531770 116797 21006 41 0 0 0 0 0 0 553 155575 8664
22.68 0.194824 -0.290524 5.99468 22449 0.5000007 141754 51965 4 2 256171.08 9.3867431 22.1003 22.68 53 529678 116142 21053 42 0 0 0 0 0 0 553 155557 8593
22.686625 0.194824 -0.289831 5.99471 22450 0.5000007 141855 52042 5 2 261388.11 9.3867431 22.1003 22.686625 57 532170 117234 21229 43 0 0 0 0 0 0 553 155667 8768
22.693375 0.194824 -0.289125 5.99474 22451 0.5000007 141863 52047 5 2 257810.72 9.3867431 22.1003 22.693375 51 532897 117243 21049 44 0 0 0 0 0 0 553 155670 8648
22.7 0.194824 -0.288431 5.99478 22452 0.5000007 141879 52081 4 2 259509.98 9.3867431 22.1003 22.7 52 532541 117042 21207 45 0 0 0 0 0 0 553 155694 8705
22.706625 0.194824 -0.287738 5.99481 22452 0.5000007 141856 52072 3 2 258585.82 9.3867431 22.1003 22.706625 52 532541 117013 21075 46 0 0 0 0 0 0 553 155666 8674
22.713375 0.194824 -0.287032 5.99484 22453 0.5000007 141847 52053 5 2 253189.92 9.3867431 22.1003 22.713375 51 532427 117018 21075 47 0 0 0 0 0 0 553 155653 8493
22.72 0.194824 -0.286339 5.99488 22454 0.5000007 142014 52146 3 2 260285.08 9.3867431 22.1003 22.72 55 533723 117388 20925 48 0 0 0 0 0 0 553 155815 8731
22.726625 0.194824 -0.285646 5.99491 22455 0.5000007 141919 52056 3 2 265472.3 9.3867431 22.1003 22.726625 53 536100 118009 21319 49 0 0 0 0 0 0 553 155722 8905
22.733375 0.194824 -0.284939 5.99494 22456 0.5000007 141906 52079 4 2 262729.63 9.3867431 22.1003 22.733375 56 535196 118059 21311 50 0 0 0 0 0 0 553 155709 8813
22.74 0.194824 -0.284246 5.99498 22457 0.5000007 141841 52071 4 2 261596.79 9.3867431 22.1003 22.74 58 534351 117650 21252 51 0 0 0 0 0 0 553 155651 8775
22.746625 0.194824 -0.283553 5.99501 22458 0.5000007 141804 52046 5 2 260642.82 9.3867431 22.1003 22.746625 49 535714 117448 21120 52 0 0 0 0 0 0 553 155600 8743
22.753375 0.194824 -0.282847 5.99504 22459 0.5000007 141923 52111 4 2 268155.34 9.3867431 22.1003 22.753375 52 536026 118369 21499 53 0 0 0 0 0 0 553 155733 8995
22.76 0.194824 -0.282154 5.99508 22460 0.5000007 141900 52126 3 2 268870.82 9.3867431 22.1003 22.76 49 536500 118713 21479 54 0 0 0 0 0 0 553 155708 9019
22.766625 0.194824 -0.28146 5.99511 22461 0.5000007 141927 52109 4 2 262371.89 9.3867431 22.1003 22.766625 52 536077 118206 21437 55 0 0 0 0 0 0 553 155728 8801
22.773375 0.194824 -0.280754 5.99514 22462 0.5000007 141856 52014 5 2 264637.57 9.3867431 22.1003 22.773375 50 535976 118038 21354 56 0 0 0 0 0 0 553 155671 8877
22.78 0.194824 -0.280061 5.99517 22463 0.5000007 141906 52123 4 2 270570.08 9.3867431 22.1003 22.78 51 539437 119480 21730 57 0 0 0 0 0 0 553 155707 9076
22.786625 0.194824 -0.279368 5.99521 22464 0.5000007 141935 52114 4 2 265710.79 9.3867431 22.1003 22.786625 51 538277 118512 21536 58 0 0 0 0 0 0 553 155751 8913
22.793375 0.194824 -0.278661 5.99524 22465 0.5000007 141978 52133 4 2 261060.18 9.3867431 22.1003 22.793375 49 539095 118588 21271 59 0 0 0 0 0 0 553 155776 8757
22.8 0.194824 -0.277968 5.99527 22466 0.5000007 141968 52165 4 2 265830.04 9.3867431 22.1003 22.8 54 538839 119113 21683 60 0 0 0 0 0 0 553 155763 8917
22.806625 0.194824 -0.277275 5.9953 22467 0.5000007 141956 52156 4 2 269407.43 9.3867431 22.1003 22.806625 56 538982 119346 21674 61 0 0 0 0 0 0 553 155757 9037
22.813375 0.194824 -0.276569 5.99534 22468 0.5000007 141976 52181 5 2 266277.21 9.3867431 22.1003 22.813375 51 539803 119238 21725 62 0 0 0 0 0 0 553 155783 8932
22.82 0.194824 -0.275875 5.99537 22469 0.5000007 142027 52174 4 2 263504.73 9.3867431 22.1003 22.82 53 540870 119550 21461 63 0 0 0 0 0 0 553 155816 8839
22.826625 0.194824 -0.275182 5.9954 22470 0.5000007 141990 52155 4 2 271792.36 9.3867431 22.1003 22.826625 50 541372 119542 21805 64 0 0 0 0 0 0 553 155786 9117
22.833375 0.194824 -0.274476 5.99543 22471 0.5000007 142070 52197 4 2 269347.81 9.3867431 22.1003 22.833375 50 542521 120383 21991 65 0 0 0 0 0 0 553 155877 9035
22.84 0.194824 -0.273783 5.99546 22472 0.5000007 142064 52255 4 2 268244.78 9.3867431 22.1003 22.84 52 544046 120566 21806 66 0 0 0 0 0 0 553 155878 8998
22.846625 0.194824 -0.273089 5.9955 22473 0.5000007 142053 52259 4 2 273670.49 9.3867431 22.1003 22.846625 53 544596 121629 22031 67 0 0 0 0 0 0 553 155849 9180
22.853375 0.194824 -0.272383 5.99553 22474 0.5000007 142072 52207 3 2 266396.46 9.3867431 22.1003 22.853375 55 544500 120650 21811 68 0 0 0 0 0 0 553 155869 8936
22.86 0.194824 -0.27169 5.99556 22475 0.5000007 140599 51624 5 2 266456.08 9.3867431 22.1003 22.86 68 537415 119377 21583 69 0 0 0 0 0 0 553 154338 8938
22.866625 0.194824 -0.270996 5.99559 22476 0.5000007 142293 52387 4 2 270152.72 9.3867431 22.1003 22.866625 68 546269 121750 21983 70 0 0 0 0 0 0 553 156097 9062
22.873375 0.194824 -0.27029 5.99562 22477 0.5000007 142384 52418 4 2 273968.6 9.3867431 22.1003 22.873375 70 549314 122235 22087 71 0 0 0 0 0 0 553 156163 9190
22.88 0.194824 -0.269597 5.99565 22478 0.5000007 142349 52420 3 2 276413.16 9.3867431 22.1003 22.88 85 548117 122607 22339 72 0 0 0 0 0 0 553 156165 9272
22.886625 0.194824 -0.268904 5.99569 22479 0.5000007 142385 52444 4 2 275489 9.3867431 22.1003 22.886625 84 550551 122609 22186 73 0 0 0 0 0 0 553 156186 9241
22.893375 0.194824 -0.268197 5.99572 22480 0.5000007 142506 52506 4 2 275250.5 9.3867431 22.1003 22.893375 101 552126 124152 22378 74 0 0 0 0 0 0 553 156325 9233
22.9 0.194824 -0.267504 5.99575 22481 0.5000007 142426 52507 4 2 276383.34 9.3867431 22.1003 22.9 118 552552 123693 22302 75 0 0 0 0 0 0 553 156213 9271
22.906625 0.194824 -0.266811 5.99578 22482 0.5000007 142368 52451 5 2 273282.94 9.3867431 22.1003 22.906625 154 553788 124395 22423 76 0 0 0 0 0 0 553 156150 9167
22.913375 0.194824 -0.266104 5.99581 22483 0.5000007 142488 52535 5 2 281540.75 9.3867431 22.1003 22.913375 212 556025 125114 22723 77 0 0 0 0 0 0 553 156302 9444
22.92 0.194824 -0.265411 5.99584 22484 0.5000007 142430 52476 5 2 280914.71 9.3867431 22.1003 22.92 179 556920 126244 22802 78 0 0 0 0 0 0 553 156220 9423
22.926625 0.194824 -0.264718 5.99587 22485 0.5000007 142533 52514 4 2 287741.56 9.3867431 22.1003 22.926625 167 560974 127141 23035 79 0 0 0 0 0 0 553 156333 9652
22.933375 0.194824 -0.264011 5.9959 22486 0.5000007 142443 52519 4 2 293644.26 9.3867431 22.1003 22.933375 174 560374 127725 23286 80 0 0 0 0 0 0 553 156219 9850
22.94 0.194824 -0.263318 5.99593 22487 0.5000007 142460 52535 4 2 279603 9.3867431 22.1003 22.94 204 563353 128369 22609 81 0 0 0 0 0 0 553 156241 9379
22.946625 0.194824 -0.262625 5.99596 22488 0.5000007 142422 52498 4 2 284164.17 9.3867431 22.1003 22.946625 233 564377 129392 22867 82 0 0 0 0 0 0 553 156225 9532
22.953375 0.194824 -0.261918 5.99599 22489 0.5000007 142567 52558 3 2 285147.95 9.3867431 22.1003 22.953375 285 567686 130969 23131 83 0 0 0 0 0 0 553 156370 9565
22.96 0.194824 -0.261225 5.99602 22490 0.5000007 142571 52596 4 2 288158.93 9.3867431 22.1003 22.96 374 570822 132044 23235 84 0 0 0 0 0 0 553 156371 9666
22.966625 0.194824 -0.260532 5.99605 22491 0.5000007 142529 52556 4 2 287204.95 9.3867431 22.1003 22.966625 430 573518 132496 23136 85 0 0 0 0 0 0 553 156316 9634
22.973375 0.194824 -0.259825 5.99609 22492 0.5000007 142512 52573 4 2 289112.9 9.3867431 22.1003 22.973375 542 579185 135307 23453 86 0 0 0 0 0 0 553 156304 9698
22.98 0.194824 -0.259132 5.99612 22493 0.5000007 142476 52534 4 2 291408.39 9.3867431 22.1003 22.98 684 584428 136639 23569 87 0 0 0 0 0 0 553 156268 9775
22.986625 0.194824 -0.258439 5.99615 22494 0.5000007 142402 52512 4 2 287920.43 9.3867431 22.1003 22.986625 914 589011 138099 23381 88 0 0 0 0 0 0 553 156190 9658
22.993375 0.194824 -0.257732 5.99618 22495 0.5000007 142471 52537 4 2 295283.9 9.3867431 22.1003 22.993375 1178 595221 139744 23751 89 0 0 0 0 0 0 553 156270 9905
23 0.194824 -0.257039 5.99621 22496 0.5000007 142565 52639 4 2 288695.53 9.3867431 22.1003 23 1309 600904 142358 23556 90 0 0 0 0 0 0 553 156367 9684
23.006625 0.194824 -0.256346 5.99624 22497 0.5000007 142451 52543 3 2 294151.06 9.3867431 22.1003 23.006625 1488 605886 145100 23799 91 0 0 0 0 0 0 553 156245 9867
23.013375 0.194824 -0.255639 5.99627 22498 0.5000007 142534 52592 4 2 301603.96 9.3867431 22.1003 23.013375 1438 612537 148611 24211 92 0 0 0 0 0 0 553 156345 10117
23.02 0.194824 -0.254946 5.99629 22499 0.5000007 142469 52590 3 2 298294.87 9.3867431 22.1003 23.02 1388 617964 151456 24082 93 0 0 0 0 0 0 553 156276 10006
23.026625 0.194824 -0.254253 5.99632 22500 0.5000007 142538 52592 5 2 300173 9.3867431 22.1003 23.026625 1449 626145 154734 24429 94 0 0 0 0 0 0 553 156318 10069
23.033375 0.194824 -0.253546 5.99635 22501 0.5000007 142424 52482 5 2 299576.77 9.3867431 22.1003 23.033375 1640 635957 159151 24440 95 0 0 0 0 0 0 553 156220 10049
23.04 0.194824 -0.252853 5.99638 22502 0.5000007 142569 52618 5 2 306433.44 9.3867431 22.1003 23.04 1956 646938 163442 24884 96 0 0 0 0 0 0 553 156345 10279
23.046625 0.194824 -0.252159 5.99641 22503 0.5000007 142564 52589 3 2 312932.37 9.3867431 22.1003 23.046625 2448 662194 169520 25011 97 0 0 0 0 0 0 553 156360 10497
23.053375 0.194824 -0.251453 5.99644 22504 0.5000007 142485 52547 3 2 316807.87 9.3867431 22.1003 23.053375 3189 680928 175176 25560 98 0 0 0 0 0 0 553 156279 10627
23.06 0.194824 -0.25076 5.99647 22505 0.5000007 142513 52577 5 2 314422.95 9.3867431 22.1003 23.06 5151 705302 181310 25303 99 0 0 0 0 0 0 553 156301 10547
23.066625 0.194824 -0.250066 5.9965 22506 0.5000007 142390 52507 3 2 314273.89 9.3867431 22.1003 23.066625 8945 738672 190254 25542 100 0 0 0 0 0 0 553 156186 10542
23.073375 0.194824 -0.24936 5.99653 22507 0.5000007 142460 52534 4 2 323932.85 9.3867431 22.1003 23.073375 16145 780207 200087 25998 101 0 0 0 0 0 0 553 156255 10866
23.08 0.194824 -0.248666 5.99656 22508 0.5000007 142458 52550 5 2 325781.16 9.3867431 22.1003 23.08 22451 835152 212919 26242 102 0 0 0 0 0 0 553 156249 10928
23.086625 0.194824 -0.247973 5.99659 22509 0.5000007 142393 52540 5 2 329984.6 9.3867431 22.1003 23.086625 27661 877765 226983 26678 103 0 0 0 0 0 0 553 156187 11069
23.093375 0.194824 -0.247267 5.99662 22510 0.5000007 142477 52550 3 2 334992.95 9.3867431 22.1003 23.093375 27773 915486 244523 27093 104 0 0 0 0 0 0 553 156265 11237
23.1 0.194824 -0.246573 5.99664 22511 0.5000007 142327 52473 3 2 339196.38 9.3867431 22.1003 23.1 23161 944166 261399 27448 105 0 0 0 0 0 0 553 156112 11378
23.106625 0.194824 -0.24588 5.99667 22512 0.5000007 142426 52534 4 2 346023.24 9.3867431 22.1003 23.106625 20841 987068 287313 28175 106 0 0 0 0 0 0 553 156224 11607
23.113375 0.194824 -0.245173 5.9967 22513 0.5000007 142366 52507 5 2 348527.42 9.3867431 22.1003 23.113375 20688 1015875 314749 28365 107 0 0 0 0 0 0 553 156157 11691
23.12 0.194824 -0.24448 5.99673 22513 0.5000007 142386 52478 4 2 368829.12 9.3867431 22.1003 23.12 18690 1038643 344677 29660 108 0 0 0 0 0 0 553 156171 12372
23.126625 0.194824 -0.243787 5.99676 22514 0.5000007 142338 52467 5 2 377712.97 9.3867431 22.1003 23.126625 13063 1069175 382805 30451 109 0 0 0 0 0 0 553 156144 12670
23.133375 0.194824 -0.24308 5.99679 22515 0.5000007 142327 52450 4 2 389577.99 9.3867431 22.1003 23.133375 9472 1114332 427359 31901 110 0 0 0 0 0 0 553 156114 13068
23.14 0.194824 -0.242387 5.99682 22516 0.5000007 142402 52496 4 2 406958.15 9.3867431 22.1003 23.14 7957 1156185 475684 33797 111 0 0 0 0 0 0 553 156184 13651
23.146625 0.194824 -0.241693 5.99684 22517 0.5000007 142310 52484 4 2 437395.8 9.3867431 22.1003 23.146625 7995 1181754 525812 36096 112 0 0 0 0 0 0 553 156097 14672
23.153375 0.194824 -0.240987 5.99687 22518 0.5000007 142419 52492 5 2 480503.37 9.3867431 22.1003 23.153375 10234 1210219 582514 39117 113 0 0 0 0 0 0 553 156216 16118
23.16 0.194824 -0.240293 5.9969 22519 0.5000007 142237 52428 4 2 536996.35 9.3867431 22.1003 23.16 11608 1232346 641294 44127 114 0 0 0 0 0 0 553 156031 18013
23.166625 0.194824 -0.2396 5.99693 22520 0.5000007 142290 52444 4 2 612598.57 9.3867431 22.1003 23.166625 13061 1263992 703817 50918 115 0 0 0 0 0 0 553 156090 20549
23.173375 0.194824 -0.238894 5.99696 22521 0.5000007 142333 52475 5 2 718072.01 9.3867431 22.1003 23.173375 14958 1304913 770141 62029 116 0 0 0 0 0 0 553 156107 24087
23.18 0.194824 -0.2382 5.99698 22522 0.5000007 142353 52473 4 2 854340.83 9.3867431 22.1003 23.18 16266 1359773 844484 79935 117 0 0 0 0 0 0 553 156150 28658
23.186625 0.194824 -0.237507 5.99701 22523 0.5000007 142267 52450 4 2 1045313.9 9.3867431 22.1003 23.186625 17304 1412401 911418 107562 118 0 0 0 0 0 0 553 156057 35064
23.193375 0.194824 -0.2368 5.99704 22524 0.5000007 142255 52395 4 2 1295403.5 9.3867431 22.1003 23.193375 15994 1470803 983915 146157 119 0 0 0 0 0 0 553 156043 43453
23.2 0.194824 -0.236107 5.99707 22525 0.5000007 142221 52402 4 2 1537175.5 9.3867431 22.1003 23.2 13377 1523198 1045815 186613 120 0 0 0 0 0 0 553 156021 51563
23.206625 0.194824 -0.235413 5.99709 22526 0.5000007 142236 52384 5 2 1820654 9.3867431 22.1003 23.206625 12316 1573385 1103546 226051 121 0 0 0 0 0 0 553 156041 61072
23.213375 0.194824 -0.234707 5.99712 22527 0.5000007 142252 52402 4 2 2248510.1 9.3867431 22.1003 23.213375 11893 1621323 1159077 267270 122 0 0 0 0 0 0 553 156047 75424
23.22 0.194824 -0.234013 5.99715 22528 0.5000007 142138 52365 5 2 2707757.8 9.3867431 22.1003 23.22 10554 1640040 1183070 286408 123 0 0 0 0 0 0 553 155917 90829
23.226625 0.194824 -0.23332 5.99718 22529 0.5000007 142340 52484 4 2 3138714.3 9.3867431 22.1003 23.226625 10694 1647942 1193745 289849 124 0 0 0 0 0 0 553 156125 105285
23.233375 0.194824 -0.232613 5.9972 22530 0.5000007 142171 52332 3 2 3500925.2 9.3867431 22.1003 23.233375 13240 1620272 1168771 282059 125 0 0 0 0 0 0 553 155960 117435
23.24 0.194824 -0.23192 5.99723 22531 0.5000007 142302 52453 5 2 3596232.9 9.3867431 22.1003 23.24 18004 1596386 1148736 271446 126 0 0 0 0 0 0 553 156092 120632
23.246625 0.194824 -0.231227 5.99726 22532 0.5000007 142143 52347 4 2 3513297.1 9.3867431 22.1003 23.246625 18176 1576493 1130201 259101 127 0 0 0 0 0 0 553 155940 117850
23.253375 0.194824 -0.23052 5.99728 22533 0.5000007 142181 52391 3 2 3362033 9.3867431 22.1003 23.253375 15781 1570803 1124561 251250 128 0 0 0 0 0 0 553 155960 112776
23.26 0.194824 -0.229827 5.99731 22534 0.5000007 142171 52317 5 2 3158509.2 9.3867431 22.1003 23.26 19016 1579092 1134616 250146 129 0 0 0 0 0 0 553 155968 105949
23.266625 0.194824 -0.229133 5.99734 22535 0.5000007 142200 52404 5 2 2830760.5 9.3867431 22.1003 23.266625 22455 1564661 1120421 248651 130 0 0 0 0 0 0 553 155996 94955
23.273375 0.194824 -0.228427 5.99736 22536 0.5000007 142174 52361 4 2 2478417.2 9.3867431 22.1003 23.273375 22285 1496062 1051598 244807 131 0 0 0 0 0 0 553 155974 83136
23.28 0.194824 -0.227733 5.99739 22537 0.5000007 142155 52344 5 2 2160625.5 9.3867431 22.1003 23.28 13135 1382653 938989 225649 132 0 0 0 0 0 0 553 155944 72476
23.286625 0.194824 -0.22704 5.99742 22538 0.5000007 142113 52304 4 2 1902725.4 9.3867431 22.1003 23.286625 10391 1272125 829264 200580 133 0 0 0 0 0 0 553 155910 63825
23.293375 0.194824 -0.226333 5.99744 22539 0.5000007 142151 52299 5 2 1679138.4 9.3867431 22.1003 23.293375 12795 1192885 748974 166889 134 0 0 0 0 0 0 553 155954 56325
23.3 0.194824 -0.22564 5.99747 22540 0.5000007 142172 52369 4 2 1510464.3 9.3867431 22.1003 23.3 13466 1144760 700257 142777 135 0 0 0 0 0 0 553 155946 50667
23.306625 0.194824 -0.224946 5.9975 22541 0.5000007 142272 52403 4 2 1390651.5 9.3867431 22.1003 23.306625 15896 1118743 674643 127047 136 0 0 0 0 0 0 553 156064 46648
23.313375 0.194824 -0.22424 5.99752 22542 0.5000007 142086 52348 4 2 1277128.9 9.3867431 22.1003 23.313375 19751 1107136 663195 113429 137 0 0 0 0 0 0 553 155902 42840
23.32 0.194824 -0.223546 5.99755 22543 0.5000007 142107 52302 4 2 1196160.6 9.3867431 22.1003 23.32 22967 1113136 668597 103905 138 0 0 0 0 0 0 553 155889 40124
23.326625 0.194824 -0.222853 5.99757 22544 0.5000007 142149 52323 5 2 1108991.5 9.3867431 22.1003 23.326625 23532 1124661 679172 96038 139 0 0 0 0 0 0 553 155934 37200
23.333375 0.194824 -0.222146 5.9976 22545 0.5000007 142086 52297 3 2 1067285.1 9.3867431 22.1003 23.333375 20064 1120692 674289 91150 140 0 0 0 0 0 0 553 155887 35801
23.34 0.194824 -0.221452 5.99763 22546 0.5000007 142135 52380 4 2 1067285.1 9.3867431 22.1003 23.34 20064 1120692 674289 86609 141 0 0 0 0 0 0 553 155938 35801
23.346625 0.194824 -0.220759 5.99765 22547 0.5000007 142159 52327 4 2 977075.19 9.3867431 22.1003 23.346625 13375 1103787 656099 83686 142 0 0 0 0 0 0 553 155950 32775
23.353375 0.194824 -0.220052 5.99768 22548 0.5000007 142083 52308 5 2 927677.37 9.3867431 22.1003 23.353375 10499 1119505 670699 79806 143 0 0 0 0 0 0 553 155876 31118
23.36 0.194824 -0.219359 5.9977 22549 0.5000007 142116 52337 4 2 901711.47 9.3867431 22.1003 23.36 13073 1171862 720742 78091 144 0 0 0 0 0 0 553 155910 30247
23.366625 0.194824 -0.218665 5.99773 22550 0.5000007 142145 52319 3 2 874910.84 9.3867431 22.1003 23.366625 21791 1280821 828706 76774 145 0 0 0 0 0 0 553 155955 29348
23.373375 0.194824 -0.217959 5.99775 22551 0.5000007 142230 52427 4 2 855205.37 9.3867431 22.1003 23.373375 38510 1474693 1019367 75386 146 0 0 0 0 0 0 553 156024 28687
23.38 0.194824 -0.217265 5.99778 22552 0.5000007 142165 52328 5 2 845307.92 9.3867431 22.1003 23.38 64292 1743783 1286651 75462 147 0 0 0 0 0 0 553 155969 28355
23.386625 0.194824 -0.216572 5.9978 22553 0.5000007 142189 52356 4 2 825900.57 9.3867431 22.1003 23.386625 84690 2015121 1554943 75026 148 0 0 0 0 0 0 553 155968 27704
23.393375 0.194824 -0.215865 5.99783 22554 0.5000007 142078 52328 3 2 834009.32 9.3867431 22.1003 23.393375 85326 2142682 1681294 75926 149 0 0 0 0 0 0 553 155887 27976
23.4 0.194824 -0.215172 5.99785 22555 0.5000007 142140 52348 4 2 830491.55 9.3867431 22.1003 23.4 71301 2062088 1596164 76025 150 0 0 0 0 0 0 553 155924 27858
23.406625 0.194824 -0.214478 5.99788 22556 0.5000007 142114 52361 5 2 833442.9 9.3867431 22.1003 23.406625 50888 1892582 1425488 76559 151 0 0 0 0 0 0 553 155904 27957
23.413375 0.194824 -0.213772 5.9979 22557 0.5000007 142074 52327 4 2 833562.15 9.3867431 22.1003 23.413375 37776 1783743 1315747 77496 152 0 0 0 0 0 0 553 155850 27961
23.42 0.194824 -0.213078 5.99793 22558 0.5000007 142283 52447 4 2 837735.77 9.3867431 22.1003 23.42 34782 1716261 1247175 78818 153 0 0 0 0 0 0 553 156064 28101
23.426625 0.194824 -0.212384 5.99795 22559 0.5000007 142051 52325 5 2 834754.61 9.3867431 22.1003 23.426625 31369 1625293 1158878 79676 154 0 0 0 0 0 0 553 155819 28001
23.433375 0.194824 -0.211678 5.99798 22560 0.5000007 142097 52329 4 2 859468.43 9.3867431 22.1003 23.433375 27514 1571458 1103357 81727 155 0 0 0 0 0 0 553 155900 28830
23.44 0.194824 -0.210984 5.998 22560 0.5000007 142155 52351 3 2 869485.13 9.3867431 22.1003 23.44 26387 1546953 1077514 83198 156 0 0 0 0 0 0 553 155934 29166
23.446625 0.194824 -0.210291 5.99803 22561 0.5000007 142107 52371 4 2 870528.53 9.3867431 22.1003 23.446625 26371 1538444 1070244 84667 157 0 0 0 0 0 0 553 155885 29201
23.453375 0.194824 -0.209584 5.99805 22562 0.5000007 142185 52399 4 2 868650.4 9.3867431 22.1003 23.453375 25561 1552553 1086610 85686 158 0 0 0 0 0 0 553 155990 29138
23.46 0.194824 -0.208891 5.99808 22563 0.5000007 142135 52345 5 2 860422.4 9.3867431 22.1003 23.46 23308 1556194 1091893 85916 159 0 0 0 0 0 0 553 155899 28862
23.466625 0.194824 -0.208197 5.9981 22564 0.5000007 142116 52349 5 2 847543.79 9.3867431 22.1003 23.466625 22700 1571954 1108864 86131 160 0 0 0 0 0 0 553 155903 28430
23.473375 0.194824 -0.20749 5.99812 22565 0.5000007 142167 52366 5 2 841879.58 9.3867431 22.1003 23.473375 23242 1588555 1126117 86713 161 0 0 0 0 0 0 553 155965 28240
23.48 0.194824 -0.206797 5.99815 22567 0.5000007 142212 52429 3 2 820206.55 9.3867431 22.1003 23.48 33535 1595841 1134433 86302 162 0 0 0 0 0 0 553 156011 27513
23.486625 0.194824 -0.206103 5.99817 22567 0.5000007 142116 52327 4 2 792571.2 9.3867431 22.1003 23.486625 36939 1600377 1141212 85425 163 0 0 0 0 0 0 553 155906 26586
23.493375 0.194824 -0.205397 5.9982 22569 0.5000007 142147 52333 4 2 790991.18 9.3867431 22.1003 23.493375 36832 1596862 1138046 85854 164 0 0 0 0 0 0 553 155955 26533
23.5 0.194824 -0.204703 5.99822 22570 0.5000007 142047 52304 4 2 782077.51 9.3867431 22.1003 23.5 33778 1579670 1124118 85659 165 0 0 0 0 0 0 553 155817 26234
23.506625 0.194824 -0.20401 5.99824 22570 0.5000007 142115 52302 5 2 760225.61 9.3867431 22.1003 23.506625 32289 1630354 1176249 84968 166 0 0 0 0 0 0 553 155892 25501
23.513375 0.194824 -0.203303 5.99827 22571 0.5000007 142179 52434 4 2 751520.62 9.3867431 22.1003 23.513375 118964 1885877 1432319 85807 167 0 0 0 0 0 0 553 155982 25209
23.52 0.194824 -0.202609 5.99829 22572 0.5000007 141980 52283 5 2 769705.7 9.3867431 22.1003 23.52 309460 2445862 1993385 88324 168 0 0 0 0 0 0 553 155752 25819
23.526625 0.194824 -0.201916 5.99831 22573 0.5000007 142112 52365 3 2 746601.71 9.3867431 22.1003 23.526625 197500 2338514 1886504 85947 169 0 0 0 0 0 0 553 155911 25044
23.533375 0.194824 -0.201209 5.99834 22574 0.5000007 142138 52355 5 2 737956.35 9.3867431 22.1003 23.533375 77432 1844733 1395667 83818 170 0 0 0 0 0 0 553 155925 24754
23.54 0.194824 -0.200516 5.99836 22575 0.5000007 142296 52431 4 2 736704.26 9.3867431 22.1003 23.54 79822 1737754 1287421 82579 171 0 0 0 0 0 0 553 156096 24712
23.546625 0.194824 -0.199822 5.99838 22576 0.5000007 142234 52402 4 2 741146.19 9.3867431 22.1003 23.546625 97130 1775328 1325655 81244 172 0 0 0 0 0 0 553 156037 24861
23.553375 0.194824 -0.199115 5.99841 22577 0.5000007 142095 52346 4 2 754501.78 9.3867431 22.1003 23.553375 135519 1953758 1506938 80645 173 0 0 0 0 0 0 553 155897 25309
23.56 0.194824 -0.198422 5.99843 22578 0.5000007 142113 52335 5 2 767469.83 9.3867431 22.1003 23.56 91612 1881250 1434359 79161 174 0 0 0 0 0 0 553 155914 25744
23.566625 0.194824 -0.197728 5.99845 22579 0.5000007 142083 52295 5 2 768543.05 9.3867431 22.1003 23.566625 51786 1831523 1386871 77347 175 0 0 0 0 0 0 553 155878 25780
23.573375 0.194824 -0.197021 5.99848 22580 0.5000007 142033 52282 4 2 786489.63 9.3867431 22.1003 23.573375 53662 1741987 1295940 75509 176 0 0 0 0 0 0 553 155839 26382
23.58 0.194824 -0.196328 5.9985 22581 0.5000007 142025 52253 4 2 787473.41 9.3867431 22.1003 23.58 45824 1611367 1167176 73527 177 0 0 0 0 0 0 553 155809 26415
23.586625 0.194824 -0.195634 5.99852 22582 0.5000007 142142 52353 5 2 793584.79 9.3867431 22.1003 23.586625 62318 1521716 1077504 71750 178 0 0 0 0 0 0 553 155939 26620
23.593375 0.194824 -0.194928 5.99855 22583 0.5000007 142038 52291 4 2 785714.53 9.3867431 22.1003 23.593375 71316 1431110 988660 70484 179 0 0 0 0 0 0 553 155829 26356
23.6 0.194824 -0.194234 5.99857 22584 0.5000007 141977 52267 4 2 767767.95 9.3867431 22.1003 23.6 32462 1300873 859360 68231 180 0 0 0 0 0 0 553 155781 25754
23.606625 0.194824 -0.19354 5.99859 22585 0.5000007 142004 52243 4 2 749016.45 9.3867431 22.1003 23.606625 31253 1189353 748762 65783 181 0 0 0 0 0 0 553 155795 25125
23.613375 0.194824 -0.192834 5.99861 22586 0.5000007 142049 52281 5 2 716074.63 9.3867431 22.1003 23.613375 16452 1095484 654582 63904 182 0 0 0 0 0 0 553 155852 24020
23.62 0.194824 -0.19214 5.99864 22587 0.5000007 142055 52309 4 2 677856.16 9.3867431 22.1003 23.62 9709 1027280 586750 61776 183 0 0 0 0 0 0 553 155835 22738
23.626625 0.194824 -0.191446 5.99866 22588 0.5000007 141938 52196 4 2 644467.17 9.3867431 22.1003 23.626625 8613 968942 530538 59724 184 0 0 0 0 0 0 553 155732 21618
23.633375 0.194824 -0.19074 5.99868 22589 0.5000007 141933 52204 4 2 602522.25 9.3867431 22.1003 23.633375 8551 920993 481741 56850 185 0 0 0 0 0 0 553 155708 20211
23.64 0.194824 -0.190046 5.9987 22590 0.5000007 141877 52182 4 2 579626.94 9.3867431 22.1003 23.64 7241 883165 445555 54435 186 0 0 0 0 0 0 553 155652 19443
23.646625 0.194824 -0.189352 5.99872 22591 0.5000007 141855 52154 5 2 548414.19 9.3867431 22.1003 23.646625 6005 856469 420098 52288 187 0 0 0 0 0 0 553 155638 18396
23.653375 0.194824 -0.188646 5.99875 22592 0.5000007 141964 52187 4 2 518036.17 9.3867431 22.1003 23.653375 6330 838464 400647 50048 188 0 0 0 0 0 0 553 155759 17377
23.66 0.194824 -0.187952 5.99877 22593 0.5000007 141845 52173 4 2 499195.24 9.3867431 22.1003 23.66 7219 826618 389720 48061 189 0 0 0 0 0 0 553 155618 16745
23.666625 0.194824 -0.187259 5.99879 22594 0.5000007 141874 52169 4 2 482530.56 9.3867431 22.1003 23.666625 7458 808711 373038 46142 190 0 0 0 0 0 0 553 155669 16186
23.673375 0.194824 -0.186552 5.99881 22595 0.5000007 140306 51461 5 2 458144.67 9.3867431 22.1003 23.673375 6590 786800 356990 43677 191 0 0 0 0 0 0 553 153968 15368
23.68 0.194824 -0.185858 5.99883 22596 0.5000007 141896 52132 4 2 452927.64 9.3867431 22.1003 23.68 6637 790251 354478 42898 192 0 0 0 0 0 0 553 155681 15193
23.686625 0.194824 -0.185165 5.99886 22597 0.5000007 141810 52090 4 2 437485.23 9.3867431 22.1003 23.686625 6336 776596 342352 41312 193 0 0 0 0 0 0 553 155617 14675
23.693375 0.194824 -0.184458 5.99888 22598 0.5000007 141952 52180 5 2 429436.1 9.3867431 22.1003 23.693375 5053 768376 334084 40268 194 0 0 0 0 0 0 553 155746 14405
23.7 0.194824 -0.183764 5.9989 22599 0.5000007 141864 52101 4 2 413665.76 9.3867431 22.1003 23.7 5610 763891 329113 38997 195 0 0 0 0 0 0 553 155695 13876
23.706625 0.194824 -0.183071 5.99892 22600 0.5000007 141811 52102 4 2 401741.12 9.3867431 22.1003 23.706625 5279 747696 314338 37999 196 0 0 0 0 0 0 553 155622 13476
23.713375 0.194824 -0.182364 5.99894 22601 0.5000007 141848 52068 5 2 396941.45 9.3867431 22.1003 23.713375 4394 733046 299877 36898 197 0 0 0 0 0 0 553 155661 13315
23.72 0.194824 -0.18167 5.99896 22602 0.5000007 141817 52015 4 2 388057.6 9.3867431 22.1003 23.72 4052 719086 286587 35889 198 0 0 0 0 0 0 553 155625 13017
23.726625 0.194824 -0.180976 5.99898 22603 0.5000007 141728 52014 5 2 382274.15 9.3867431 22.1003 23.726625 3300 704097 271504 35305 199 0 0 0 0 0 0 553 155537 12823
23.733375 0.194824 -0.18027 5.999 22604 0.5000007 141773 52010 5 2 377474.48 9.3867431 22.1003 23.733375 2498 691185 259483 34252 200 0 0 0 0 0 0 553 155579 12662
23.74 0.194824 -0.179576 5.99902 22605 0.5000007 141719 51996 5 2 367577.03 9.3867431 22.1003 23.74 1886 685190 253956 33911 201 0 0 0 0 0 0 553 155525 12330
23.746625 0.194824 -0.178882 5.99905 22606 0.5000007 141745 52006 6 2 367785.71 9.3867431 22.1003 23.746625 1867 682008 251257 33136 202 0 0 0 0 0 0 553 155562 12337
23.753375 0.194824 -0.178176 5.99907 22607 0.5000007 141617 51917 4 2 355682.2 9.3867431 22.1003 23.753375 1645 684391 254242 32412 203 0 0 0 0 0 0 553 155433 11931
23.76 0.194824 -0.177482 5.99909 22608 0.5000007 141493 51861 5 2 353684.82 9.3867431 22.1003 23.76 2214 689069 259176 32217 204 0 0 0 0 0 0 553 155301 11864
23.766625 0.194824 -0.176788 5.99911 22609 0.5000007 141686 51923 4 2 349511.2 9.3867431 22.1003 23.766625 2535 697430 268109 31773 205 0 0 0 0 0 0 553 155495 11724
23.773375 0.194824 -0.176082 5.99913 22610 0.5000007 141531 51842 5 2 352432.74 9.3867431 22.1003 23.773375 3028 705229 275256 31480 206 0 0 0 0 0 0 553 155342 11822
23.78 0.194824 -0.175388 5.99915 22611 0.5000007 141596 51886 5 2 355771.63 9.3867431 22.1003 23.78 3756 713144 283296 31227 207 0 0 0 0 0 0 553 155420 11934
23.786625 0.194824 -0.174694 5.99917 22612 0.5000007 141492 51795 4 2 346380.98 9.3867431 22.1003 23.786625 3581 712156 283665 30661 208 0 0 0 0 0 0 553 155297 11619
23.793375 0.194824 -0.173988 5.99919 22613 0.5000007 141352 51748 5 2 345605.88 9.3867431 22.1003 23.793375 3578 700698 273887 30694 209 0 0 0 0 0 0 553 155155 11593
23.8 0.194824 -0.173294 5.99921 22614 0.5000007 141427 51736 4 2 342863.21 9.3867431 22.1003 23.8 3170 683436 256303 30291 210 0 0 0 0 0 0 553 155249 11501
23.806625 0.194824 -0.1726 5.99923 22615 0.5000007 141411 51725 4 2 348408.17 9.3867431 22.1003 23.806625 2380 661923 233681 30042 211 0 0 0 0 0 0 553 155240 11687
23.813375 0.194824 -0.171893 5.99925 22616 0.5000007 141314 51644 5 2 349272.71 9.3867431 22.1003 23.813375 1740 642914 217376 29958 212 0 0 0 0 0 0 553 155103 11716
23.82 0.194824 -0.1712 5.99927 22616 0.5000007 141406 51748 4 2 352969.34 9.3867431 22.1003 23.82 1239 631556 205027 29990 213 0 0 0 0 0 0 553 155211 11840
23.826625 0.194824 -0.170506 5.99929 22618 0.5000007 141402 51715 4 2 347841.75 9.3867431 22.1003 23.826625 912 620472 195016 29143 214 0 0 0 0 0 0 553 155206 11668
23.833375 0.194824 -0.169799 5.99931 22619 0.5000007 141344 51695 4 2 361406.03 9.3867431 22.1003 23.833375 812 615711 189826 29512 215 0 0 0 0 0 0 553 155145 12123
23.84 0.194824 -0.169106 5.99933 22620 0.5000007 141301 51627 5 2 356934.29 9.3867431 22.1003 23.84 709 612483 186502 29346 216 0 0 0 0 0 0 553 155116 11973
23.846625 0.194824 -0.168412 5.99935 22621 0.5000007 141307 51653 5 2 350524.79 9.3867431 22.1003 23.846625 615 607261 182068 28790 217 0 0 0 0 0 0 553 155139 11758
23.853375 0.194824 -0.167705 5.99937 22622 0.5000007 141139 51519 4 2 352790.47 9.3867431 22.1003 23.853375 550 602781 178168 28391 218 0 0 0 0 0 0 553 154968 11834
23.86 0.194824 -0.167011 5.99939 22623 0.5000007 141244 51586 4 2 336781.65 9.3867431 22.1003 23.86 472 602046 176395 27601 219 0 0 0 0 0 0 553 155049 11297
23.866625 0.194824 -0.166318 5.99941 22624 0.5000007 141222 51564 5 2 330193.28 9.3867431 22.1003 23.866625 481 598437 174554 27422 220 0 0 0 0 0 0 553 155029 11076
23.873375 0.194824 -0.165611 5.99943 22624 0.5000007 141086 51491 4 2 317195.42 9.3867431 22.1003 23.873375 594 596354 172550 26238 221 0 0 0 0 0 0 553 154899 10640
23.88 0.194824 -0.164917 5.99945 22625 0.5000007 141071 51501 4 2 313141.05 9.3867431 22.1003 23.88 673 595280 171581 25548 222 0 0 0 0 0 0 553 154903 10504
23.886625 0.194824 -0.164223 5.99946 22626 0.5000007 141113 51478 5 2 302259.81 9.3867431 22.1003 23.886625 819 592685 169280 25022 223 0 0 0 0 0 0 553 154921 10139
23.893375 0.194824 -0.163517 5.99948 22627 0.5000007 141160 51501 4 2 299606.58 9.3867431 22.1003 23.893375 1004 592421 169586 24640 224 0 0 0 0 0 0 553 154984 10050
23.9 0.194824 -0.162823 5.9995 22628 0.5000007 141075 51483 4 2 286996.27 9.3867431 22.1003 23.9 1241 591707 169475 23794 225 0 0 0 0 0 0 553 154898 9627
23.906625 0.194824 -0.162129 5.99952 22629 0.5000007 141056 51425 4 2 288457.04 9.3867431 22.1003 23.906625 1559 591964 170035 23774 226 0 0 0 0 0 0 553 154876 9676
23.913375 0.194824 -0.161422 5.99954 22630 0.5000007 141076 51448 4 2 285028.71 9.3867431 22.1003 23.913375 2125 591315 170282 23492 227 0 0 0 0 0 0 553 154885 9561
23.92 0.194824 -0.160729 5.99956 22631 0.5000007 140925 51357 4 2 284104.55 9.3867431 22.1003 23.92 2740 592372 171786 23338 228 0 0 0 0 0 0 553 154736 9530
23.926625 0.194824 -0.160035 5.99958 22632 0.5000007 140893 51331 5 2 282077.36 9.3867431 22.1003 23.926625 3022 592854 172103 23136 229 0 0 0 0 0 0 553 154724 9462
23.933375 0.194824 -0.159328 5.9996 22633 0.5000007 140833 51317 4 2 278678.84 9.3867431 22.1003 23.933375 3195 592366 172004 22821 230 0 0 0 0 0 0 553 154660 9348
23.94 0.194824 -0.158635 5.99962 22634 0.5000007 140849 51335 4 2 281779.24 9.3867431 22.1003 23.94 3822 591263 171789 23009 231 0 0 0 0 0 0 553 154657 9452
23.946625 0.194824 -0.157941 5.99963 22635 0.5000007 140915 51341 4 2 282435.1 9.3867431 22.1003 23.946625 4087 589532 169683 22788 232 0 0 0 0 0 0 553 154733 9474
23.953375 0.194824 -0.157234 5.99965 22636 0.5000007 140805 51279 5 2 279275.07 9.3867431 22.1003 23.953375 3298 585262 166063 22793 233 0 0 0 0 0 0 553 154632 9368
23.96 0.194824 -0.15654 5.99967 22637 0.5000007 140920 51351 5 2 274356.15 9.3867431 22.1003 23.96 2769 581997 162809 22476 234 0 0 0 0 0 0 553 154753 9203
23.966625 0.194824 -0.155846 5.99969 22638 0.5000007 140802 51253 5 2 273402.18 9.3867431 22.1003 23.966625 2320 575718 158297 22389 235 0 0 0 0 0 0 553 154643 9171
23.973375 0.194824 -0.15514 5.99971 22639 0.5000007 140794 51263 4 2 275101.44 9.3867431 22.1003 23.973375 1697 572782 154586 22507 236 0 0 0 0 0 0 553 154604 9228
23.98 0.194824 -0.154446 5.99972 22640 0.5000007 140824 51296 5 2 272686.71 9.3867431 22.1003 23.98 1399 569550 151037 22306 237 0 0 0 0 0 0 553 154649 9147
23.986625 0.194824 -0.153752 5.99974 22641 0.5000007 140755 51202 4 2 269079.5 9.3867431 22.1003 23.986625 1381 564661 147164 21977 238 0 0 0 0 0 0 553 154555 9026
23.993375 0.194824 -0.153045 5.99976 22642 0.5000007 140823 51249 5 2 273402.18 9.3867431 22.1003 23.993375 1244 562393 144661 22443 239 0 0 0 0 0 0 553 154660 9171
24 0.194824 -0.152352 5.99978 22643 0.5000007 140734 51220 5 2 270599.89 9.3867431 22.1003 24 1046 557816 140942 22043 240 0 0 0 0 0 0 553 154542 9077
24.006625 0.194824 -0.151658 5.9998 22644 0.5000007 140797 51262 4 2 268095.72 9.3867431 22.1003 24.006625 928 555820 137451 21826 241 0 0 0 0 0 0 553 154625 8993
24.013375 0.194824 -0.150951 5.99981 22645 0.5000007 140764 51259 5 2 268304.4 9.3867431 22.1003 24.013375 832 551182 134326 21880 242 0 0 0 0 0 0 553 154581 9000
24.02 0.194824 -0.150257 5.99983 22646 0.5000007 140665 51167 5 2 264697.2 9.3867431 22.1003 24.02 556 547998 131497 21774 243 0 0 0 0 0 0 553 154484 8879
24.026625 0.194824 -0.149564 5.99985 22647 0.5000007 140842 51309 4 2 263504.73 9.3867431 22.1003 24.026625 356 544237 128909 21759 244 0 0 0 0 0 0 553 154659 8839
24.033375 0.194824 -0.148857 5.99987 22648 0.5000007 140744 51245 5 2 268274.59 9.3867431 22.1003 24.033375 240 544316 127461 21735 245 0 0 0 0 0 0 553 154567 8999
24.04 0.194824 -0.148163 5.99988 22649 0.5000007 140772 51242 4 2 271762.55 9.3867431 22.1003 24.04 151 542167 125809 21837 246 0 0 0 0 0 0 553 154590 9116
24.046625 0.194824 -0.147469 5.9999 22650 0.5000007 140678 51173 4 2 265889.66 9.3867431 22.1003 24.046625 114 539484 124336 21256 247 0 0 0 0 0 0 553 154501 8919
24.053375 0.194824 -0.146762 5.99992 22651 0.5000007 140746 51228 5 2 262312.27 9.3867431 22.1003 24.053375 85 539086 124033 21587 248 0 0 0 0 0 0 553 154566 8799
24.06 0.194824 -0.146069 5.99993 22652 0.5000007 140755 51217 4 2 268542.89 9.3867431 22.1003 24.06 80 538798 123426 21693 249 0 0 0 0 0 0 553 154588 9008
24.066625 0.194824 -0.145375 5.99995 22653 0.5000007 140731 51247 4 2 271404.81 9.3867431 22.1003 24.066625 63 537116 122595 21758 250 0 0 0 0 0 0 553 154548 9104
24.073375 0.194824 -0.144668 5.99997 22654 0.5000007 140668 51217 5 2 264637.57 9.3867431 22.1003 24.073375 54 534719 121130 21379 251 0 0 0 0 0 0 553 154469 8877
24.08 0.194824 -0.143974 5.99998 22655 0.5000007 138320 50296 5 2 261328.49 9.3867431 22.1003 24.08 57 526419 119227 21129 252 0 0 0 0 0 0 553 152019 8766
24.086625 0.194824 -0.14328 6 22656 0.5000007 141460 51587 4 2 266128.15 9.3867431 22.1003 24.086625 56 538184 121839 21378 253 0 0 0 0 0 0 553 155271 8927
24.093375 0.194824 -0.142574 6.00002 22657 0.5000007 141408 51553 4 2 262848.88 9.3867431 22.1003 24.093375 51 538630 121531 21540 254 0 0 0 0 0 0 553 155228 8817
24.1 0.194824 -0.14188 6.00003 22658 0.5000007 141408 51539 4 2 266128.15 9.3867431 22.1003 24.1 50 537910 121420 21489 255 0 0 0 0 0 0 553 155223 8927
24.106625 0.194824 -0.141186 6.00005 22659 0.5000007 141521 51582 5 2 265114.56 9.3867431 22.1003 24.106625 53 537798 120708 21474 256 0 0 0 0 0 0 553 155349 8893
24.113375 0.194824 -0.140479 6.00007 22660 0.5000007 141486 51621 4 2 261209.24 9.3867431 22.1003 24.113375 50 536119 120248 21416 257 0 0 0 0 0 0 553 155310 8762
24.12 0.194824 -0.139785 6.00008 22661 0.5000007 141440 51546 5 2 269973.85 9.3867431 22.1003 24.12 50 536651 120505 21587 258 0 0 0 0 0 0 553 155268 9056
24.126625 0.194824 -0.139092 6.0001 22662 0.5000007 141494 51576 5 2 257393.35 9.3867431 22.1003 24.126625 53 535478 119546 21200 259 0 0 0 0 0 0 553 155305 8634
24.133375 0.194824 -0.138385 6.00012 22663 0.5000007 141463 51590 5 2 263445.11 9.3867431 22.1003 24.133375 52 534889 119907 21167 260 0 0 0 0 0 0 553 155273 8837
24.14 0.194824 -0.137691 6.00013 22664 0.5000007 141481 51568 4 2 264548.14 9.3867431 22.1003 24.14 47 534729 119597 21447 261 0 0 0 0 0 0 553 155298 8874
24.146625 0.194824 -0.136997 6.00015 22665 0.5000007 141504 51632 5 2 263653.79 9.3867431 22.1003 24.146625 52 535326 119298 21607 262 0 0 0 0 0 0 553 155309 8844
24.153375 0.194824 -0.13629 6.00016 22666 0.5000007 141549 51664 4 2 257810.72 9.3867431 22.1003 24.153375 51 533879 118173 20928 263 0 0 0 0 0 0 553 155367 8648
24.16 0.194824 -0.135597 6.00018 22667 0.5000007 141552 51644 4 2 259808.09 9.3867431 22.1003 24.16 49 533702 118635 21304 264 0 0 0 0 0 0 553 155362 8715
24.166625 0.194824 -0.134903 6.0002 22668 0.5000007 141536 51640 4 2 264220.21 9.3867431 22.1003 24.166625 49 533343 118453 21069 265 0 0 0 0 0 0 553 155366 8863
24.173375 0.194824 -0.134196 6.00021 22669 0.5000007 141576 51706 4 2 258645.44 9.3867431 22.1003 24.173375 54 533572 118297 21121 266 0 0 0 0 0 0 553 155365 8676
24.18 0.194824 -0.133502 6.00023 22670 0.5000007 141578 51709 5 2 257274.11 9.3867431 22.1003 24.18 49 531974 117757 21101 267 0 0 0 0 0 0 553 155396 8630
24.186625 0.194824 -0.132808 6.00024 22671 0.5000007 141596 51720 4 2 259360.92 9.3867431 22.1003 24.186625 55 532296 117758 20916 268 0 0 0 0 0 0 553 155415 8700
24.193375 0.194824 -0.132101 6.00026 22672 0.5000007 141662 51735 4 2 259569.6 9.3867431 22.1003 24.193375 51 532592 118263 21072 269 0 0 0 0 0 0 553 155472 8707
24.2 0.194824 -0.131408 6.00027 22673 0.5000007 141690 51793 5 2 260881.31 9.3867431 22.1003 24.2 48 530523 117693 21221 270 0 0 0 0 0 0 553 155498 8751
24.206625 0.194824 -0.130714 6.00029 22674 0.5000007 141725 51826 5 2 259032.99 9.3867431 22.1003 24.206625 52 529628 116865 21020 271 0 0 0 0 0 0 553 155538 8689
24.213375 0.194824 -0.130007 6.0003 22675 0.5000007 141761 51828 5 2 256200.89 9.3867431 22.1003 24.213375 54 531675 117354 20789 272 0 0 0 0 0 0 553 155577 8594
24.22 0.194824 -0.129313 6.00032 22676 0.5000007 141625 51770 4 2 255992.21 9.3867431 22.1003 24.22 50 531523 117338 21058 273 0 0 0 0 0 0 553 155421 8587
24.226625 0.194824 -0.128619 6.00033 22677 0.5000007 141756 51810 4 2 258734.88 9.3867431 22.1003 24.226625 50 530947 116961 20989 274 0 0 0 0 0 0 553 155592 8679
24.233375 0.194824 -0.127912 6.00035 22678 0.5000007 141607 51752 5 2 257125.05 9.3867431 22.1003 24.233375 51 530040 116673 20983 275 0 0 0 0 0 0 553 155396 8625
24.24 0.194824 -0.127219 6.00036 22679 0.5000007 141749 51849 5 2 253040.86 9.3867431 22.1003 24.24 54 529303 116459 20818 276 0 0 0 0 0 0 553 155572 8488
24.246625 0.194824 -0.126525 6.00038 22680 0.5000007 141742 51836 4 2 259450.35 9.3867431 22.1003 24.246625 52 529862 116828 21020 277 0 0 0 0 0 0 553 155550 8703
24.253375 0.194824 -0.125818 6.00039 22681 0.5000007 141732 51871 4 2 259331.11 9.3867431 22.1003 24.253375 50 529047 116662 20970 278 0 0 0 0 0 0 553 155535 8699
24.26 0.194824 -0.125124 6.00041 22682 0.5000007 141729 51850 5 2 252206.14 9.3867431 22.1003 24.26 51 528254 116356 20872 279 0 0 0 0 0 0 553 155545 8460
24.266625 0.194824 -0.12443 6.00042 22683 0.5000007 141808 51895 4 2 256618.25 9.3867431 22.1003 24.266625 48 530301 116706 21065 280 0 0 0 0 0 0 553 155611 8608
24.273375 0.194824 -0.123723 6.00044 22684 0.5000007 141888 51926 4 2 257035.62 9.3867431 22.1003 24.273375 53 528287 115784 20791 281 0 0 0 0 0 0 553 155715 8622
24.28 0.194824 -0.123029 6.00045 22685 0.5000007 141837 51908 5 2 251222.35 9.3867431 22.1003 24.28 130 528728 115899 20870 282 0 0 0 0 0 0 553 155664 8427
24.286625 0.194824 -0.122336 6.00047 22686 0.5000007 141864 51957 5 2 254084.27 9.3867431 22.1003 24.286625 49 528983 116443 20739 283 0 0 0 0 0 0 553 155683 8523
24.293375 0.194824 -0.121629 6.00048 22687 0.5000007 141943 52022 4 2 255276.73 9.3867431 22.1003 24.293375 51 528364 115320 20552 284 0 0 0 0 0 0 553 155761 8563
24.3 0.194824 -0.120935 6.00049 22688 0.5000007 141909 51988 4 2 258943.56 9.3867431 22.1003 24.3 50 527639 115531 20795 285 0 0 0 0 0 0 553 155720 8686
24.306625 0.194824 -0.120241 6.00051 22689 0.5000007 141843 51986 5 2 256528.82 9.3867431 22.1003 24.306625 48 527287 115141 20796 286 0 0 0 0 0 0 553 155643 8605
24.313375 0.194824 -0.119534 6.00052 22690 0.5000007 141864 51990 4 2 254173.7 9.3867431 22.1003 24.313375 52 526962 115613 20670 287 0 0 0 0 0 0 553 155674 8526
24.32 0.194824 -0.11884 6.00054 22691 0.5000007 141828 51972 5 2 254412.19 9.3867431 22.1003 24.32 49 526558 115099 20749 288 0 0 0 0 0 0 553 155639 8534
24.326625 0.194824 -0.118147 6.00055 22692 0.5000007 141861 51985 4 2 253488.03 9.3867431 22.1003 24.326625 51 526665 114904 20369 289 0 0 0 0 0 0 553 155651 8503
24.333375 0.194824 -0.11744 6.00056 22693 0.5000007 142075 52164 4 2 248837.43 9.3867431 22.1003 24.333375 53 528544 115467 20539 290 0 0 0 0 0 0 553 155881 8347
24.34 0.194824 -0.116746 6.00058 22694 0.5000007 141994 52084 5 2 256856.75 9.3867431 22.1003 24.34 48 527426 115563 20801 291 0 0 0 0 0 0 553 155799 8616
24.346625 0.194824 -0.116052 6.00059 22695 0.5000007 141898 52061 5 2 249880.83 9.3867431 22.1003 24.346625 54 526554 114932 20515 292 0 0 0 0 0 0 553 155684 8382
24.353375 0.194824 -0.115345 6.0006 22695 0.5000007 142040 52130 4 2 253189.92 9.3867431 22.1003 24.353375 51 526664 115616 20563 293 0 0 0 0 0 0 553 155840 8493
24.36 0.194824 -0.114651 6.00062 22696 0.5000007 142084 52119 4 2 254173.7 9.3867431 22.1003 24.36 54 526831 115287 20547 294 0 0 0 0 0 0 553 155897 8526
24.366625 0.194824 -0.113957 6.00063 22697 0.5000007 142079 52164 5 2 258705.06 9.3867431 22.1003 24.366625 51 525320 115071 20857 295 0 0 0 0 0 0 553 155892 8678
24.373375 0.194824 -0.11325 6.00064 22698 0.5000007 142047 52143 5 2 248837.43 9.3867431 22.1003 24.373375 48 525290 114539 20230 296 0 0 0 0 0 0 553 155845 8347
24.38 0.194824 -0.112557 6.00066 22699 0.5000007 142163 52225 5 2 257929.96 9.3867431 22.1003 24.38 54 528509 115454 20951 297 0 0 0 0 0 0 553 155971 8652
24.386625 0.194824 -0.111863 6.00067 22700 0.5000007 142102 52149 4 2 253935.21 9.3867431 22.1003 24.386625 52 526164 114961 20754 298 0 0 0 0 0 0 553 155892 8518
24.393375 0.194824 -0.111156 6.00068 22701 0.5000007 142211 52281 4 2 254680.5 9.3867431 22.1003 24.393375 49 526848 114789 20808 299 0 0 0 0 0 0 553 156018 8543
24.4 0.194824 -0.110462 6.0007 22702 0.5000007 142146 52230 4 2 250775.18 9.3867431 22.1003 24.4 49 524565 114797 20476 300 0 0 0 0 0 0 553 155937 8412
