Eta  H  K  L  Epoch  Sec  ion1  Hubmon  scan_bar  Filters  Correct  Qmag  Energy  Graze  p_peak  p_total  p_del_s  p_nu_s  p_image  p_xcen  p_xsig  p_ycen  p_ysig  power  tempsp  gun_on  ion0  p_point
23.3 -0.202937 -0.22596 5.9976 59621 1.0000007 281068 102419 5 2 492845.37 9.3873904 22.1003 23.3 227 1015349 220533 39842 0 0 0 0 0 0 0 553 309466 16532
23.306625 -0.202937 -0.225266 5.99763 59622 1.0000007 281134 102545 4 2 484766.43 9.3873904 22.1003 23.306625 232 1015754 221508 39694 1 0 0 0 0 0 0 553 309523 16261
23.313375 -0.202937 -0.22456 5.99766 59624 1.0000007 281191 102433 5 2 489267.98 9.3873904 22.1003 23.313375 226 1016766 221316 39689 2 0 0 0 0 0 0 553 309588 16412
23.32 -0.202937 -0.223866 5.99768 59625 1.0000007 281152 102569 5 2 492308.76 9.3873904 22.1003 23.32 226 1016766 221316 39689 3 0 0 0 0 0 0 553 309536 16514
23.326625 -0.202937 -0.223173 5.99771 59627 1.0000007 281199 102505 5 2 490221.95 9.3873904 22.1003 23.326625 199 1018357 222045 39755 4 0 0 0 0 0 0 553 309584 16444
23.333375 -0.202937 -0.222466 5.99773 59628 1.0000007 281083 102600 6 2 489744.96 9.3873904 22.1003 23.333375 219 1019023 221548 39708 5 0 0 0 0 0 0 553 309469 16428
23.34 -0.202937 -0.221773 5.99776 59629 1.0000007 281195 102541 5 2 493262.73 9.3873904 22.1003 23.34 254 1017886 221654 39856 6 0 0 0 0 0 0 553 309579 16546
23.346625 -0.202937 -0.221079 5.99778 59631 1.0000007 281150 102646 5 2 489685.34 9.3873904 22.1003 23.346625 193 1019348 222007 40080 7 0 0 0 0 0 0 553 309543 16426
23.353375 -0.202937 -0.220373 5.99781 59632 1.0000007 281309 102612 5 2 501401.3 9.3873904 22.1003 23.353375 193 1019348 222007 40461 8 0 0 0 0 0 0 553 309699 16819
23.36 -0.202937 -0.219679 5.99784 59634 1.0000007 281282 102642 5 2 489983.46 9.3873904 22.1003 23.36 257 1019882 222346 40026 9 0 0 0 0 0 0 553 309671 16436
23.366625 -0.202937 -0.218986 5.99786 59635 1.0000007 281323 102613 5 2 494485.01 9.3873904 22.1003 23.366625 257 1019882 222346 40219 10 0 0 0 0 0 0 553 309708 16587
23.373375 -0.202937 -0.218279 5.99789 59637 1.0000007 281178 102593 4 2 489804.59 9.3873904 22.1003 23.373375 239 1018858 221770 39875 11 0 0 0 0 0 0 553 309552 16430
23.38 -0.202937 -0.217585 5.99791 59638 1.0000007 281232 102620 6 2 492457.82 9.3873904 22.1003 23.38 239 1020302 222911 39977 12 0 0 0 0 0 0 553 309631 16519
23.386625 -0.202937 -0.216892 5.99794 59640 1.0000007 281283 102713 4 2 496512.2 9.3873904 22.1003 23.386625 237 1021124 222855 40387 13 0 0 0 0 0 0 553 309664 16655
23.393375 -0.202937 -0.216185 5.99796 59641 1.0000007 281350 102662 6 2 492964.62 9.3873904 22.1003 23.393375 226 1022908 223142 39794 14 0 0 0 0 0 0 553 309701 16536
23.4 -0.202937 -0.215492 5.99799 59643 1.0000007 281450 102723 6 2 496989.18 9.3873904 22.1003 23.4 225 1023993 223107 40733 15 0 0 0 0 0 0 553 309819 16671
23.406625 -0.202937 -0.214798 5.99801 59644 1.0000007 281258 102656 6 2 498986.56 9.3873904 22.1003 23.406625 242 1022392 223190 40405 16 0 0 0 0 0 0 553 309627 16738
23.413375 -0.202937 -0.214092 5.99804 59646 1.0000007 281309 102722 5 2 493799.34 9.3873904 22.1003 23.413375 242 1022915 223639 40437 17 0 0 0 0 0 0 553 309667 16564
23.42 -0.202937 -0.213398 5.99806 59647 1.0000007 281322 102702 6 2 497853.72 9.3873904 22.1003 23.42 219 1024316 223994 40395 18 0 0 0 0 0 0 553 309679 16700
23.426625 -0.202937 -0.212705 5.99809 59649 1.0000007 281384 102795 5 2 497078.62 9.3873904 22.1003 23.426625 256 1025228 223811 40440 19 0 0 0 0 0 0 553 309762 16674
23.433375 -0.202937 -0.211998 5.99811 59650 1.0000007 281265 102671 5 2 499016.37 9.3873904 22.1003 23.433375 213 1023953 224532 40514 20 0 0 0 0 0 0 553 309611 16739
23.44 -0.202937 -0.211304 5.99814 59652 1.0000007 281326 102777 5 2 500447.33 9.3873904 22.1003 23.44 238 1026878 223962 40533 21 0 0 0 0 0 0 553 309691 16787
23.446625 -0.202937 -0.210611 5.99816 59653 1.0000007 281135 102600 5 2 499463.55 9.3873904 22.1003 23.446625 245 1026018 224269 40294 22 0 0 0 0 0 0 553 309494 16754
23.453375 -0.202937 -0.209904 5.99819 59655 1.0000007 281281 102740 5 2 493560.85 9.3873904 22.1003 23.453375 231 1025619 224138 40207 23 0 0 0 0 0 0 553 309665 16556
23.46 -0.202937 -0.209211 5.99821 59656 1.0000007 281302 102687 6 2 501580.17 9.3873904 22.1003 23.46 244 1026212 224287 40524 24 0 0 0 0 0 0 553 309668 16825
23.466625 -0.202937 -0.208517 5.99823 59658 1.0000007 281360 102851 5 2 502355.27 9.3873904 22.1003 23.466625 235 1027271 224337 40622 25 0 0 0 0 0 0 553 309741 16851
23.473375 -0.202937 -0.20781 5.99826 59659 1.0000007 281294 102694 5 2 501908.1 9.3873904 22.1003 23.473375 240 1028352 224715 40602 26 0 0 0 0 0 0 553 309654 16836
23.48 -0.202937 -0.207117 5.99828 59661 1.0000007 281118 102732 5 2 503875.66 9.3873904 22.1003 23.48 238 1027856 224020 40521 27 0 0 0 0 0 0 553 309467 16902
23.486625 -0.202937 -0.206423 5.99831 59662 1.0000007 281125 102545 6 2 499314.49 9.3873904 22.1003 23.486625 208 1027969 226235 40774 28 0 0 0 0 0 0 553 309493 16749
23.493375 -0.202937 -0.205717 5.99833 59664 1.0000007 281231 102691 5 2 499165.43 9.3873904 22.1003 23.493375 209 1030042 225086 40433 29 0 0 0 0 0 0 553 309586 16744
23.5 -0.202937 -0.205023 5.99835 59665 1.0000007 281177 102652 5 2 499403.92 9.3873904 22.1003 23.5 223 1027922 225412 40363 30 0 0 0 0 0 0 553 309559 16752
23.506625 -0.202937 -0.204329 5.99838 59666 1.0000007 281164 102694 5 2 493471.41 9.3873904 22.1003 23.506625 239 1028876 224780 40444 31 0 0 0 0 0 0 553 309537 16553
23.513375 -0.202937 -0.203623 5.9984 59668 1.0000007 281044 102570 4 2 502802.45 9.3873904 22.1003 23.513375 244 1030214 225642 40729 32 0 0 0 0 0 0 553 309412 16866
23.52 -0.202937 -0.202929 5.99843 59670 1.0000007 281136 102571 5 2 502713.01 9.3873904 22.1003 23.52 207 1029995 225612 40639 33 0 0 0 0 0 0 553 309497 16863
23.526625 -0.202937 -0.202236 5.99845 59671 1.0000007 281175 102644 6 2 499731.85 9.3873904 22.1003 23.526625 215 1032107 225523 40786 34 0 0 0 0 0 0 553 309537 16763
23.533375 -0.202937 -0.201529 5.99847 59673 1.0000007 280973 102524 5 2 500834.88 9.3873904 22.1003 23.533375 202 1032991 226201 40824 35 0 0 0 0 0 0 553 309354 16800
23.54 -0.202937 -0.200835 5.9985 59674 1.0000007 281036 102540 5 2 500626.2 9.3873904 22.1003 23.54 260 1031290 226079 40733 36 0 0 0 0 0 0 553 309388 16793
23.546625 -0.202937 -0.200142 5.99852 59675 1.0000007 281138 102570 5 2 500000.16 9.3873904 22.1003 23.546625 258 1031644 226599 40721 37 0 0 0 0 0 0 553 309506 16772
23.553375 -0.202937 -0.199435 5.99854 59677 1.0000007 281158 102587 4 2 503965.1 9.3873904 22.1003 23.553375 232 1033702 226487 40991 38 0 0 0 0 0 0 553 309527 16905
23.56 -0.202937 -0.198741 5.99857 59678 1.0000007 281084 102581 5 2 506827.01 9.3873904 22.1003 23.56 221 1035295 227340 41183 39 0 0 0 0 0 0 553 309463 17001
23.566625 -0.202937 -0.198048 5.99859 59680 1.0000007 281111 102607 5 2 509837.98 9.3873904 22.1003 23.566625 222 1035676 227670 41021 40 0 0 0 0 0 0 553 309483 17102
23.573375 -0.202937 -0.197341 5.99861 59681 1.0000007 281171 102608 6 2 504740.2 9.3873904 22.1003 23.573375 227 1035768 228136 41110 41 0 0 0 0 0 0 553 309525 16931
23.58 -0.202937 -0.196648 5.99864 59683 1.0000007 281085 102618 5 2 508377.21 9.3873904 22.1003 23.58 207 1037190 227353 40927 42 0 0 0 0 0 0 553 309452 17053
23.586625 -0.202937 -0.195954 5.99866 59684 1.0000007 281149 102641 5 2 512848.95 9.3873904 22.1003 23.586625 230 1037025 229311 41365 43 0 0 0 0 0 0 553 309520 17203
23.593375 -0.202937 -0.195247 5.99868 59686 1.0000007 281110 102588 6 2 508466.65 9.3873904 22.1003 23.593375 221 1038151 228194 41094 44 0 0 0 0 0 0 553 309470 17056
23.6 -0.202937 -0.194554 5.9987 59687 1.0000007 281104 102557 7 2 512014.23 9.3873904 22.1003 23.6 214 1039368 229645 41629 45 0 0 0 0 0 0 553 309473 17175
23.606625 -0.202937 -0.19386 5.99873 59689 1.0000007 281100 102584 5 2 506618.33 9.3873904 22.1003 23.606625 231 1040035 229233 41296 46 0 0 0 0 0 0 553 309450 16994
23.613375 -0.202937 -0.193153 5.99875 59690 1.0000007 281315 102639 5 2 517946.74 9.3873904 22.1003 23.613375 248 1039228 229009 41508 47 0 0 0 0 0 0 553 309670 17374
23.62 -0.202937 -0.19246 5.99877 59692 1.0000007 281109 102544 6 2 511686.3 9.3873904 22.1003 23.62 204 1039705 229028 41425 48 0 0 0 0 0 0 553 309452 17164
23.626625 -0.202937 -0.191766 5.99879 59693 1.0000007 281138 102623 4 2 510165.91 9.3873904 22.1003 23.626625 239 1040928 229405 41268 49 0 0 0 0 0 0 553 309514 17113
23.633375 -0.202937 -0.191059 5.99882 59695 1.0000007 281162 102513 5 2 513296.13 9.3873904 22.1003 23.633375 270 1041987 230447 41523 50 0 0 0 0 0 0 553 309519 17218
23.64 -0.202937 -0.190366 5.99884 59696 1.0000007 281117 102544 5 2 513325.94 9.3873904 22.1003 23.64 220 1041815 229784 41607 51 0 0 0 0 0 0 553 309484 17219
23.646625 -0.202937 -0.189672 5.99886 59698 1.0000007 281175 102607 6 2 519556.56 9.3873904 22.1003 23.646625 230 1045110 230702 41928 52 0 0 0 0 0 0 553 309557 17428
23.653375 -0.202937 -0.188965 5.99888 59699 1.0000007 281154 102672 4 2 516545.59 9.3873904 22.1003 23.653375 267 1044242 231310 41868 53 0 0 0 0 0 0 553 309514 17327
23.66 -0.202937 -0.188272 5.9989 59701 1.0000007 280973 102504 5 2 521136.58 9.3873904 22.1003 23.66 214 1044838 231851 42282 54 0 0 0 0 0 0 553 309313 17481
23.666625 -0.202937 -0.187578 5.99893 59702 1.0000007 281054 102592 5 2 515651.25 9.3873904 22.1003 23.666625 238 1046040 232258 41874 55 0 0 0 0 0 0 553 309398 17297
23.673375 -0.202937 -0.186871 5.99895 59704 1.0000007 281157 102601 5 2 521762.62 9.3873904 22.1003 23.673375 239 1045576 231610 41754 56 0 0 0 0 0 0 553 309523 17502
23.68 -0.202937 -0.186178 5.99897 59705 1.0000007 281203 102640 5 2 520629.78 9.3873904 22.1003 23.68 258 1049474 233124 42063 57 0 0 0 0 0 0 553 309569 17464
23.686625 -0.202937 -0.185484 5.99899 59707 1.0000007 281015 102613 6 2 520122.99 9.3873904 22.1003 23.686625 231 1047805 232247 42056 58 0 0 0 0 0 0 553 309395 17447
23.693375 -0.202937 -0.184777 5.99901 59708 1.0000007 281304 102735 6 2 526770.97 9.3873904 22.1003 23.693375 221 1052154 234674 42487 59 0 0 0 0 0 0 553 309675 17670
23.7 -0.202937 -0.184084 5.99903 59710 1.0000007 281021 102581 6 2 518900.71 9.3873904 22.1003 23.7 209 1048634 233270 42160 60 0 0 0 0 0 0 553 309383 17406
23.706625 -0.202937 -0.18339 5.99906 59711 1.0000007 281262 102752 6 2 529066.47 9.3873904 22.1003 23.706625 249 1054422 235293 42778 61 0 0 0 0 0 0 553 309619 17747
23.713375 -0.202937 -0.182683 5.99908 59713 1.0000007 281145 102693 5 2 525667.94 9.3873904 22.1003 23.713375 216 1052035 234528 42646 62 0 0 0 0 0 0 553 309490 17633
23.72 -0.202937 -0.18199 5.9991 59714 1.0000007 281219 102730 6 2 526532.48 9.3873904 22.1003 23.72 219 1054906 235307 42982 63 0 0 0 0 0 0 553 309565 17662
23.726625 -0.202937 -0.181296 5.99912 59716 1.0000007 281306 102778 6 2 527426.83 9.3873904 22.1003 23.726625 263 1055430 235312 42783 64 0 0 0 0 0 0 553 309676 17692
23.733375 -0.202937 -0.180589 5.99914 59717 1.0000007 281343 102844 4 2 529036.65 9.3873904 22.1003 23.733375 231 1057873 237046 43164 65 0 0 0 0 0 0 553 309679 17746
23.74 -0.202937 -0.179895 5.99916 59719 1.0000007 281200 102712 5 2 526293.99 9.3873904 22.1003 23.74 232 1058560 238115 43097 66 0 0 0 0 0 0 553 309570 17654
23.746625 -0.202937 -0.179202 5.99918 59720 1.0000007 281542 103035 5 2 532614.05 9.3873904 22.1003 23.746625 222 1061632 239575 43501 67 0 0 0 0 0 0 553 309893 17866
23.753375 -0.202937 -0.178495 5.9992 59722 1.0000007 281438 102875 6 2 533776.7 9.3873904 22.1003 23.753375 233 1060388 239234 43379 68 0 0 0 0 0 0 553 309787 17905
23.76 -0.202937 -0.177801 5.99922 59723 1.0000007 281659 103123 5 2 541020.92 9.3873904 22.1003 23.76 213 1064728 240229 43642 69 0 0 0 0 0 0 553 310005 18148
23.766625 -0.202937 -0.177108 5.99924 59725 1.0000007 281451 102982 5 2 533955.57 9.3873904 22.1003 23.766625 238 1064952 240504 43488 70 0 0 0 0 0 0 553 309814 17911
23.773375 -0.202937 -0.176401 5.99926 59726 1.0000007 281656 103073 5 2 543226.98 9.3873904 22.1003 23.773375 239 1068940 242280 43981 71 0 0 0 0 0 0 553 310021 18222
23.78 -0.202937 -0.175707 5.99929 59728 1.0000007 281660 103216 5 2 541766.21 9.3873904 22.1003 23.78 223 1069455 242748 44135 72 0 0 0 0 0 0 553 310025 18173
23.786625 -0.202937 -0.175014 5.99931 59729 1.0000007 281703 103150 5 2 538278.25 9.3873904 22.1003 23.786625 234 1069597 243850 44355 73 0 0 0 0 0 0 553 310035 18056
23.793375 -0.202937 -0.174307 5.99933 59731 1.0000007 281693 103172 5 2 544240.57 9.3873904 22.1003 23.793375 212 1073098 244720 44367 74 0 0 0 0 0 0 553 310035 18256
23.8 -0.202937 -0.173613 5.99935 59732 1.0000007 281893 103180 5 2 546088.89 9.3873904 22.1003 23.8 240 1074176 246414 44619 75 0 0 0 0 0 0 553 310247 18318
23.806625 -0.202937 -0.172919 5.99937 59734 1.0000007 281828 103313 5 2 558758.82 9.3873904 22.1003 23.806625 217 1076797 248720 45311 76 0 0 0 0 0 0 553 310184 18743
23.813375 -0.202937 -0.172213 5.99939 59735 1.0000007 281991 103412 6 2 562276.59 9.3873904 22.1003 23.813375 197 1079804 249263 45571 77 0 0 0 0 0 0 553 310347 18861
23.82 -0.202937 -0.171519 5.99941 59737 1.0000007 280156 102781 5 2 559504.11 9.3873904 22.1003 23.82 226 1074437 249594 45425 78 0 0 0 0 0 0 553 308382 18768
23.826625 -0.202937 -0.170825 5.99943 59738 1.0000007 283237 103909 5 2 560547.51 9.3873904 22.1003 23.826625 240 1088850 252994 45766 79 0 0 0 0 0 0 553 311604 18803
23.833375 -0.202937 -0.170118 5.99945 59740 1.0000007 283145 103956 5 2 565704.92 9.3873904 22.1003 23.833375 222 1091288 254269 46269 80 0 0 0 0 0 0 553 311496 18976
23.84 -0.202937 -0.169425 5.99947 59741 1.0000007 283374 104050 5 2 569699.68 9.3873904 22.1003 23.84 202 1093057 256227 46664 81 0 0 0 0 0 0 553 311731 19110
23.846625 -0.202937 -0.168731 5.99949 59743 1.0000007 283165 103968 6 2 579954.87 9.3873904 22.1003 23.846625 228 1096007 258306 47491 82 0 0 0 0 0 0 553 311509 19454
23.853375 -0.202937 -0.168024 5.99951 59744 1.0000007 283328 104022 5 2 573336.69 9.3873904 22.1003 23.853375 217 1101283 260974 47208 83 0 0 0 0 0 0 553 311665 19232
23.86 -0.202937 -0.16733 5.99952 59746 1.0000007 283293 104160 5 2 570236.28 9.3873904 22.1003 23.86 221 1101540 261890 47109 84 0 0 0 0 0 0 553 311633 19128
23.866625 -0.202937 -0.166637 5.99954 59747 1.0000007 283596 104189 6 2 596738.8 9.3873904 22.1003 23.866625 221 1106910 265893 48354 85 0 0 0 0 0 0 553 311938 20017
23.873375 -0.202937 -0.16593 5.99956 59749 1.0000007 283481 104264 6 2 592267.06 9.3873904 22.1003 23.873375 246 1109704 268051 48606 86 0 0 0 0 0 0 553 311810 19867
23.88 -0.202937 -0.165236 5.99958 59750 1.0000007 283515 104187 6 2 608454.76 9.3873904 22.1003 23.88 240 1112029 270194 49395 87 0 0 0 0 0 0 553 311866 20410
23.886625 -0.202937 -0.164542 5.9996 59752 1.0000007 283649 104374 5 2 605443.78 9.3873904 22.1003 23.886625 247 1115595 273258 49704 88 0 0 0 0 0 0 553 312005 20309
23.893375 -0.202937 -0.163836 5.99962 59753 1.0000007 283722 104401 7 2 602850.18 9.3873904 22.1003 23.893375 222 1119618 276846 50242 89 0 0 0 0 0 0 553 312030 20222
23.9 -0.202937 -0.163142 5.99964 59754 1.0000007 283607 104350 5 2 612568.76 9.3873904 22.1003 23.9 229 1124834 280911 50842 90 0 0 0 0 0 0 553 311956 20548
23.906625 -0.202937 -0.162448 5.99966 59756 1.0000007 283767 104449 5 2 635881.43 9.3873904 22.1003 23.906625 247 1130233 286130 52106 91 0 0 0 0 0 0 553 312082 21330
23.913375 -0.202937 -0.161741 5.99968 59757 1.0000007 283764 104434 6 2 647120.4 9.3873904 22.1003 23.913375 232 1137497 292269 53337 92 0 0 0 0 0 0 553 312088 21707
23.92 -0.202937 -0.161048 5.9997 59759 1.0000007 283867 104548 7 2 654901.23 9.3873904 22.1003 23.92 228 1144691 297720 54183 93 0 0 0 0 0 0 553 312197 21968
23.926625 -0.202937 -0.160354 5.99972 59760 1.0000007 283838 104562 6 2 656838.98 9.3873904 22.1003 23.926625 245 1150393 304384 54997 94 0 0 0 0 0 0 553 312172 22033
23.933375 -0.202937 -0.159647 5.99973 59762 1.0000007 283936 104616 5 2 677140.68 9.3873904 22.1003 23.933375 299 1159680 312697 56551 95 0 0 0 0 0 0 553 312258 22714
23.94 -0.202937 -0.158953 5.99975 59763 1.0000007 283880 104665 5 2 694908.4 9.3873904 22.1003 23.94 370 1172586 324259 58405 96 0 0 0 0 0 0 553 312225 23310
23.946625 -0.202937 -0.15826 5.99977 59765 1.0000007 284058 104726 5 2 708591.92 9.3873904 22.1003 23.946625 471 1184912 336076 60011 97 0 0 0 0 0 0 553 312386 23769
23.953375 -0.202937 -0.157553 5.99979 59766 1.0000007 283960 104728 6 2 730592.88 9.3873904 22.1003 23.953375 675 1201156 351418 62302 98 0 0 0 0 0 0 553 312273 24507
23.96 -0.202937 -0.156859 5.99981 59768 1.0000007 284047 104680 6 2 747347 9.3873904 22.1003 23.96 935 1221240 370873 65139 99 0 0 0 0 0 0 553 312368 25069
23.966625 -0.202937 -0.156165 5.99983 59769 1.0000007 283902 104685 5 2 768513.24 9.3873904 22.1003 23.966625 1251 1243610 395077 68807 100 0 0 0 0 0 0 553 312228 25779
23.973375 -0.202937 -0.155458 5.99984 59771 1.0000007 284206 104838 5 2 807238.5 9.3873904 22.1003 23.973375 1856 1279393 429388 72872 101 0 0 0 0 0 0 553 312523 27078
23.98 -0.202937 -0.154765 5.99986 59772 1.0000007 284031 104777 5 2 834605.55 9.3873904 22.1003 23.98 2782 1318890 469405 78570 102 0 0 0 0 0 0 553 312356 27996
23.986625 -0.202937 -0.154071 5.99988 59774 1.0000007 284302 104921 6 2 877772.75 9.3873904 22.1003 23.986625 4077 1376649 525413 86179 103 0 0 0 0 0 0 553 312629 29444
23.993375 -0.202937 -0.153364 5.9999 59775 1.0000007 284147 104881 5 2 911072.31 9.3873904 22.1003 23.993375 5914 1445193 595010 94883 104 0 0 0 0 0 0 553 312454 30561
24 -0.202937 -0.15267 5.99992 59777 1.0000007 284246 105000 5 2 977432.93 9.3873904 22.1003 24 8860 1541277 690673 107174 105 0 0 0 0 0 0 553 312558 32787
24.006625 -0.202937 -0.151977 5.99993 59778 1.0000007 284089 104810 5 2 1047192.1 9.3873904 22.1003 24.006625 13566 1662906 812974 122766 106 0 0 0 0 0 0 553 312406 35127
24.013375 -0.202937 -0.15127 5.99995 59780 1.0000007 284157 104848 5 2 1139101.2 9.3873904 22.1003 24.013375 21177 1834136 983492 145051 107 0 0 0 0 0 0 553 312486 38210
24.02 -0.202937 -0.150576 5.99997 59781 1.0000007 283992 104779 6 2 1238940.3 9.3873904 22.1003 24.02 31562 2045609 1195844 173101 108 0 0 0 0 0 0 553 312290 41559
24.026625 -0.202937 -0.149882 5.99999 59783 1.0000007 284065 104826 6 2 1367637 9.3873904 22.1003 24.026625 46467 2326685 1475725 212304 109 0 0 0 0 0 0 553 312359 45876
24.033375 -0.202937 -0.149175 6 59784 1.0000007 283940 104690 6 2 1530974.7 9.3873904 22.1003 24.033375 65918 2694654 1843018 267298 110 0 0 0 0 0 0 553 312251 51355
24.04 -0.202937 -0.148482 6.00002 59786 1.0000007 284063 104803 5 2 1717476.1 9.3873904 22.1003 24.04 89087 3131458 2279599 340637 111 0 0 0 0 0 0 553 312367 57611
24.046625 -0.202937 -0.147788 6.00004 59787 1.0000007 283982 104739 6 2 1964316.1 9.3873904 22.1003 24.046625 119325 3650183 2799098 440368 112 0 0 0 0 0 0 553 312291 65891
24.053375 -0.202937 -0.147081 6.00006 59789 1.0000007 283990 104756 6 2 2259868.3 9.3873904 22.1003 24.053375 164397 4266244 3413571 574933 113 0 0 0 0 0 0 553 312295 75805
24.06 -0.202937 -0.146387 6.00007 59790 1.0000007 283689 104574 6 2 2624225.7 9.3873904 22.1003 24.06 216247 4883639 4031104 739303 114 0 0 0 0 0 0 553 311980 88027
24.066625 -0.202937 -0.145693 6.00009 59791 1.0000007 283810 104650 5 2 3031988.8 9.3873904 22.1003 24.066625 248027 5463241 4609972 936020 115 0 0 0 0 0 0 553 312121 101705
24.073375 -0.202937 -0.144987 6.00011 59793 1.0000007 283716 104465 6 2 3543555.8 9.3873904 22.1003 24.073375 218641 5834156 4982952 1152130 116 0 0 0 0 0 0 553 312040 118865
24.08 -0.202937 -0.144293 6.00012 59794 1.0000007 283709 104607 6 2 4103059.9 9.3873904 22.1003 24.08 182002 6005327 5153267 1360727 117 0 0 0 0 0 0 553 312024 137633
24.086625 -0.202937 -0.143599 6.00014 59796 1.0000007 283538 104455 6 2 4696996.4 9.3873904 22.1003 24.086625 160416 5975735 5124895 1542945 118 0 0 0 0 0 0 553 311847 157556
24.093375 -0.202937 -0.142892 6.00016 59797 1.0000007 283533 104485 5 2 5380367.8 9.3873904 22.1003 24.093375 116586 5847612 4996669 1711873 119 0 0 0 0 0 0 553 311851 180479
24.1 -0.202937 -0.142198 6.00017 59799 1.0000007 283358 104227 5 2 6048058.2 9.3873904 22.1003 24.1 107610 5513399 4661825 1819190 120 0 0 0 0 0 0 553 311662 202876
24.106625 -0.202937 -0.141505 6.00019 59800 1.0000007 283280 104281 6 2 6670464.7 9.3873904 22.1003 24.106625 100660 5095254 4245051 1849909 121 0 0 0 0 0 0 553 311577 223754
24.113375 -0.202937 -0.140798 6.00021 59802 1.0000007 283173 104131 6 2 7322951.2 9.3873904 22.1003 24.113375 93338 4658988 3809537 1789539 122 0 0 0 0 0 0 553 311500 245641
24.12 -0.202937 -0.140104 6.00022 59803 1.0000007 283234 104217 4 2 7889878.4 9.3873904 22.1003 24.12 79062 4276014 3426301 1681926 123 0 0 0 0 0 0 553 311541 264658
24.126625 -0.202937 -0.13941 6.00024 59805 1.0000007 283068 104088 5 2 8294004.5 9.3873904 22.1003 24.126625 62923 3921567 3072601 1548537 124 0 0 0 0 0 0 553 311392 278214
24.133375 -0.202937 -0.138703 6.00025 59806 1.0000007 282983 104050 5 2 8663966.4 9.3873904 22.1003 24.133375 48848 3627372 2778664 1428034 125 0 0 0 0 0 0 553 311305 290624
24.14 -0.202937 -0.138009 6.00027 59808 1.0000007 282874 103933 5 2 8894082.2 9.3873904 22.1003 24.14 38282 3373303 2525741 1319665 126 0 0 0 0 0 0 553 311210 298343
24.146625 -0.202937 -0.137316 6.00029 59809 1.0000007 282872 104012 5 2 9014729.7 9.3873904 22.1003 24.146625 31490 3147414 2297997 1217145 127 0 0 0 0 0 0 553 311165 302390
24.153375 -0.202937 -0.136609 6.0003 59811 1.0000007 282599 103708 6 2 9072534.4 9.3873904 22.1003 24.153375 26212 2935144 2087436 1119056 128 0 0 0 0 0 0 553 310935 304329
24.16 -0.202937 -0.135915 6.00032 59812 1.0000007 282728 103830 5 2 9039860.9 9.3873904 22.1003 24.16 21703 2758507 1910645 1032096 129 0 0 0 0 0 0 553 311078 303233
24.166625 -0.202937 -0.135221 6.00033 59814 1.0000007 282502 103588 6 2 8938263 9.3873904 22.1003 24.166625 17539 2588064 1739112 944936 130 0 0 0 0 0 0 553 310826 299825
24.173375 -0.202937 -0.134514 6.00035 59815 1.0000007 282572 103669 7 2 8827244.6 9.3873904 22.1003 24.173375 14403 2450735 1604263 868495 131 0 0 0 0 0 0 553 310913 296101
24.18 -0.202937 -0.13382 6.00037 59817 1.0000007 282425 103552 7 2 8533659.9 9.3873904 22.1003 24.18 11320 2314562 1468871 789974 132 0 0 0 0 0 0 553 310752 286253
24.186625 -0.202937 -0.133127 6.00038 59818 1.0000007 282215 103449 6 2 8286641 9.3873904 22.1003 24.186625 9106 2206012 1360394 723877 133 0 0 0 0 0 0 553 310537 277967
24.193375 -0.202937 -0.13242 6.0004 59820 1.0000007 282036 103250 5 2 7937189.4 9.3873904 22.1003 24.193375 7360 2103464 1256759 660340 134 0 0 0 0 0 0 553 310377 266245
24.2 -0.202937 -0.131726 6.00041 59821 1.0000007 282143 103440 6 2 7611497.7 9.3873904 22.1003 24.2 6098 2021623 1176535 610330 135 0 0 0 0 0 0 553 310499 255320
24.206625 -0.202937 -0.131032 6.00043 59823 1.0000007 281908 103150 5 2 7310788.1 9.3873904 22.1003 24.206625 5086 1940477 1095614 563010 136 0 0 0 0 0 0 553 310256 245233
24.213375 -0.202937 -0.130325 6.00044 59824 1.0000007 281832 103144 6 2 6929617 9.3873904 22.1003 24.213375 4116 1866273 1022313 518933 137 0 0 0 0 0 0 553 310170 232447
24.22 -0.202937 -0.129631 6.00046 59826 1.0000007 281830 103088 5 2 6617310.7 9.3873904 22.1003 24.22 3498 1805023 959346 481701 138 0 0 0 0 0 0 553 310171 221971
24.226625 -0.202937 -0.128937 6.00047 59827 1.0000007 281752 103114 6 2 6331238.5 9.3873904 22.1003 24.226625 2918 1750736 902916 450673 139 0 0 0 0 0 0 553 310078 212375
24.233375 -0.202937 -0.128231 6.00049 59829 1.0000007 281821 103068 6 2 6097366.5 9.3873904 22.1003 24.233375 2419 1698175 853066 423060 140 0 0 0 0 0 0 553 310170 204530
24.24 -0.202937 -0.127537 6.0005 59830 1.0000007 281634 103059 6 2 5795017.3 9.3873904 22.1003 24.24 2041 1653290 808001 396787 141 0 0 0 0 0 0 553 309982 194388
24.246625 -0.202937 -0.126843 6.00052 59832 1.0000007 281567 102874 6 2 5542483.2 9.3873904 22.1003 24.246625 1695 1611465 767045 373728 142 0 0 0 0 0 0 553 309921 185917
24.253375 -0.202937 -0.126136 6.00053 59833 1.0000007 281509 102898 6 2 5239776.3 9.3873904 22.1003 24.253375 1351 1574363 731435 349829 143 0 0 0 0 0 0 553 309839 175763
24.26 -0.202937 -0.125442 6.00055 59835 1.0000007 281533 102850 6 2 5019528.1 9.3873904 22.1003 24.26 1139 1547283 702052 333189 144 0 0 0 0 0 0 553 309877 168375
24.266625 -0.202937 -0.124748 6.00056 59836 1.0000007 281479 102894 5 2 4760942.3 9.3873904 22.1003 24.266625 1001 1520520 674750 313898 145 0 0 0 0 0 0 553 309842 159701
24.273375 -0.202937 -0.124041 6.00058 59838 1.0000007 281299 102731 5 2 4522032.2 9.3873904 22.1003 24.273375 843 1494956 651224 297029 146 0 0 0 0 0 0 553 309634 151687
24.28 -0.202937 -0.123348 6.00059 59839 1.0000007 281131 102688 5 2 4309207.2 9.3873904 22.1003 24.28 770 1474096 631447 284113 147 0 0 0 0 0 0 553 309483 144548
24.286625 -0.202937 -0.122654 6.0006 59841 1.0000007 281171 102658 6 2 4111854.4 9.3873904 22.1003 24.286625 703 1458006 615911 272304 148 0 0 0 0 0 0 553 309519 137928
24.293375 -0.202937 -0.121947 6.00062 59842 1.0000007 281369 102782 5 2 3940109.7 9.3873904 22.1003 24.293375 660 1449642 605397 263380 149 0 0 0 0 0 0 553 309735 132167
24.3 -0.202937 -0.121253 6.00063 59844 1.0000007 281126 102593 5 2 3753369.9 9.3873904 22.1003 24.3 605 1437261 593683 253422 150 0 0 0 0 0 0 553 309490 125903
24.306625 -0.202937 -0.120559 6.00065 59845 1.0000007 281254 102761 7 2 3601360.5 9.3873904 22.1003 24.306625 589 1429765 585516 246675 151 0 0 0 0 0 0 553 309620 120804
24.313375 -0.202937 -0.119852 6.00066 59847 1.0000007 281056 102581 5 2 3437724.7 9.3873904 22.1003 24.313375 583 1421738 577655 239629 152 0 0 0 0 0 0 553 309410 115315
24.32 -0.202937 -0.119158 6.00067 59848 1.0000007 281059 102663 6 2 3305212.1 9.3873904 22.1003 24.32 589 1419179 574510 235260 153 0 0 0 0 0 0 553 309423 110870
24.326625 -0.202937 -0.118464 6.00069 59850 1.0000007 281103 102660 6 2 3207758 9.3873904 22.1003 24.326625 602 1413974 572665 232991 154 0 0 0 0 0 0 553 309464 107601
24.333375 -0.202937 -0.117758 6.0007 59851 1.0000007 281175 102702 6 2 3119038.6 9.3873904 22.1003 24.333375 630 1418376 574616 232618 155 0 0 0 0 0 0 553 309557 104625
24.34 -0.202937 -0.117064 6.00072 59853 1.0000007 280957 102476 5 2 3001044.3 9.3873904 22.1003 24.34 715 1416790 574209 230767 156 0 0 0 0 0 0 553 309311 100667
24.346625 -0.202937 -0.11637 6.00073 59854 1.0000007 281143 102653 5 2 2965091.5 9.3873904 22.1003 24.346625 759 1423018 580908 233514 157 0 0 0 0 0 0 553 309485 99461
24.353375 -0.202937 -0.115663 6.00074 59856 1.0000007 281121 102585 6 2 2859856.6 9.3873904 22.1003 24.353375 839 1423018 584510 234821 158 0 0 0 0 0 0 553 309467 95931
24.36 -0.202937 -0.114969 6.00076 59857 1.0000007 281093 102689 5 2 2798027.3 9.3873904 22.1003 24.36 903 1431509 589007 236472 159 0 0 0 0 0 0 553 309483 93857
24.366625 -0.202937 -0.114275 6.00077 59859 1.0000007 281041 102584 5 2 2744605 9.3873904 22.1003 24.366625 1069 1439348 598569 240981 160 0 0 0 0 0 0 553 309392 92065
24.373375 -0.202937 -0.113568 6.00078 59860 1.0000007 280942 102633 5 2 2679466.6 9.3873904 22.1003 24.373375 1266 1450015 609807 245102 161 0 0 0 0 0 0 553 309272 89880
24.38 -0.202937 -0.112874 6.0008 59862 1.0000007 281239 102716 6 2 2635405.1 9.3873904 22.1003 24.38 1466 1467818 624396 250779 162 0 0 0 0 0 0 553 309596 88402
24.386625 -0.202937 -0.11218 6.00081 59863 1.0000007 281056 102648 6 2 2575215.4 9.3873904 22.1003 24.386625 1718 1481778 640526 256822 163 0 0 0 0 0 0 553 309394 86383
24.393375 -0.202937 -0.111474 6.00082 59865 1.0000007 281254 102770 5 2 2560905.9 9.3873904 22.1003 24.393375 2108 1508565 665752 266322 164 0 0 0 0 0 0 553 309603 85903
24.4 -0.202937 -0.11078 6.00084 59866 1.0000007 281200 102819 5 2 2504323.5 9.3873904 22.1003 24.4 2605 1535500 693146 274769 165 0 0 0 0 0 0 553 309555 84005
24.406625 -0.202937 -0.110086 6.00085 59868 1.0000007 281238 102688 5 2 2434713.4 9.3873904 22.1003 24.406625 3265 1565575 723066 282925 166 0 0 0 0 0 0 553 309578 81670
24.413375 -0.202937 -0.109379 6.00086 59870 1.0000007 281227 102873 5 2 2415425.3 9.3873904 22.1003 24.413375 4242 1608122 765303 293128 167 0 0 0 0 0 0 553 309595 81023
24.42 -0.202937 -0.108685 6.00087 59871 1.0000007 281285 102846 6 2 2364566.7 9.3873904 22.1003 24.42 5705 1661388 820599 303350 168 0 0 0 0 0 0 553 309609 79317
24.426625 -0.202937 -0.107991 6.00089 59873 1.0000007 281394 103009 4 2 2305092.5 9.3873904 22.1003 24.426625 7485 1730980 886084 310598 169 0 0 0 0 0 0 553 309740 77322
24.433375 -0.202937 -0.107284 6.0009 59874 1.0000007 281420 102854 6 2 2289262.6 9.3873904 22.1003 24.433375 11059 1819119 976451 318882 170 0 0 0 0 0 0 553 309752 76791
24.44 -0.202937 -0.10659 6.00091 59876 1.0000007 281382 102964 6 2 2255277.4 9.3873904 22.1003 24.44 17097 1942561 1100812 328057 171 0 0 0 0 0 0 553 309696 75651
24.446625 -0.202937 -0.105896 6.00092 59877 1.0000007 281630 103049 4 2 2248867.9 9.3873904 22.1003 24.446625 26439 2090254 1246508 334778 172 0 0 0 0 0 0 553 309952 75436
24.453375 -0.202937 -0.105189 6.00094 59879 1.0000007 281459 103063 6 2 2218370.6 9.3873904 22.1003 24.453375 39199 2282611 1440961 342583 173 0 0 0 0 0 0 553 309790 74413
24.46 -0.202937 -0.104496 6.00095 59880 1.0000007 281494 102980 4 2 2214375.8 9.3873904 22.1003 24.46 43144 2503511 1661181 347608 174 0 0 0 0 0 0 553 309803 74279
24.466625 -0.202937 -0.103802 6.00096 59882 1.0000007 281573 103117 4 2 2189811.1 9.3873904 22.1003 24.466625 47822 2734291 1892855 351982 175 0 0 0 0 0 0 553 309928 73455
24.473375 -0.202937 -0.103095 6.00097 59883 1.0000007 281501 103056 6 2 2194223.2 9.3873904 22.1003 24.473375 50968 3010471 2168659 361796 176 0 0 0 0 0 0 553 309828 73603
24.48 -0.202937 -0.102401 6.00098 59885 1.0000007 281493 103163 5 2 2221441.2 9.3873904 22.1003 24.48 72528 3272979 2434081 369660 177 0 0 0 0 0 0 553 309821 74516
24.486625 -0.202937 -0.101707 6.001 59886 1.0000007 281568 103069 6 2 2246333.9 9.3873904 22.1003 24.486625 117977 3667447 2826593 374459 178 0 0 0 0 0 0 553 309896 75351
24.493375 -0.202937 -0.101 6.00101 59888 1.0000007 281674 103234 6 2 2304168.4 9.3873904 22.1003 24.493375 218912 4376163 3534427 384627 179 0 0 0 0 0 0 553 310017 77291
24.5 -0.202937 -0.100306 6.00102 59889 1.0000007 281620 103128 5 2 2405438.4 9.3873904 22.1003 24.5 339687 5296092 4453494 394952 180 0 0 0 0 0 0 553 309938 80688
24.506625 -0.202937 -0.0996122 6.00103 59891 1.0000007 281667 103284 5 2 2519378.3 9.3873904 22.1003 24.506625 435102 6225127 5383827 402413 181 0 0 0 0 0 0 553 310013 84510
24.513375 -0.202937 -0.0989052 6.00104 59892 1.0000007 281670 103192 6 2 2682805.5 9.3873904 22.1003 24.513375 494730 6773387 5929501 412872 182 0 0 0 0 0 0 553 309996 89992
24.52 -0.202937 -0.0982113 6.00105 59894 1.0000007 281604 103130 6 2 2893305.2 9.3873904 22.1003 24.52 424218 6471040 5631369 422002 183 0 0 0 0 0 0 553 309930 97053
24.526625 -0.202937 -0.0975174 6.00107 59895 1.0000007 281519 103094 6 2 3101688.3 9.3873904 22.1003 24.526625 293702 5621489 4780585 421824 184 0 0 0 0 0 0 553 309841 104043
24.533375 -0.202937 -0.0968104 6.00108 59896 1.0000007 281847 103360 6 2 3414501.4 9.3873904 22.1003 24.533375 170765 4625746 3786574 426020 185 0 0 0 0 0 0 553 310186 114536
24.54 -0.202937 -0.0961165 6.00109 59898 1.0000007 281495 103100 6 2 3662086.8 9.3873904 22.1003 24.54 101184 3723363 2883442 425155 186 0 0 0 0 0 0 553 309817 122841
24.546625 -0.202937 -0.0954226 6.0011 59899 1.0000007 281653 103225 6 2 3730891.9 9.3873904 22.1003 24.546625 52289 2985988 2146564 417860 187 0 0 0 0 0 0 553 309969 125149
24.553375 -0.202937 -0.0947157 6.00111 59901 1.0000007 281646 103238 5 2 3517828.4 9.3873904 22.1003 24.553375 24946 2497594 1659247 400290 188 0 0 0 0 0 0 553 309972 118002
24.56 -0.202937 -0.0940218 6.00112 59902 1.0000007 281592 103211 5 2 3141904.1 9.3873904 22.1003 24.56 13025 2240167 1403864 378423 189 0 0 0 0 0 0 553 309919 105392
24.566625 -0.202937 -0.0933279 6.00113 59904 1.0000007 281463 103096 5 2 2659164.9 9.3873904 22.1003 24.566625 10394 2068282 1231967 344002 190 0 0 0 0 0 0 553 309790 89199
24.573375 -0.202937 -0.0926209 6.00114 59905 1.0000007 281656 103267 5 2 2212736.2 9.3873904 22.1003 24.573375 10823 1924047 1087848 299467 191 0 0 0 0 0 0 553 309972 74224
24.58 -0.202937 -0.091927 6.00115 59907 1.0000007 281463 103112 5 2 1857292.5 9.3873904 22.1003 24.58 9281 1769282 934135 247044 192 0 0 0 0 0 0 553 309770 62301
24.586625 -0.202937 -0.0912331 6.00116 59908 1.0000007 281742 103342 5 2 1596142.9 9.3873904 22.1003 24.586625 6355 1619910 783570 200344 193 0 0 0 0 0 0 553 310080 53541
24.593375 -0.202937 -0.0905261 6.00117 59910 1.0000007 281615 103155 6 2 1400221 9.3873904 22.1003 24.593375 3659 1492697 657359 161961 194 0 0 0 0 0 0 553 309921 46969
24.6 -0.202937 -0.0898322 6.00119 59911 1.0000007 281659 103277 5 2 1271584 9.3873904 22.1003 24.6 1867 1403317 568216 136716 195 0 0 0 0 0 0 553 309999 42654
24.606625 -0.202937 -0.0891383 6.0012 59913 1.0000007 281482 103051 6 2 1152099.1 9.3873904 22.1003 24.606625 1334 1334193 500385 117337 196 0 0 0 0 0 0 553 309796 38646
24.613375 -0.202937 -0.0884313 6.00121 59914 1.0000007 281551 103166 5 2 1077540.3 9.3873904 22.1003 24.613375 1021 1288171 455338 104560 197 0 0 0 0 0 0 553 309860 36145
24.62 -0.202937 -0.0877373 6.00122 59916 1.0000007 281328 102986 6 2 1007423.4 9.3873904 22.1003 24.62 840 1255554 422402 94043 198 0 0 0 0 0 0 553 309641 33793
24.626625 -0.202937 -0.0870434 6.00123 59917 1.0000007 281854 103324 5 2 941927.31 9.3873904 22.1003 24.626625 679 1232095 395589 85801 199 0 0 0 0 0 0 553 310188 31596
24.633375 -0.202937 -0.0863364 6.00124 59919 1.0000007 281789 103267 5 2 893155.54 9.3873904 22.1003 24.633375 565 1209687 376781 80062 200 0 0 0 0 0 0 553 310143 29960
24.64 -0.202937 -0.0856425 6.00125 59920 1.0000007 281832 103291 5 2 842922.99 9.3873904 22.1003 24.64 513 1195635 361460 75229 201 0 0 0 0 0 0 553 310191 28275
24.646625 -0.202937 -0.0849486 6.00126 59922 1.0000007 281688 103146 6 2 818507.29 9.3873904 22.1003 24.646625 420 1180020 348488 71511 202 0 0 0 0 0 0 553 310042 27456
24.653375 -0.202937 -0.0842416 6.00127 59923 1.0000007 281779 103280 6 2 781600.53 9.3873904 22.1003 24.653375 354 1170224 339104 68117 203 0 0 0 0 0 0 553 310133 26218
24.66 -0.202937 -0.0835477 6.00128 59925 1.0000007 281656 103179 5 2 762222.99 9.3873904 22.1003 24.66 314 1158583 328182 65301 204 0 0 0 0 0 0 553 310011 25568
24.666625 -0.202937 -0.0828538 6.00129 59926 1.0000007 281599 103117 6 2 736108.03 9.3873904 22.1003 24.666625 283 1154299 322122 62953 205 0 0 0 0 0 0 553 309942 24692
24.673375 -0.202937 -0.0821468 6.0013 59927 1.0000007 281600 103084 5 2 712258.75 9.3873904 22.1003 24.673375 245 1145241 312822 60676 206 0 0 0 0 0 0 553 309975 23892
24.68 -0.202937 -0.0814528 6.0013 59929 1.0000007 281562 103154 5 2 706534.92 9.3873904 22.1003 24.68 221 1139827 308330 59631 207 0 0 0 0 0 0 553 309896 23700
24.686625 -0.202937 -0.0807589 6.00131 59930 1.0000007 281451 102998 5 2 685905.29 9.3873904 22.1003 24.686625 224 1132598 302506 57794 208 0 0 0 0 0 0 553 309789 23008
24.693375 -0.202937 -0.0800519 6.00132 59932 1.0000007 281595 103135 6 2 669807.03 9.3873904 22.1003 24.693375 223 1126518 298166 56715 209 0 0 0 0 0 0 553 309948 22468
24.7 -0.202937 -0.079358 6.00133 59933 1.0000007 281390 102933 6 2 663695.65 9.3873904 22.1003 24.7 206 1121842 293568 55572 210 0 0 0 0 0 0 553 309731 22263
24.706625 -0.202937 -0.0786641 6.00134 59935 1.0000007 281415 103040 6 2 651174.78 9.3873904 22.1003 24.706625 222 1116894 289803 54853 211 0 0 0 0 0 0 553 309765 21843
24.713375 -0.202937 -0.077957 6.00135 59936 1.0000007 281354 102907 7 2 636507.47 9.3873904 22.1003 24.713375 236 1112064 285646 53570 212 0 0 0 0 0 0 553 309697 21351
24.72 -0.202937 -0.0772631 6.00136 59938 1.0000007 281173 102854 5 2 635195.76 9.3873904 22.1003 24.72 230 1109250 282032 52499 213 0 0 0 0 0 0 553 309514 21307
24.726625 -0.202937 -0.0765692 6.00137 59939 1.0000007 281321 102871 6 2 627832.3 9.3873904 22.1003 24.726625 228 1106320 279375 52075 214 0 0 0 0 0 0 553 309664 21060
24.733375 -0.202937 -0.0758622 6.00138 59941 1.0000007 281240 102935 6 2 622227.72 9.3873904 22.1003 24.733375 234 1101424 276108 51542 215 0 0 0 0 0 0 553 309597 20872
24.74 -0.202937 -0.0751682 6.00139 59942 1.0000007 281398 102964 5 2 621631.48 9.3873904 22.1003 24.74 251 1100394 273923 50950 216 0 0 0 0 0 0 553 309728 20852
24.746625 -0.202937 -0.0744743 6.0014 59944 1.0000007 281155 102851 6 2 612091.77 9.3873904 22.1003 24.746625 225 1097034 271268 50164 217 0 0 0 0 0 0 553 309485 20532
24.753375 -0.202937 -0.0737673 6.0014 59945 1.0000007 281272 102855 5 2 606755.49 9.3873904 22.1003 24.753375 227 1092908 268858 50047 218 0 0 0 0 0 0 553 309579 20353
24.76 -0.202937 -0.0730734 6.00141 59947 1.0000007 281273 102970 6 2 599362.22 9.3873904 22.1003 24.76 218 1092981 267376 49288 219 0 0 0 0 0 0 553 309615 20105
24.766625 -0.202937 -0.0723794 6.00142 59948 1.0000007 281137 102829 5 2 600733.55 9.3873904 22.1003 24.766625 207 1087962 265043 49120 220 0 0 0 0 0 0 553 309475 20151
24.773375 -0.202937 -0.0716724 6.00143 59950 1.0000007 281079 102907 5 2 589822.51 9.3873904 22.1003 24.773375 221 1085584 262979 48593 221 0 0 0 0 0 0 553 309428 19785
24.78 -0.202937 -0.0709785 6.00144 59951 1.0000007 281310 102957 5 2 590836.1 9.3873904 22.1003 24.78 236 1084760 261207 47866 222 0 0 0 0 0 0 553 309659 19819
24.786625 -0.202937 -0.0702845 6.00145 59953 1.0000007 281184 102907 5 2 575483.13 9.3873904 22.1003 24.786625 225 1080425 258788 47521 223 0 0 0 0 0 0 553 309542 19304
24.793375 -0.202937 -0.0695775 6.00145 59954 1.0000007 281321 102942 5 2 584843.97 9.3873904 22.1003 24.793375 229 1079624 257822 47530 224 0 0 0 0 0 0 553 309657 19618
24.8 -0.202937 -0.0688836 6.00146 59956 1.0000007 281134 102853 5 2 572919.33 9.3873904 22.1003 24.8 247 1078083 256245 46885 225 0 0 0 0 0 0 553 309480 19218
24.806625 -0.202937 -0.0681896 6.00147 59957 1.0000007 281378 102920 5 2 580700.16 9.3873904 22.1003 24.806625 217 1077290 255763 47144 226 0 0 0 0 0 0 553 309747 19479
24.813375 -0.202937 -0.0674826 6.00148 59959 1.0000007 281221 102955 5 2 569938.17 9.3873904 22.1003 24.813375 232 1073906 253257 46768 227 0 0 0 0 0 0 553 309548 19118
24.82 -0.202937 -0.0667887 6.00149 59960 1.0000007 281494 103069 6 2 573664.62 9.3873904 22.1003 24.82 226 1072416 252037 46466 228 0 0 0 0 0 0 553 309867 19243
24.826625 -0.202937 -0.0660947 6.00149 59962 1.0000007 281292 102985 6 2 564393.21 9.3873904 22.1003 24.826625 203 1070553 251338 45979 229 0 0 0 0 0 0 553 309639 18932
24.833375 -0.202937 -0.0653877 6.0015 59963 1.0000007 281423 103039 5 2 564333.59 9.3873904 22.1003 24.833375 251 1070855 250163 45765 230 0 0 0 0 0 0 553 309768 18930
24.84 -0.202937 -0.0646937 6.00151 59965 1.0000007 281462 103126 6 2 559712.79 9.3873904 22.1003 24.84 227 1069311 249469 45858 231 0 0 0 0 0 0 553 309813 18775
24.846625 -0.202937 -0.0639998 6.00152 59966 1.0000007 281527 103122 6 2 563230.56 9.3873904 22.1003 24.846625 226 1067065 248480 45326 232 0 0 0 0 0 0 553 309875 18893
24.853375 -0.202937 -0.0632928 6.00152 59968 1.0000007 281451 103042 5 2 556224.83 9.3873904 22.1003 24.853375 193 1065588 247683 45252 233 0 0 0 0 0 0 553 309797 18658
24.86 -0.202937 -0.0625988 6.00153 59969 1.0000007 281558 103131 6 2 554048.59 9.3873904 22.1003 24.86 223 1064501 246892 45047 234 0 0 0 0 0 0 553 309894 18585
24.866625 -0.202937 -0.0619049 6.00154 59971 1.0000007 281454 103174 6 2 553511.98 9.3873904 22.1003 24.866625 213 1062098 245294 44625 235 0 0 0 0 0 0 553 309766 18567
24.873375 -0.202937 -0.0611978 6.00155 59972 1.0000007 281470 103098 6 2 553124.43 9.3873904 22.1003 24.873375 225 1061494 245051 44634 236 0 0 0 0 0 0 553 309790 18554
24.88 -0.202937 -0.0605039 6.00155 59973 1.0000007 281548 103211 6 2 545403.22 9.3873904 22.1003 24.88 220 1059198 243225 44367 237 0 0 0 0 0 0 553 309905 18295
24.886625 -0.202937 -0.0598099 6.00156 59975 1.0000007 281670 103259 5 2 534432.55 9.3873904 22.1003 24.886625 223 1059570 242495 43920 238 0 0 0 0 0 0 553 309982 17927
24.893375 -0.202937 -0.0591029 6.00157 59976 1.0000007 281664 103286 5 2 546416.82 9.3873904 22.1003 24.893375 218 1058081 242734 44176 239 0 0 0 0 0 0 553 309997 18329
24.9 -0.202937 -0.0584089 6.00157 59978 1.0000007 281780 103364 6 2 541348.84 9.3873904 22.1003 24.9 224 1057879 241401 43958 240 0 0 0 0 0 0 553 310114 18159
24.906625 -0.202937 -0.057715 6.00158 59979 1.0000007 281831 103430 6 2 541497.9 9.3873904 22.1003 24.906625 239 1056330 240741 44000 241 0 0 0 0 0 0 553 310152 18164
24.913375 -0.202937 -0.0570079 6.00159 59981 1.0000007 281916 103519 6 2 533866.13 9.3873904 22.1003 24.913375 212 1057594 240590 43611 242 0 0 0 0 0 0 553 310223 17908
24.92 -0.202937 -0.056314 6.00159 59982 1.0000007 281851 103451 6 2 535952.94 9.3873904 22.1003 24.92 207 1053592 238941 43330 243 0 0 0 0 0 0 553 310185 17978
24.926625 -0.202937 -0.05562 6.0016 59984 1.0000007 282066 103655 6 2 539351.47 9.3873904 22.1003 24.926625 230 1056157 238737 43659 244 0 0 0 0 0 0 553 310401 18092
24.933375 -0.202937 -0.054913 6.00161 59985 1.0000007 282022 103605 6 2 531600.45 9.3873904 22.1003 24.933375 233 1051524 238257 43062 245 0 0 0 0 0 0 553 310339 17832
24.94 -0.202937 -0.054219 6.00161 59987 1.0000007 282221 103757 6 2 530706.1 9.3873904 22.1003 24.94 220 1054094 238409 43347 246 0 0 0 0 0 0 553 310543 17802
24.946625 -0.202937 -0.0535251 6.00162 59988 1.0000007 282112 103688 6 2 527546.07 9.3873904 22.1003 24.946625 215 1054186 237461 42849 247 0 0 0 0 0 0 553 310411 17696
24.953375 -0.202937 -0.052818 6.00163 59990 1.0000007 282270 103877 6 2 528470.23 9.3873904 22.1003 24.953375 240 1051040 236836 42871 248 0 0 0 0 0 0 553 310581 17727
24.96 -0.202937 -0.0521241 6.00163 59991 1.0000007 282406 103873 5 2 528142.31 9.3873904 22.1003 24.96 221 1051050 235645 42628 249 0 0 0 0 0 0 553 310712 17716
24.966625 -0.202937 -0.0514301 6.00164 59993 1.0000007 282459 104043 5 2 521792.43 9.3873904 22.1003 24.966625 231 1050629 235420 42383 250 0 0 0 0 0 0 553 310790 17503
24.973375 -0.202937 -0.0507231 6.00164 59994 1.0000007 282454 103961 5 2 523014.71 9.3873904 22.1003 24.973375 229 1048972 234788 42457 251 0 0 0 0 0 0 553 310761 17544
24.98 -0.202937 -0.0500291 6.00165 59996 1.0000007 282712 104267 5 2 523551.32 9.3873904 22.1003 24.98 238 1049537 235089 42638 252 0 0 0 0 0 0 553 311004 17562
24.986625 -0.202937 -0.0493352 6.00165 59997 1.0000007 282598 104102 6 2 527486.45 9.3873904 22.1003 24.986625 236 1049973 234339 42628 253 0 0 0 0 0 0 553 310880 17694
24.993375 -0.202937 -0.0486281 6.00166 59999 1.0000007 282848 104407 6 2 523581.13 9.3873904 22.1003 24.993375 224 1047298 233620 42214 254 0 0 0 0 0 0 553 311162 17563
25 -0.202937 -0.0479341 6.00167 60000 1.0000007 282779 104289 5 2 520838.46 9.3873904 22.1003 25 188 1046234 232948 42309 255 0 0 0 0 0 0 553 311078 17471
25.006625 -0.202937 -0.0472402 6.00167 60001 1.0000007 282855 104391 5 2 520927.9 9.3873904 22.1003 25.006625 211 1048076 233384 42326 256 0 0 0 0 0 0 553 311169 17474
25.013375 -0.202937 -0.0465331 6.00168 60003 1.0000007 283050 104485 6 2 525161.15 9.3873904 22.1003 25.013375 253 1046185 232896 42320 257 0 0 0 0 0 0 553 311359 17616
25.02 -0.202937 -0.0458392 6.00168 60004 1.0000007 283078 104516 5 2 517082.2 9.3873904 22.1003 25.02 251 1046492 233227 42067 258 0 0 0 0 0 0 553 311378 17345
25.026625 -0.202937 -0.0451452 6.00169 60006 1.0000007 283055 104559 6 2 515263.69 9.3873904 22.1003 25.026625 228 1046541 232225 41938 259 0 0 0 0 0 0 553 311353 17284
25.033375 -0.202937 -0.0444381 6.00169 60008 1.0000007 283276 104606 5 2 509450.43 9.3873904 22.1003 25.033375 224 1046319 232059 41796 260 0 0 0 0 0 0 553 311567 17089
25.04 -0.202937 -0.0437442 6.0017 60009 1.0000007 283281 104759 5 2 510791.95 9.3873904 22.1003 25.04 232 1045827 232613 41890 261 0 0 0 0 0 0 553 311567 17134
25.046625 -0.202937 -0.0430502 6.0017 60011 1.0000007 283322 104658 5 2 512163.29 9.3873904 22.1003 25.046625 252 1045801 232637 41563 262 0 0 0 0 0 0 553 311610 17180
25.053375 -0.202937 -0.0423431 6.00171 60012 1.0000007 283233 104744 6 2 518125.61 9.3873904 22.1003 25.053375 224 1041707 231359 42167 263 0 0 0 0 0 0 553 311501 17380
25.06 -0.202937 -0.0416492 6.00171 60014 1.0000007 283432 104819 5 2 515114.64 9.3873904 22.1003 25.06 248 1044681 232119 42105 264 0 0 0 0 0 0 553 311714 17279
25.066625 -0.202937 -0.0409552 6.00172 60015 1.0000007 283427 104882 6 2 506379.84 9.3873904 22.1003 25.066625 256 1042963 230410 41415 265 0 0 0 0 0 0 553 311725 16986
25.073375 -0.202937 -0.0402482 6.00172 60016 1.0000007 283504 104861 5 2 507810.79 9.3873904 22.1003 25.073375 241 1043780 230788 41469 266 0 0 0 0 0 0 553 311781 17034
25.08 -0.202937 -0.0395542 6.00173 60018 1.0000007 283565 104908 6 2 511447.81 9.3873904 22.1003 25.08 242 1042249 229979 41399 267 0 0 0 0 0 0 553 311833 17156
25.086625 -0.202937 -0.0388602 6.00173 60019 1.0000007 283535 104887 7 2 503100.56 9.3873904 22.1003 25.086625 227 1041909 229536 41119 268 0 0 0 0 0 0 553 311833 16876
25.093375 -0.202937 -0.0381532 6.00174 60021 1.0000007 283573 104963 6 2 516784.09 9.3873904 22.1003 25.093375 198 1041009 229464 41954 269 0 0 0 0 0 0 553 311866 17335
25.1 -0.202937 -0.0374592 6.00174 60022 1.0000007 283507 104982 6 2 511626.68 9.3873904 22.1003 25.1 244 1039356 229455 41452 270 0 0 0 0 0 0 553 311794 17162
25.106625 -0.202937 -0.0367652 6.00175 60024 1.0000007 283474 104940 5 2 514101.04 9.3873904 22.1003 25.106625 242 1039148 229141 41524 271 0 0 0 0 0 0 553 311758 17245
25.113375 -0.202937 -0.0360582 6.00175 60025 1.0000007 283610 105009 6 2 504829.63 9.3873904 22.1003 25.113375 229 1037731 228200 41208 272 0 0 0 0 0 0 553 311900 16934
25.12 -0.202937 -0.0353642 6.00175 60027 1.0000007 283475 104882 6 2 504143.97 9.3873904 22.1003 25.12 207 1036930 227979 41043 273 0 0 0 0 0 0 553 311739 16911
25.126625 -0.202937 -0.0346702 6.00176 60028 1.0000007 283557 105027 4 2 512401.78 9.3873904 22.1003 25.126625 233 1038347 229100 41419 274 0 0 0 0 0 0 553 311811 17188
25.133375 -0.202937 -0.0339631 6.00176 60030 1.0000007 283469 104974 6 2 510523.65 9.3873904 22.1003 25.133375 220 1037253 227419 41251 275 0 0 0 0 0 0 553 311725 17125
25.14 -0.202937 -0.0332692 6.00177 60031 1.0000007 283603 105004 5 2 508734.95 9.3873904 22.1003 25.14 268 1034321 227772 41285 276 0 0 0 0 0 0 553 311884 17065
25.146625 -0.202937 -0.0325752 6.00177 60033 1.0000007 283340 104835 5 2 506648.14 9.3873904 22.1003 25.146625 232 1036169 228004 41074 277 0 0 0 0 0 0 553 311603 16995
25.153375 -0.202937 -0.0318681 6.00177 60034 1.0000007 283524 104958 6 2 504442.08 9.3873904 22.1003 25.153375 224 1034906 226732 40863 278 0 0 0 0 0 0 553 311795 16921
25.16 -0.202937 -0.0311742 6.00178 60036 1.0000007 283178 104764 6 2 499940.53 9.3873904 22.1003 25.16 222 1032051 227284 40811 279 0 0 0 0 0 0 553 311416 16770
25.166625 -0.202937 -0.0304802 6.00178 60037 1.0000007 283989 105188 5 2 502146.59 9.3873904 22.1003 25.166625 226 1036396 227392 41084 280 0 0 0 0 0 0 553 312642 16844
25.173375 -0.202937 -0.0297731 6.00178 60039 1.0000007 284208 105191 5 2 506499.08 9.3873904 22.1003 25.173375 196 1034763 227360 41175 281 0 0 0 0 0 0 553 312472 16990
25.18 -0.202937 -0.0290791 6.00179 60040 1.0000007 284292 105242 5 2 505276.81 9.3873904 22.1003 25.18 229 1036887 227006 41139 282 0 0 0 0 0 0 553 312606 16949
25.186625 -0.202937 -0.0283852 6.00179 60041 1.0000007 284255 105198 6 2 504591.14 9.3873904 22.1003 25.186625 246 1035278 225802 40793 283 0 0 0 0 0 0 553 312517 16926
25.193375 -0.202937 -0.0276781 6.00179 60043 1.0000007 284403 105362 6 2 500506.95 9.3873904 22.1003 25.193375 217 1035129 227268 40911 284 0 0 0 0 0 0 553 312696 16789
25.2 -0.202937 -0.0269841 6.0018 60044 1.0000007 284154 105105 6 2 501192.62 9.3873904 22.1003 25.2 230 1035090 226362 41130 285 0 0 0 0 0 0 553 312421 16812
25.206625 -0.202937 -0.0262901 6.0018 60046 1.0000007 284244 105229 5 2 508615.71 9.3873904 22.1003 25.206625 222 1033528 225938 40939 286 0 0 0 0 0 0 553 312555 17061
25.213375 -0.202937 -0.0255831 6.0018 60047 1.0000007 284227 105223 5 2 504978.69 9.3873904 22.1003 25.213375 223 1032124 226406 40824 287 0 0 0 0 0 0 553 312513 16939
25.22 -0.202937 -0.0248891 6.00181 60049 1.0000007 284234 105264 5 2 502951.5 9.3873904 22.1003 25.22 252 1032698 226149 41066 288 0 0 0 0 0 0 553 312531 16871
25.226625 -0.202937 -0.0241951 6.00181 60050 1.0000007 284145 105046 7 2 497495.98 9.3873904 22.1003 25.226625 248 1030392 226118 40592 289 0 0 0 0 0 0 553 312462 16688
25.233375 -0.202937 -0.023488 6.00181 60052 1.0000007 284117 105157 5 2 498688.44 9.3873904 22.1003 25.233375 201 1028974 224851 40696 290 0 0 0 0 0 0 553 312388 16728
25.24 -0.202937 -0.0227941 6.00181 60053 1.0000007 284068 105064 6 2 497674.85 9.3873904 22.1003 25.24 228 1029321 225235 40640 291 0 0 0 0 0 0 553 312354 16694
25.246625 -0.202937 -0.0221001 6.00182 60055 1.0000007 284041 105108 5 2 494663.88 9.3873904 22.1003 25.246625 239 1031178 225493 40494 292 0 0 0 0 0 0 553 312353 16593
25.253375 -0.202937 -0.021393 6.00182 60056 1.0000007 283947 104994 6 2 500089.59 9.3873904 22.1003 25.253375 240 1028099 224559 40552 293 0 0 0 0 0 0 553 312229 16775
25.26 -0.202937 -0.020699 6.00182 60058 1.0000007 283878 105030 5 2 496243.89 9.3873904 22.1003 25.26 246 1027176 224185 40293 294 0 0 0 0 0 0 553 312181 16646
25.266625 -0.202937 -0.0200051 6.00182 60059 1.0000007 283949 104933 6 2 499463.55 9.3873904 22.1003 25.266625 236 1029137 224728 40706 295 0 0 0 0 0 0 553 312233 16754
25.273375 -0.202937 -0.019298 6.00183 60061 1.0000007 283925 105008 5 2 498897.13 9.3873904 22.1003 25.273375 237 1026652 223359 40447 296 0 0 0 0 0 0 553 312210 16735
25.28 -0.202937 -0.018604 6.00183 60062 1.0000007 283727 104806 6 2 496363.14 9.3873904 22.1003 25.28 233 1027605 223960 40424 297 0 0 0 0 0 0 553 311998 16650
25.286625 -0.202937 -0.01791 6.00183 60064 1.0000007 283804 104989 6 2 496899.75 9.3873904 22.1003 25.286625 250 1026683 223551 40460 298 0 0 0 0 0 0 553 312100 16668
25.293375 -0.202937 -0.017203 6.00183 60065 1.0000007 283762 104821 5 2 498509.58 9.3873904 22.1003 25.293375 232 1026167 223446 40605 299 0 0 0 0 0 0 553 312046 16722
25.3 -0.202937 -0.016509 6.00183 60067 1.0000007 283762 104944 6 2 496720.88 9.3873904 22.1003 25.3 236 1024373 222830 40457 300 0 0 0 0 0 0 553 312076 16662
