Eta  H  K  L  Epoch  Sec  ion1  Hubmon  scan_bar  Filters  Correct  Qmag  Energy  Graze  p_peak  p_total  p_del_s  p_nu_s  p_image  p_xcen  p_xsig  p_ycen  p_ysig  power  tempsp  gun_on  ion0  p_point
23 -0.194824 -0.257039 5.99621 30193 0.5000007 143016 52964 4 2 246363.06 9.3867431 22.1003 23 79 518815 113133 20249 0 0 0 0 0 0 0 553 156418 8264
23.006625 -0.194824 -0.256346 5.99624 30194 0.5000007 143081 53013 5 2 245558.15 9.3867431 22.1003 23.006625 84 517955 113138 20254 1 0 0 0 0 0 0 553 156507 8237
23.013375 -0.194824 -0.255639 5.99627 30195 0.5000007 143005 52971 4 2 250775.18 9.3867431 22.1003 23.013375 82 519197 113368 20524 2 0 0 0 0 0 0 553 156426 8412
23.02 -0.194824 -0.254946 5.99629 30196 0.5000007 143053 53002 5 2 249940.45 9.3867431 22.1003 23.02 82 519367 113536 20332 3 0 0 0 0 0 0 553 156479 8384
23.026625 -0.194824 -0.254253 5.99632 30197 0.5000007 143008 52946 4 2 244544.55 9.3867431 22.1003 23.026625 82 518146 113091 20185 4 0 0 0 0 0 0 553 156439 8203
23.033375 -0.194824 -0.253546 5.99635 30198 0.5000007 143078 52963 5 2 253965.02 9.3867431 22.1003 23.033375 78 520516 114001 20631 5 0 0 0 0 0 0 553 156502 8519
23.04 -0.194824 -0.252853 5.99638 30199 0.5000007 142942 52915 4 2 252086.89 9.3867431 22.1003 23.04 69 519719 113738 20446 6 0 0 0 0 0 0 553 156375 8456
23.046625 -0.194824 -0.252159 5.99641 30200 0.5000007 142980 52949 4 2 251460.85 9.3867431 22.1003 23.046625 79 519376 113121 20423 7 0 0 0 0 0 0 553 156374 8435
23.053375 -0.194824 -0.251453 5.99644 30201 0.5000007 143079 52977 5 2 252981.24 9.3867431 22.1003 23.053375 80 519826 113289 20433 8 0 0 0 0 0 0 553 156504 8486
23.06 -0.194824 -0.25076 5.99647 30202 0.5000007 142962 52879 4 2 252593.69 9.3867431 22.1003 23.06 95 521921 114342 20592 9 0 0 0 0 0 0 553 156394 8473
23.066625 -0.194824 -0.250066 5.9965 30203 0.5000007 142987 52910 4 2 248300.82 9.3867431 22.1003 23.066625 102 520623 113405 20376 10 0 0 0 0 0 0 553 156438 8329
23.073375 -0.194824 -0.24936 5.99653 30204 0.5000007 142955 52910 4 2 252683.12 9.3867431 22.1003 23.073375 67 521226 114380 20585 11 0 0 0 0 0 0 553 156374 8476
23.08 -0.194824 -0.248666 5.99656 30205 0.5000007 142949 52880 5 2 248986.48 9.3867431 22.1003 23.08 76 521136 113847 20350 12 0 0 0 0 0 0 553 156380 8352
23.086625 -0.194824 -0.247973 5.99659 30205 0.5000007 142944 52911 4 2 255515.22 9.3867431 22.1003 23.086625 73 522428 113943 20669 13 0 0 0 0 0 0 553 156390 8571
23.093375 -0.194824 -0.247267 5.99662 30206 0.5000007 142899 52848 5 2 249910.64 9.3867431 22.1003 23.093375 87 519950 113538 20330 14 0 0 0 0 0 0 553 156316 8383
23.1 -0.194824 -0.246573 5.99664 30208 0.5000007 142983 52929 5 2 253696.72 9.3867431 22.1003 23.1 81 522450 114362 20674 15 0 0 0 0 0 0 553 156422 8510
23.106625 -0.194824 -0.24588 5.99667 30209 0.5000007 142851 52837 5 2 254054.46 9.3867431 22.1003 23.106625 81 522440 114135 20699 16 0 0 0 0 0 0 553 156291 8522
23.113375 -0.194824 -0.245173 5.9967 30210 0.5000007 142861 52843 3 2 252951.43 9.3867431 22.1003 23.113375 70 522198 114451 20729 17 0 0 0 0 0 0 553 156291 8485
23.12 -0.194824 -0.24448 5.99673 30211 0.5000007 142869 52850 4 2 254292.95 9.3867431 22.1003 23.12 71 521390 114319 20548 18 0 0 0 0 0 0 553 156310 8530
23.126625 -0.194824 -0.243787 5.99676 30212 0.5000007 142906 52837 4 2 260106.21 9.3867431 22.1003 23.126625 85 522000 114274 20799 19 0 0 0 0 0 0 553 156341 8725
23.133375 -0.194824 -0.24308 5.99679 30213 0.5000007 142859 52850 4 2 259122.43 9.3867431 22.1003 23.133375 81 522319 114388 20683 20 0 0 0 0 0 0 553 156309 8692
23.14 -0.194824 -0.242387 5.99682 30213 0.5000007 142856 52834 4 2 252235.95 9.3867431 22.1003 23.14 82 521113 114041 20579 21 0 0 0 0 0 0 553 156308 8461
23.146625 -0.194824 -0.241693 5.99684 30214 0.5000007 142898 52859 4 2 255783.53 9.3867431 22.1003 23.146625 76 522318 114077 20872 22 0 0 0 0 0 0 553 156344 8580
23.153375 -0.194824 -0.240987 5.99687 30215 0.5000007 142825 52830 4 2 252295.57 9.3867431 22.1003 23.153375 75 522117 114513 20750 23 0 0 0 0 0 0 553 156270 8463
23.16 -0.194824 -0.240293 5.9969 30216 0.5000007 142834 52757 5 2 253219.73 9.3867431 22.1003 23.16 80 522899 114980 20627 24 0 0 0 0 0 0 553 156263 8494
23.166625 -0.194824 -0.2396 5.99693 30217 0.5000007 142829 52807 5 2 253666.9 9.3867431 22.1003 23.166625 87 524568 115271 20785 25 0 0 0 0 0 0 553 156288 8509
23.173375 -0.194824 -0.238894 5.99696 30218 0.5000007 142840 52832 5 2 252981.24 9.3867431 22.1003 23.173375 82 523071 114993 20539 26 0 0 0 0 0 0 553 156288 8486
23.18 -0.194824 -0.2382 5.99698 30219 0.5000007 142877 52823 4 2 253338.98 9.3867431 22.1003 23.18 87 523634 114399 20741 27 0 0 0 0 0 0 553 156304 8498
23.186625 -0.194824 -0.237507 5.99701 30220 0.5000007 142796 52772 5 2 256409.57 9.3867431 22.1003 23.186625 77 523936 115198 20815 28 0 0 0 0 0 0 553 156245 8601
23.193375 -0.194824 -0.2368 5.99704 30221 0.5000007 142786 52734 5 2 254680.5 9.3867431 22.1003 23.193375 79 523610 114500 20593 29 0 0 0 0 0 0 553 156232 8543
23.2 -0.194824 -0.236107 5.99707 30222 0.5000007 142813 52769 4 2 251431.03 9.3867431 22.1003 23.2 67 524813 114718 20595 30 0 0 0 0 0 0 553 156262 8434
23.206625 -0.194824 -0.235413 5.99709 30223 0.5000007 142835 52805 5 2 256022.02 9.3867431 22.1003 23.206625 79 525481 115583 20671 31 0 0 0 0 0 0 553 156301 8588
23.213375 -0.194824 -0.234707 5.99712 30224 0.5000007 142727 52775 6 2 259688.85 9.3867431 22.1003 23.213375 83 526169 115345 20984 32 0 0 0 0 0 0 553 156173 8711
23.22 -0.194824 -0.234013 5.99715 30225 0.5000007 142739 52740 5 2 259182.05 9.3867431 22.1003 23.22 83 526594 115590 20828 33 0 0 0 0 0 0 553 156173 8694
23.226625 -0.194824 -0.23332 5.99718 30226 0.5000007 142758 52726 5 2 259897.53 9.3867431 22.1003 23.226625 73 526642 116114 21244 34 0 0 0 0 0 0 553 156228 8718
23.233375 -0.194824 -0.232613 5.9972 30227 0.5000007 142715 52701 4 2 259927.34 9.3867431 22.1003 23.233375 89 526465 115990 20888 35 0 0 0 0 0 0 553 156146 8719
23.24 -0.194824 -0.23192 5.99723 30228 0.5000007 142751 52758 5 2 258257.89 9.3867431 22.1003 23.24 80 527902 116015 20904 36 0 0 0 0 0 0 553 156203 8663
23.246625 -0.194824 -0.231227 5.99726 30229 0.5000007 142809 52776 4 2 253965.02 9.3867431 22.1003 23.246625 75 526812 115723 20696 37 0 0 0 0 0 0 553 156253 8519
23.253375 -0.194824 -0.23052 5.99728 30230 0.5000007 142688 52715 5 2 259450.35 9.3867431 22.1003 23.253375 79 527270 115973 21028 38 0 0 0 0 0 0 553 156150 8703
23.26 -0.194824 -0.229827 5.99731 30231 0.5000007 142611 52638 5 2 254680.5 9.3867431 22.1003 23.26 77 528072 116188 20817 39 0 0 0 0 0 0 553 156055 8543
23.266625 -0.194824 -0.229133 5.99734 30232 0.5000007 142714 52753 4 2 262670.01 9.3867431 22.1003 23.266625 73 529630 116932 21145 40 0 0 0 0 0 0 553 156162 8811
23.273375 -0.194824 -0.228427 5.99736 30233 0.5000007 142650 52647 4 2 266247.4 9.3867431 22.1003 23.273375 69 529546 117205 21489 41 0 0 0 0 0 0 553 156114 8931
23.28 -0.194824 -0.227733 5.99739 30234 0.5000007 142711 52723 5 2 264428.89 9.3867431 22.1003 23.28 85 528963 116683 21184 42 0 0 0 0 0 0 553 156153 8870
23.286625 -0.194824 -0.22704 5.99742 30235 0.5000007 142620 52643 4 2 263236.43 9.3867431 22.1003 23.286625 102 529857 116962 21250 43 0 0 0 0 0 0 553 156085 8830
23.293375 -0.194824 -0.226333 5.99744 30236 0.5000007 142661 52657 5 2 262163.21 9.3867431 22.1003 23.293375 105 530459 116976 21234 44 0 0 0 0 0 0 553 156111 8794
23.3 -0.194824 -0.22564 5.99747 30237 0.5000007 142687 52700 4 2 260225.46 9.3867431 22.1003 23.3 80 530598 116845 21215 45 0 0 0 0 0 0 553 156145 8729
23.306625 -0.194824 -0.224946 5.9975 30238 0.5000007 142653 52705 5 2 260553.38 9.3867431 22.1003 23.306625 83 531563 117316 21432 46 0 0 0 0 0 0 553 156111 8740
23.313375 -0.194824 -0.22424 5.99752 30239 0.5000007 142734 52714 4 2 265353.05 9.3867431 22.1003 23.313375 78 533871 118511 21744 47 0 0 0 0 0 0 553 156204 8901
23.32 -0.194824 -0.223546 5.99755 30240 0.5000007 142641 52640 4 2 263981.72 9.3867431 22.1003 23.32 90 532195 117811 21428 48 0 0 0 0 0 0 553 156096 8855
23.326625 -0.194824 -0.222853 5.99757 30241 0.5000007 142644 52652 5 2 266068.53 9.3867431 22.1003 23.326625 89 534184 118786 21506 49 0 0 0 0 0 0 553 156094 8925
23.333375 -0.194824 -0.222146 5.9976 30242 0.5000007 142573 52625 4 2 263683.6 9.3867431 22.1003 23.333375 89 535233 118679 21547 50 0 0 0 0 0 0 553 156046 8845
23.34 -0.194824 -0.221452 5.99763 30243 0.5000007 142635 52667 4 2 266187.78 9.3867431 22.1003 23.34 83 535913 118891 21603 51 0 0 0 0 0 0 553 156097 8929
23.346625 -0.194824 -0.220759 5.99765 30244 0.5000007 142537 52584 4 2 266813.82 9.3867431 22.1003 23.346625 95 535653 118981 21501 52 0 0 0 0 0 0 553 155983 8950
23.353375 -0.194824 -0.220052 5.99768 30245 0.5000007 142495 52553 5 2 273253.13 9.3867431 22.1003 23.353375 92 536328 119301 21943 53 0 0 0 0 0 0 553 155956 9166
23.36 -0.194824 -0.219359 5.9977 30246 0.5000007 142485 52515 5 2 269824.79 9.3867431 22.1003 23.36 75 536130 119581 21765 54 0 0 0 0 0 0 553 155919 9051
23.366625 -0.194824 -0.218665 5.99773 30247 0.5000007 142506 52600 4 2 269526.68 9.3867431 22.1003 23.366625 81 537445 119942 21958 55 0 0 0 0 0 0 553 155964 9041
23.373375 -0.194824 -0.217959 5.99775 30248 0.5000007 142580 52586 4 2 270331.59 9.3867431 22.1003 23.373375 88 539569 120448 22003 56 0 0 0 0 0 0 553 156036 9068
23.38 -0.194824 -0.217265 5.99778 30249 0.5000007 142559 52531 4 2 270868.2 9.3867431 22.1003 23.38 85 539308 120694 22008 57 0 0 0 0 0 0 553 156019 9086
23.386625 -0.194824 -0.216572 5.9978 30250 0.5000007 142409 52468 5 2 272418.4 9.3867431 22.1003 23.386625 78 540267 121180 22092 58 0 0 0 0 0 0 553 155878 9138
23.393375 -0.194824 -0.215865 5.99783 30251 0.5000007 142515 52590 4 2 275906.36 9.3867431 22.1003 23.393375 75 540732 122032 22281 59 0 0 0 0 0 0 553 155979 9255
23.4 -0.194824 -0.215172 5.99785 30252 0.5000007 142429 52483 4 2 271971.23 9.3867431 22.1003 23.4 80 541905 122098 22048 60 0 0 0 0 0 0 553 155891 9123
23.406625 -0.194824 -0.214478 5.99788 30253 0.5000007 142529 52586 5 2 269467.05 9.3867431 22.1003 23.406625 81 543400 122696 22229 61 0 0 0 0 0 0 553 155986 9039
23.413375 -0.194824 -0.213772 5.9979 30254 0.5000007 142441 52520 5 2 277456.56 9.3867431 22.1003 23.413375 80 544477 122873 22430 62 0 0 0 0 0 0 553 155909 9307
23.42 -0.194824 -0.213078 5.99793 30255 0.5000007 142497 52551 4 2 280139.61 9.3867431 22.1003 23.42 79 545270 123896 22648 63 0 0 0 0 0 0 553 155941 9397
23.426625 -0.194824 -0.212384 5.99795 30256 0.5000007 142355 52455 4 2 279096.2 9.3867431 22.1003 23.426625 77 546734 124271 22663 64 0 0 0 0 0 0 553 155810 9362
23.433375 -0.194824 -0.211678 5.99798 30257 0.5000007 142382 52460 4 2 277277.69 9.3867431 22.1003 23.433375 85 547259 124700 22695 65 0 0 0 0 0 0 553 155844 9301
23.44 -0.194824 -0.210984 5.998 30258 0.5000007 142404 52488 4 2 279781.87 9.3867431 22.1003 23.44 72 548362 125701 22776 66 0 0 0 0 0 0 553 155883 9385
23.446625 -0.194824 -0.210291 5.99803 30259 0.5000007 142432 52472 5 2 287294.39 9.3867431 22.1003 23.446625 75 551078 126074 23091 67 0 0 0 0 0 0 553 155901 9637
23.453375 -0.194824 -0.209584 5.99805 30260 0.5000007 142517 52544 4 2 282524.53 9.3867431 22.1003 23.453375 73 553368 127640 23014 68 0 0 0 0 0 0 553 155986 9477
23.46 -0.194824 -0.208891 5.99808 30261 0.5000007 142394 52439 4 2 286072.11 9.3867431 22.1003 23.46 74 554952 128152 23447 69 0 0 0 0 0 0 553 155880 9596
23.466625 -0.194824 -0.208197 5.9981 30262 0.5000007 142284 52382 4 2 290305.36 9.3867431 22.1003 23.466625 76 555833 129150 23412 70 0 0 0 0 0 0 553 155748 9738
23.473375 -0.194824 -0.20749 5.99812 30263 0.5000007 142373 52415 4 2 294777.1 9.3867431 22.1003 23.473375 68 560566 130822 23624 71 0 0 0 0 0 0 553 155849 9888
23.48 -0.194824 -0.206797 5.99815 30264 0.5000007 142345 52432 5 2 299815.26 9.3867431 22.1003 23.48 77 563504 132646 24317 72 0 0 0 0 0 0 553 155823 10057
23.486625 -0.194824 -0.206103 5.99817 30264 0.5000007 142270 52347 4 2 302766.61 9.3867431 22.1003 23.486625 83 567842 135187 24541 73 0 0 0 0 0 0 553 155749 10156
23.493375 -0.194824 -0.205397 5.9982 30265 0.5000007 142447 52491 4 2 301126.97 9.3867431 22.1003 23.493375 102 573828 137374 24559 74 0 0 0 0 0 0 553 155919 10101
23.5 -0.194824 -0.204703 5.99822 30266 0.5000007 142282 52359 5 2 306403.62 9.3867431 22.1003 23.5 144 579496 139088 24775 75 0 0 0 0 0 0 553 155747 10278
23.506625 -0.194824 -0.20401 5.99824 30268 0.5000007 142357 52423 5 2 313618.03 9.3867431 22.1003 23.506625 224 590769 144181 25205 76 0 0 0 0 0 0 553 155835 10520
23.513375 -0.194824 -0.203303 5.99827 30269 0.5000007 142264 52347 4 2 310696.5 9.3867431 22.1003 23.513375 308 602757 147934 25520 77 0 0 0 0 0 0 553 155735 10422
23.52 -0.194824 -0.202609 5.99829 30270 0.5000007 142361 52424 4 2 323545.29 9.3867431 22.1003 23.52 474 621596 153892 25909 78 0 0 0 0 0 0 553 155812 10853
23.526625 -0.194824 -0.201916 5.99831 30271 0.5000007 142279 52383 5 2 323813.6 9.3867431 22.1003 23.526625 711 643591 159905 26355 79 0 0 0 0 0 0 553 155748 10862
23.533375 -0.194824 -0.201209 5.99834 30272 0.5000007 142330 52403 4 2 329179.69 9.3867431 22.1003 23.533375 1122 675834 168464 26759 80 0 0 0 0 0 0 553 155798 11042
23.54 -0.194824 -0.200516 5.99836 30273 0.5000007 142281 52361 4 2 338212.6 9.3867431 22.1003 23.54 2053 716135 178766 27495 81 0 0 0 0 0 0 553 155747 11345
23.546625 -0.194824 -0.199822 5.99838 30274 0.5000007 142291 52375 5 2 344920.21 9.3867431 22.1003 23.546625 3821 765403 191840 28065 82 0 0 0 0 0 0 553 155746 11570
23.553375 -0.194824 -0.199115 5.99841 30275 0.5000007 142272 52311 5 2 355950.5 9.3867431 22.1003 23.553375 6311 813795 206764 28749 83 0 0 0 0 0 0 553 155746 11940
23.56 -0.194824 -0.198422 5.99843 30276 0.5000007 142368 52375 5 2 367577.03 9.3867431 22.1003 23.56 6819 855069 225557 29909 84 0 0 0 0 0 0 553 156349 12330
23.566625 -0.194824 -0.197728 5.99845 30277 0.5000007 142936 52613 4 2 377772.6 9.3867431 22.1003 23.566625 5201 880690 247406 30742 85 0 0 0 0 0 0 553 156404 12672
23.573375 -0.194824 -0.197021 5.99848 30278 0.5000007 142857 52552 4 2 390054.97 9.3867431 22.1003 23.573375 3823 909624 272617 31687 86 0 0 0 0 0 0 553 156327 13084
23.58 -0.194824 -0.196328 5.9985 30279 0.5000007 142844 52545 3 2 399833.18 9.3867431 22.1003 23.58 3788 947454 301273 32677 87 0 0 0 0 0 0 553 156318 13412
23.586625 -0.194824 -0.195634 5.99852 30280 0.5000007 142798 52574 4 2 409253.64 9.3867431 22.1003 23.586625 3766 983947 335498 34573 88 0 0 0 0 0 0 553 156272 13728
23.593375 -0.194824 -0.194928 5.99855 30281 0.5000007 142793 52539 4 2 423205.47 9.3867431 22.1003 23.593375 3803 1025042 376233 35969 89 0 0 0 0 0 0 553 156240 14196
23.6 -0.194824 -0.194234 5.99857 30281 0.5000007 142718 52470 5 2 437902.59 9.3867431 22.1003 23.6 3826 1070269 428324 38423 90 0 0 0 0 0 0 553 156184 14689
23.606625 -0.194824 -0.19354 5.99859 30282 0.5000007 142769 52520 5 2 446369.09 9.3867431 22.1003 23.606625 4022 1126898 494771 40323 91 0 0 0 0 0 0 553 156236 14973
23.613375 -0.194824 -0.192834 5.99861 30283 0.5000007 142774 52478 5 2 470993.47 9.3867431 22.1003 23.613375 5956 1208200 592664 42749 92 0 0 0 0 0 0 553 156248 15799
23.62 -0.194824 -0.19214 5.99864 30284 0.5000007 142672 52511 5 2 487837.02 9.3867431 22.1003 23.62 17304 1348235 751596 45627 93 0 0 0 0 0 0 553 156147 16364
23.626625 -0.194824 -0.191446 5.99866 30285 0.5000007 142733 52488 5 2 508824.39 9.3867431 22.1003 23.626625 34419 1563448 985140 49389 94 0 0 0 0 0 0 553 156189 17068
23.633375 -0.194824 -0.19074 5.99868 30286 0.5000007 142743 52504 5 2 542988.48 9.3867431 22.1003 23.633375 61269 1810653 1252755 55592 95 0 0 0 0 0 0 553 156242 18214
23.64 -0.194824 -0.190046 5.9987 30287 0.5000007 142726 52469 4 2 567195.5 9.3867431 22.1003 23.64 82257 2106293 1570506 63954 96 0 0 0 0 0 0 553 156214 19026
23.646625 -0.194824 -0.189352 5.99872 30288 0.5000007 142677 52478 4 2 606427.57 9.3867431 22.1003 23.646625 93520 2436269 1920734 78037 97 0 0 0 0 0 0 553 156148 20342
23.653375 -0.194824 -0.188646 5.99875 30289 0.5000007 142735 52546 6 2 662562.81 9.3867431 22.1003 23.653375 116489 2698416 2200048 98971 98 0 0 0 0 0 0 553 156211 22225
23.66 -0.194824 -0.187952 5.99877 30290 0.5000007 142663 52430 4 2 717654.65 9.3867431 22.1003 23.66 115253 2907771 2423275 126074 99 0 0 0 0 0 0 553 156139 24073
23.666625 -0.194824 -0.187259 5.99879 30291 0.5000007 142711 52489 4 2 782465.07 9.3867431 22.1003 23.666625 116772 2958058 2483156 152092 100 0 0 0 0 0 0 553 156191 26247
23.673375 -0.194824 -0.186552 5.99881 30292 0.5000007 142682 52453 4 2 855891.04 9.3867431 22.1003 23.673375 79579 2821567 2354323 168180 101 0 0 0 0 0 0 553 156138 28710
23.68 -0.194824 -0.185858 5.99883 30293 0.5000007 142703 52482 4 2 938409.54 9.3867431 22.1003 23.68 65471 2708875 2247733 178350 102 0 0 0 0 0 0 553 156201 31478
23.686625 -0.194824 -0.185165 5.99886 30294 0.5000007 142616 52427 5 2 1029305.1 9.3867431 22.1003 23.686625 60805 2670934 2213791 183678 103 0 0 0 0 0 0 553 156096 34527
23.693375 -0.194824 -0.184458 5.99888 30295 0.5000007 142595 52370 4 2 1125596.6 9.3867431 22.1003 23.693375 57968 2651964 2201254 200254 104 0 0 0 0 0 0 553 156084 37757
23.7 -0.194824 -0.183764 5.9989 30296 0.5000007 142573 52417 4 2 1221679.4 9.3867431 22.1003 23.7 62613 2582839 2134253 224546 105 0 0 0 0 0 0 553 156051 40980
23.706625 -0.194824 -0.183071 5.99892 30297 0.5000007 142562 52424 4 2 1331147.6 9.3867431 22.1003 23.706625 74099 2376808 1932527 246290 106 0 0 0 0 0 0 553 156041 44652
23.713375 -0.194824 -0.182364 5.99894 30298 0.5000007 142685 52474 6 2 1451914.4 9.3867431 22.1003 23.713375 60889 2130974 1688403 271842 107 0 0 0 0 0 0 553 156164 48703
23.72 -0.194824 -0.18167 5.99896 30299 0.5000007 142712 52464 4 2 1575841.2 9.3867431 22.1003 23.72 42263 1900410 1460558 304158 108 0 0 0 0 0 0 553 156198 52860
23.726625 -0.194824 -0.180976 5.99898 30300 0.5000007 142518 52354 6 2 1693328.7 9.3867431 22.1003 23.726625 34856 1721460 1284790 328075 109 0 0 0 0 0 0 553 156008 56801
23.733375 -0.194824 -0.18027 5.999 30301 0.5000007 142641 52411 5 2 1821816.7 9.3867431 22.1003 23.733375 24955 1610277 1174742 366603 110 0 0 0 0 0 0 553 156131 61111
23.74 -0.194824 -0.179576 5.99902 30302 0.5000007 142622 52429 4 2 1959784.8 9.3867431 22.1003 23.74 20184 1524525 1088264 397573 111 0 0 0 0 0 0 553 156113 65739
23.746625 -0.194824 -0.178882 5.99905 30303 0.5000007 142594 52403 5 2 2093907.2 9.3867431 22.1003 23.746625 13743 1442752 1008380 409699 112 0 0 0 0 0 0 553 156066 70238
23.753375 -0.194824 -0.178176 5.99907 30304 0.5000007 142590 52404 5 2 2165276.1 9.3867431 22.1003 23.753375 10151 1377651 942908 407739 113 0 0 0 0 0 0 553 156092 72632
23.76 -0.194824 -0.177482 5.99909 30305 0.5000007 142466 52308 5 2 2165604.1 9.3867431 22.1003 23.76 11164 1306953 873712 396791 114 0 0 0 0 0 0 553 155957 72643
23.766625 -0.194824 -0.176788 5.99911 30306 0.5000007 142504 52332 5 2 2154842.1 9.3867431 22.1003 23.766625 9957 1227950 793170 367478 115 0 0 0 0 0 0 553 155993 72282
23.773375 -0.194824 -0.176082 5.99913 30307 0.5000007 142468 52305 5 2 2145868.8 9.3867431 22.1003 23.773375 6463 1125986 691238 308455 116 0 0 0 0 0 0 553 155961 71981
23.78 -0.194824 -0.175388 5.99915 30308 0.5000007 142498 52335 4 2 2113791.5 9.3867431 22.1003 23.78 3963 1032697 597761 253755 117 0 0 0 0 0 0 553 155983 70905
23.786625 -0.194824 -0.174694 5.99917 30309 0.5000007 142474 52289 4 2 2095785.3 9.3867431 22.1003 23.786625 2799 970233 532458 219187 118 0 0 0 0 0 0 553 155948 70301
23.793375 -0.194824 -0.173988 5.99919 30310 0.5000007 142471 52284 5 2 2070773.4 9.3867431 22.1003 23.793375 2715 926349 487905 194460 119 0 0 0 0 0 0 553 155960 69462
23.8 -0.194824 -0.173294 5.99921 30311 0.5000007 142412 52302 5 2 2027874.5 9.3867431 22.1003 23.8 2273 894992 452594 176178 120 0 0 0 0 0 0 553 155903 68023
23.806625 -0.194824 -0.1726 5.99923 30312 0.5000007 142521 52339 5 2 1993889.2 9.3867431 22.1003 23.806625 1229 873703 427156 161089 121 0 0 0 0 0 0 553 156034 66883
23.813375 -0.194824 -0.171893 5.99925 30313 0.5000007 142508 52352 5 2 1950751.9 9.3867431 22.1003 23.813375 1101 862230 409941 145504 122 0 0 0 0 0 0 553 155998 65436
23.82 -0.194824 -0.1712 5.99927 30314 0.5000007 142450 52283 6 2 1890174.7 9.3867431 22.1003 23.82 1842 862140 404263 132009 123 0 0 0 0 0 0 553 155936 63404
23.826625 -0.194824 -0.170506 5.99929 30315 0.5000007 142413 52275 5 2 1829329.2 9.3867431 22.1003 23.826625 2994 866847 403076 121716 124 0 0 0 0 0 0 553 155912 61363
23.833375 -0.194824 -0.169799 5.99931 30316 0.5000007 142480 52298 4 2 1790216.4 9.3867431 22.1003 23.833375 3181 868096 399615 113552 125 0 0 0 0 0 0 553 155961 60051
23.84 -0.194824 -0.169106 5.99933 30317 0.5000007 142512 52314 4 2 1708711.5 9.3867431 22.1003 23.84 2325 860984 387665 106205 126 0 0 0 0 0 0 553 156017 57317
23.846625 -0.194824 -0.168412 5.99935 30318 0.5000007 142400 52273 4 2 1649565.3 9.3867431 22.1003 23.846625 1813 849255 373967 100616 127 0 0 0 0 0 0 553 155895 55333
23.853375 -0.194824 -0.167705 5.99937 30319 0.5000007 142486 52280 5 2 1565436.9 9.3867431 22.1003 23.853375 1939 839576 361371 94750 128 0 0 0 0 0 0 553 155976 52511
23.86 -0.194824 -0.167011 5.99939 30320 0.5000007 142423 52276 4 2 1495021.9 9.3867431 22.1003 23.86 1984 823371 346741 90076 129 0 0 0 0 0 0 553 155913 50149
23.866625 -0.194824 -0.166318 5.99941 30321 0.5000007 142344 52211 4 2 1407972.1 9.3867431 22.1003 23.866625 2182 811097 334315 85159 130 0 0 0 0 0 0 553 155840 47229
23.873375 -0.194824 -0.165611 5.99943 30322 0.5000007 142375 52243 4 2 1316241.8 9.3867431 22.1003 23.873375 2447 795469 321711 79569 131 0 0 0 0 0 0 553 155859 44152
23.88 -0.194824 -0.164917 5.99945 30323 0.5000007 142387 52214 4 2 1244038.1 9.3867431 22.1003 23.88 2425 779411 310108 75845 132 0 0 0 0 0 0 553 155867 41730
23.886625 -0.194824 -0.164223 5.99946 30324 0.5000007 142347 52217 5 2 1172728.7 9.3867431 22.1003 23.886625 2025 758990 295366 71243 133 0 0 0 0 0 0 553 155834 39338
23.893375 -0.194824 -0.163517 5.99948 30325 0.5000007 142439 52274 5 2 1106904.7 9.3867431 22.1003 23.893375 1643 739134 282923 67880 134 0 0 0 0 0 0 553 155936 37130
23.9 -0.194824 -0.162823 5.9995 30326 0.5000007 142443 52236 4 2 1038636.1 9.3867431 22.1003 23.9 1306 718102 269339 64237 135 0 0 0 0 0 0 553 155926 34840
23.906625 -0.194824 -0.162129 5.99952 30327 0.5000007 142369 52209 4 2 965359.23 9.3867431 22.1003 23.906625 1178 695712 255686 60329 136 0 0 0 0 0 0 553 155853 32382
23.913375 -0.194824 -0.161422 5.99954 30328 0.5000007 142473 52306 5 2 898611.06 9.3867431 22.1003 23.913375 1238 683006 244772 56770 137 0 0 0 0 0 0 553 155968 30143
23.92 -0.194824 -0.160729 5.99956 30328 0.5000007 142298 52194 4 2 849898.9 9.3867431 22.1003 23.92 1433 667143 232892 53949 138 0 0 0 0 0 0 553 155795 28509
23.926625 -0.194824 -0.160035 5.99958 30329 0.5000007 142340 52188 6 2 773968.76 9.3867431 22.1003 23.926625 1635 655577 223089 50490 139 0 0 0 0 0 0 553 155823 25962
23.933375 -0.194824 -0.159328 5.9996 30330 0.5000007 142362 52226 4 2 718161.44 9.3867431 22.1003 23.933375 1474 647504 215900 47659 140 0 0 0 0 0 0 553 155843 24090
23.94 -0.194824 -0.158635 5.99962 30331 0.5000007 142392 52224 4 2 660356.75 9.3867431 22.1003 23.94 1503 640897 209604 45158 141 0 0 0 0 0 0 553 155888 22151
23.946625 -0.194824 -0.157941 5.99963 30332 0.5000007 142326 52174 5 2 619753.35 9.3867431 22.1003 23.946625 1157 632926 202893 42877 142 0 0 0 0 0 0 553 155814 20789
23.953375 -0.194824 -0.157234 5.99965 30333 0.5000007 142331 52163 4 2 598855.42 9.3867431 22.1003 23.953375 1091 628361 198314 41698 143 0 0 0 0 0 0 553 155836 20088
23.96 -0.194824 -0.15654 5.99967 30334 0.5000007 142395 52212 4 2 555956.53 9.3867431 22.1003 23.96 1199 623264 193017 39645 144 0 0 0 0 0 0 553 155872 18649
23.966625 -0.194824 -0.155846 5.99969 30335 0.5000007 142301 52172 4 2 536221.25 9.3867431 22.1003 23.966625 933 615247 186900 38564 145 0 0 0 0 0 0 553 155791 17987
23.973375 -0.194824 -0.15514 5.99971 30336 0.5000007 142309 52157 4 2 518006.36 9.3867431 22.1003 23.973375 824 612239 183140 37770 146 0 0 0 0 0 0 553 155816 17376
23.98 -0.194824 -0.154446 5.99972 30337 0.5000007 142306 52181 5 2 487538.91 9.3867431 22.1003 23.98 612 607543 179008 36336 147 0 0 0 0 0 0 553 155808 16354
23.986625 -0.194824 -0.153752 5.99974 30338 0.5000007 142362 52212 5 2 468906.66 9.3867431 22.1003 23.986625 434 604561 176071 35963 148 0 0 0 0 0 0 553 155888 15729
23.993375 -0.194824 -0.153045 5.99976 30339 0.5000007 142383 52135 4 2 461632.63 9.3867431 22.1003 23.993375 341 601497 174129 35239 149 0 0 0 0 0 0 553 155882 15485
24 -0.194824 -0.152352 5.99978 30340 0.5000007 142273 52143 4 2 437634.29 9.3867431 22.1003 24 272 599643 172549 34788 150 0 0 0 0 0 0 553 155775 14680
24.006625 -0.194824 -0.151658 5.9998 30341 0.5000007 142329 52173 4 2 426961.74 9.3867431 22.1003 24.006625 180 598536 170806 33893 151 0 0 0 0 0 0 553 155826 14322
24.013375 -0.194824 -0.150951 5.99981 30342 0.5000007 142248 52135 5 2 422251.5 9.3867431 22.1003 24.013375 144 596108 169464 33991 152 0 0 0 0 0 0 553 155762 14164
24.02 -0.194824 -0.150257 5.99983 30343 0.5000007 142295 52153 4 2 413755.2 9.3867431 22.1003 24.02 130 595006 168711 33643 153 0 0 0 0 0 0 553 155794 13879
24.026625 -0.194824 -0.149564 5.99985 30344 0.5000007 142158 52106 4 2 412681.98 9.3867431 22.1003 24.026625 150 594411 168778 33746 154 0 0 0 0 0 0 553 155653 13843
24.033375 -0.194824 -0.148857 5.99987 30345 0.5000007 142327 52171 5 2 402486.41 9.3867431 22.1003 24.033375 185 594994 168664 33582 155 0 0 0 0 0 0 553 155838 13501
24.04 -0.194824 -0.148163 5.99988 30346 0.5000007 142240 52126 4 2 408925.72 9.3867431 22.1003 24.04 200 595396 169715 34258 156 0 0 0 0 0 0 553 155750 13717
24.046625 -0.194824 -0.147469 5.9999 30347 0.5000007 142314 52173 4 2 403500.01 9.3867431 22.1003 24.046625 209 596117 169539 34046 157 0 0 0 0 0 0 553 155829 13535
24.053375 -0.194824 -0.146762 5.99992 30348 0.5000007 142194 52080 6 2 398551.28 9.3867431 22.1003 24.053375 220 596305 170233 33814 158 0 0 0 0 0 0 553 155694 13369
24.06 -0.194824 -0.146069 5.99993 30349 0.5000007 142196 52083 4 2 400548.66 9.3867431 22.1003 24.06 217 596999 170643 33620 159 0 0 0 0 0 0 553 155715 13436
24.066625 -0.194824 -0.145375 5.99995 30350 0.5000007 142210 52097 5 2 386656.45 9.3867431 22.1003 24.066625 188 597419 172320 33346 160 0 0 0 0 0 0 553 155708 12970
24.073375 -0.194824 -0.144668 5.99997 30351 0.5000007 142231 52112 5 2 378488.07 9.3867431 22.1003 24.073375 174 598455 172924 32988 161 0 0 0 0 0 0 553 155731 12696
24.08 -0.194824 -0.143974 5.99998 30352 0.5000007 142180 52043 4 2 377951.46 9.3867431 22.1003 24.08 181 599497 174834 32639 162 0 0 0 0 0 0 553 155686 12678
24.086625 -0.194824 -0.14328 6 30353 0.5000007 142234 52109 5 2 364953.61 9.3867431 22.1003 24.086625 197 602373 175436 32514 163 0 0 0 0 0 0 553 155730 12242
24.093375 -0.194824 -0.142574 6.00002 30354 0.5000007 142191 52097 4 2 362896.61 9.3867431 22.1003 24.093375 197 602373 178274 32378 164 0 0 0 0 0 0 553 155708 12173
24.1 -0.194824 -0.14188 6.00003 30355 0.5000007 142166 52058 5 2 358067.13 9.3867431 22.1003 24.1 240 604116 179062 31698 165 0 0 0 0 0 0 553 155675 12011
24.106625 -0.194824 -0.141186 6.00005 30356 0.5000007 142192 52091 4 2 360690.55 9.3867431 22.1003 24.106625 303 608212 182722 31857 166 0 0 0 0 0 0 553 155684 12099
24.113375 -0.194824 -0.140479 6.00007 30357 0.5000007 142149 52043 4 2 355175.4 9.3867431 22.1003 24.113375 299 610024 185522 31273 167 0 0 0 0 0 0 553 155652 11914
24.12 -0.194824 -0.139785 6.00008 30358 0.5000007 142258 52175 5 2 346559.85 9.3867431 22.1003 24.12 417 615857 189785 30853 168 0 0 0 0 0 0 553 155772 11625
24.126625 -0.194824 -0.139092 6.0001 30359 0.5000007 142146 52090 4 2 349093.84 9.3867431 22.1003 24.126625 497 620668 194991 30810 169 0 0 0 0 0 0 553 155659 11710
24.133375 -0.194824 -0.138385 6.00012 30360 0.5000007 142224 52089 5 2 346887.78 9.3867431 22.1003 24.133375 690 627583 202766 30661 170 0 0 0 0 0 0 553 155731 11636
24.14 -0.194824 -0.137691 6.00013 30361 0.5000007 142185 52077 6 2 338689.59 9.3867431 22.1003 24.14 1163 637339 211912 30203 171 0 0 0 0 0 0 553 155685 11361
24.146625 -0.194824 -0.136997 6.00015 30362 0.5000007 142175 52065 5 2 343727.75 9.3867431 22.1003 24.146625 2187 654343 229429 30274 172 0 0 0 0 0 0 553 155691 11530
24.153375 -0.194824 -0.13629 6.00016 30363 0.5000007 142203 52082 5 2 340537.91 9.3867431 22.1003 24.153375 4191 682642 258479 30337 173 0 0 0 0 0 0 553 155707 11423
24.16 -0.194824 -0.135597 6.00018 30364 0.5000007 142201 52105 5 2 343071.89 9.3867431 22.1003 24.16 8595 731095 305695 30291 174 0 0 0 0 0 0 553 155719 11508
24.166625 -0.194824 -0.134903 6.0002 30365 0.5000007 142230 52084 4 2 343250.76 9.3867431 22.1003 24.166625 17565 812003 387488 30549 175 0 0 0 0 0 0 553 155743 11514
24.173375 -0.194824 -0.134196 6.00021 30366 0.5000007 142102 52041 5 2 341014.89 9.3867431 22.1003 24.173375 32025 933662 509160 30818 176 0 0 0 0 0 0 553 155601 11439
24.18 -0.194824 -0.133502 6.00023 30367 0.5000007 142201 52114 4 2 347334.95 9.3867431 22.1003 24.18 54318 1075125 649917 31468 177 0 0 0 0 0 0 553 155702 11651
24.186625 -0.194824 -0.132808 6.00024 30368 0.5000007 142260 52137 5 2 347573.44 9.3867431 22.1003 24.186625 57869 1164921 739326 32173 178 0 0 0 0 0 0 553 155760 11659
24.193375 -0.194824 -0.132101 6.00026 30369 0.5000007 142251 52124 6 2 355533.14 9.3867431 22.1003 24.193375 65405 1249167 824451 33571 179 0 0 0 0 0 0 553 155743 11926
24.2 -0.194824 -0.131408 6.00027 30370 0.5000007 142200 52075 5 2 364864.17 9.3867431 22.1003 24.2 70242 1383925 958452 35375 180 0 0 0 0 0 0 553 155694 12239
24.206625 -0.194824 -0.130714 6.00029 30371 0.5000007 142219 52116 5 2 370379.32 9.3867431 22.1003 24.206625 78855 1606698 1181852 36862 181 0 0 0 0 0 0 553 155701 12424
24.213375 -0.194824 -0.130007 6.0003 30372 0.5000007 142157 52060 4 2 385463.99 9.3867431 22.1003 24.213375 90717 2034844 1609207 39679 182 0 0 0 0 0 0 553 155674 12930
24.22 -0.194824 -0.129313 6.00032 30373 0.5000007 142170 52106 5 2 401919.99 9.3867431 22.1003 24.22 131523 2648148 2222849 42601 183 0 0 0 0 0 0 553 155659 13482
24.226625 -0.194824 -0.128619 6.00033 30374 0.5000007 142260 52141 4 2 405318.51 9.3867431 22.1003 24.226625 117037 3006618 2580374 45039 184 0 0 0 0 0 0 553 155772 13596
24.233375 -0.194824 -0.127912 6.00035 30375 0.5000007 142240 52150 4 2 405586.82 9.3867431 22.1003 24.233375 125434 3038410 2613418 47725 185 0 0 0 0 0 0 553 155735 13605
24.24 -0.194824 -0.127219 6.00036 30376 0.5000007 142231 52102 4 2 422460.18 9.3867431 22.1003 24.24 145724 2953903 2528007 51021 186 0 0 0 0 0 0 553 155754 14171
24.246625 -0.194824 -0.126525 6.00038 30377 0.5000007 142209 52110 4 2 422698.68 9.3867431 22.1003 24.246625 168486 2801380 2376129 54377 187 0 0 0 0 0 0 553 155729 14179
24.253375 -0.194824 -0.125818 6.00039 30378 0.5000007 142228 52153 5 2 438498.82 9.3867431 22.1003 24.253375 116862 2784222 2359272 58165 188 0 0 0 0 0 0 553 155707 14709
24.26 -0.194824 -0.125124 6.00041 30379 0.5000007 142231 52110 5 2 454656.71 9.3867431 22.1003 24.26 139653 2620297 2196219 60861 189 0 0 0 0 0 0 553 155710 15251
24.266625 -0.194824 -0.12443 6.00042 30379 0.5000007 142246 52164 5 2 474988.22 9.3867431 22.1003 24.266625 165379 2446869 2022858 63816 190 0 0 0 0 0 0 553 155723 15933
24.273375 -0.194824 -0.123723 6.00044 30380 0.5000007 142267 52126 5 2 507154.94 9.3867431 22.1003 24.273375 165437 2215824 1793216 66718 191 0 0 0 0 0 0 553 155768 17012
24.28 -0.194824 -0.123029 6.00045 30381 0.5000007 142209 52131 5 2 555300.67 9.3867431 22.1003 24.28 160170 2015791 1592533 70284 192 0 0 0 0 0 0 553 155690 18627
24.286625 -0.194824 -0.122336 6.00047 30382 0.5000007 142340 52229 5 2 626997.57 9.3867431 22.1003 24.286625 143363 1888336 1464700 75449 193 0 0 0 0 0 0 553 155842 21032
24.293375 -0.194824 -0.121629 6.00048 30383 0.5000007 142285 52192 4 2 712407.81 9.3867431 22.1003 24.293375 59452 1484164 1061338 81871 194 0 0 0 0 0 0 553 155804 23897
24.3 -0.194824 -0.120935 6.00049 30384 0.5000007 142303 52191 4 2 820862.41 9.3867431 22.1003 24.3 18991 1142851 719943 90843 195 0 0 0 0 0 0 553 155818 27535
24.306625 -0.194824 -0.120241 6.00051 30385 0.5000007 142263 52222 6 2 923056.57 9.3867431 22.1003 24.306625 6106 959055 536928 100450 196 0 0 0 0 0 0 553 155764 30963
24.313375 -0.194824 -0.119534 6.00052 30386 0.5000007 142380 52244 4 2 1002772.8 9.3867431 22.1003 24.313375 3980 859640 438280 107233 197 0 0 0 0 0 0 553 155891 33637
24.32 -0.194824 -0.11884 6.00054 30387 0.5000007 142202 52104 5 2 1020033.7 9.3867431 22.1003 24.32 2541 798590 378055 104079 198 0 0 0 0 0 0 553 155692 34216
24.326625 -0.194824 -0.118147 6.00055 30388 0.5000007 142321 52191 4 2 966760.38 9.3867431 22.1003 24.326625 1349 749071 328381 94624 199 0 0 0 0 0 0 553 155824 32429
24.333375 -0.194824 -0.11744 6.00056 30389 0.5000007 142186 52138 4 2 833502.52 9.3867431 22.1003 24.333375 860 705666 285338 79556 200 0 0 0 0 0 0 553 155689 27959
24.34 -0.194824 -0.116746 6.00058 30390 0.5000007 142386 52305 5 2 712884.79 9.3867431 22.1003 24.34 671 675147 254462 66854 201 0 0 0 0 0 0 553 155880 23913
24.346625 -0.194824 -0.116052 6.00059 30392 0.5000007 142403 52275 5 2 606606.44 9.3867431 22.1003 24.346625 556 653145 232409 56562 202 0 0 0 0 0 0 553 155920 20348
24.353375 -0.194824 -0.115345 6.0006 30393 0.5000007 142325 52220 4 2 518602.59 9.3867431 22.1003 24.353375 441 635275 214395 48296 203 0 0 0 0 0 0 553 155814 17396
24.36 -0.194824 -0.114651 6.00062 30394 0.5000007 142415 52323 5 2 445266.06 9.3867431 22.1003 24.36 345 618790 199294 41087 204 0 0 0 0 0 0 553 155915 14936
24.366625 -0.194824 -0.113957 6.00063 30395 0.5000007 142391 52259 4 2 399326.38 9.3867431 22.1003 24.366625 301 610073 189776 37018 205 0 0 0 0 0 0 553 155895 13395
24.373375 -0.194824 -0.11325 6.00064 30396 0.5000007 142561 52426 5 2 374493.32 9.3867431 22.1003 24.373375 257 601379 180788 33807 206 0 0 0 0 0 0 553 156071 12562
24.38 -0.194824 -0.112557 6.00066 30397 0.5000007 142611 52399 5 2 351359.52 9.3867431 22.1003 24.38 244 595669 174134 31490 207 0 0 0 0 0 0 553 156113 11786
24.386625 -0.194824 -0.111863 6.00067 30398 0.5000007 142657 52425 4 2 343787.37 9.3867431 22.1003 24.386625 193 590497 169750 30264 208 0 0 0 0 0 0 553 156157 11532
24.393375 -0.194824 -0.111156 6.00068 30399 0.5000007 142662 52457 5 2 330133.66 9.3867431 22.1003 24.393375 169 584481 164487 29026 209 0 0 0 0 0 0 553 156156 11074
24.4 -0.194824 -0.110462 6.0007 30399 0.5000007 142631 52462 4 2 327063.06 9.3867431 22.1003 24.4 160 581737 161398 28121 210 0 0 0 0 0 0 553 156134 10971
24.406625 -0.194824 -0.109768 6.00071 30400 0.5000007 142653 52450 5 2 316509.76 9.3867431 22.1003 24.406625 135 579416 158777 27335 211 0 0 0 0 0 0 553 156146 10617
24.413375 -0.194824 -0.109061 6.00072 30401 0.5000007 142644 52431 4 2 318715.82 9.3867431 22.1003 24.413375 122 576104 156097 27134 212 0 0 0 0 0 0 553 156153 10691
24.42 -0.194824 -0.108367 6.00073 30402 0.5000007 142600 52441 5 2 307238.35 9.3867431 22.1003 24.42 131 573490 153498 26469 213 0 0 0 0 0 0 553 156098 10306
24.426625 -0.194824 -0.107673 6.00075 30403 0.5000007 142583 52474 4 2 303720.58 9.3867431 22.1003 24.426625 102 570178 150982 26029 214 0 0 0 0 0 0 553 156096 10188
24.433375 -0.194824 -0.106966 6.00076 30404 0.5000007 142706 52490 4 2 307357.6 9.3867431 22.1003 24.433375 101 568654 148762 25706 215 0 0 0 0 0 0 553 156214 10310
24.44 -0.194824 -0.106273 6.00077 30405 0.5000007 142699 52487 5 2 306493.06 9.3867431 22.1003 24.44 94 566357 146853 25853 216 0 0 0 0 0 0 553 156206 10281
24.446625 -0.194824 -0.105579 6.00078 30406 0.5000007 142739 52510 4 2 308401 9.3867431 22.1003 24.446625 91 564382 145333 25690 217 0 0 0 0 0 0 553 156243 10345
24.453375 -0.194824 -0.104872 6.0008 30407 0.5000007 142702 52518 5 2 305360.22 9.3867431 22.1003 24.453375 84 563129 143541 25379 218 0 0 0 0 0 0 553 156210 10243
24.46 -0.194824 -0.104178 6.00081 30408 0.5000007 142724 52475 4 2 301633.77 9.3867431 22.1003 24.46 86 560490 142291 24752 219 0 0 0 0 0 0 553 156221 10118
24.466625 -0.194824 -0.103484 6.00082 30409 0.5000007 142760 52551 4 2 299189.22 9.3867431 22.1003 24.466625 77 560739 140960 24964 220 0 0 0 0 0 0 553 156264 10036
24.473375 -0.194824 -0.102777 6.00083 30410 0.5000007 142783 52551 5 2 298861.29 9.3867431 22.1003 24.473375 97 559593 139892 24789 221 0 0 0 0 0 0 553 156273 10025
24.48 -0.194824 -0.102083 6.00084 30411 0.5000007 142792 52552 5 2 298086.19 9.3867431 22.1003 24.48 73 556767 138672 24670 222 0 0 0 0 0 0 553 156283 9999
24.486625 -0.194824 -0.101389 6.00086 30412 0.5000007 142671 52458 5 2 295552.2 9.3867431 22.1003 24.486625 73 556306 137835 24513 223 0 0 0 0 0 0 553 156172 9914
24.493375 -0.194824 -0.100682 6.00087 30413 0.5000007 142880 52620 5 2 292541.23 9.3867431 22.1003 24.493375 67 555656 137038 24329 224 0 0 0 0 0 0 553 156393 9813
24.5 -0.194824 -0.0999886 6.00088 30414 0.5000007 142748 52569 4 2 289798.56 9.3867431 22.1003 24.5 96 554308 136368 24037 225 0 0 0 0 0 0 553 156247 9721
24.506625 -0.194824 -0.0992947 6.00089 30415 0.5000007 142839 52601 4 2 291140.09 9.3867431 22.1003 24.506625 151 555334 136412 24074 226 0 0 0 0 0 0 553 156333 9766
24.513375 -0.194824 -0.0985877 6.0009 30416 0.5000007 142871 52566 4 2 289291.77 9.3867431 22.1003 24.513375 258 554056 135131 23655 227 0 0 0 0 0 0 553 156366 9704
24.52 -0.194824 -0.0978938 6.00091 30417 0.5000007 142784 52557 5 2 293137.46 9.3867431 22.1003 24.52 334 553435 135722 23652 228 0 0 0 0 0 0 553 156266 9833
24.526625 -0.194824 -0.0972 6.00092 30418 0.5000007 142796 52550 5 2 284104.55 9.3867431 22.1003 24.526625 428 553021 136046 23761 229 0 0 0 0 0 0 553 156289 9530
24.533375 -0.194824 -0.096493 6.00094 30419 0.5000007 142832 52596 5 2 284402.66 9.3867431 22.1003 24.533375 502 551890 135288 23401 230 0 0 0 0 0 0 553 156343 9540
24.54 -0.194824 -0.0957991 6.00095 30420 0.5000007 142754 52584 5 2 283806.43 9.3867431 22.1003 24.54 646 552740 135445 23457 231 0 0 0 0 0 0 553 156249 9520
24.546625 -0.194824 -0.0951052 6.00096 30421 0.5000007 142821 52578 4 2 278738.46 9.3867431 22.1003 24.546625 807 553812 135912 23168 232 0 0 0 0 0 0 553 156336 9350
24.553375 -0.194824 -0.0943983 6.00097 30422 0.5000007 142733 52522 4 2 282763.03 9.3867431 22.1003 24.553375 746 550716 134869 23385 233 0 0 0 0 0 0 553 156231 9485
24.56 -0.194824 -0.0937044 6.00098 30423 0.5000007 142830 52582 5 2 278470.16 9.3867431 22.1003 24.56 697 549839 133643 22915 234 0 0 0 0 0 0 553 156328 9341
24.566625 -0.194824 -0.0930105 6.00099 30424 0.5000007 142827 52627 4 2 283806.43 9.3867431 22.1003 24.566625 640 549594 132867 23058 235 0 0 0 0 0 0 553 156332 9520
24.573375 -0.194824 -0.0923035 6.001 30425 0.5000007 142926 52650 4 2 276174.66 9.3867431 22.1003 24.573375 429 546745 130212 22582 236 0 0 0 0 0 0 553 156433 9264
24.58 -0.194824 -0.0916097 6.00101 30426 0.5000007 142738 52527 4 2 280706.03 9.3867431 22.1003 24.58 360 545299 128915 23004 237 0 0 0 0 0 0 553 156238 9416
24.586625 -0.194824 -0.0909158 6.00102 30427 0.5000007 142885 52641 4 2 280348.29 9.3867431 22.1003 24.586625 260 543222 127820 22810 238 0 0 0 0 0 0 553 156364 9404
24.593375 -0.194824 -0.0902088 6.00103 30428 0.5000007 142884 52665 6 2 275965.98 9.3867431 22.1003 24.593375 193 541851 126466 22435 239 0 0 0 0 0 0 553 156374 9257
24.6 -0.194824 -0.0895149 6.00104 30429 0.5000007 142822 52590 4 2 281928.3 9.3867431 22.1003 24.6 123 540662 126085 22613 240 0 0 0 0 0 0 553 156321 9457
24.606625 -0.194824 -0.088821 6.00105 30430 0.5000007 142783 52606 5 2 275697.68 9.3867431 22.1003 24.606625 80 541395 125032 22643 241 0 0 0 0 0 0 553 156274 9248
24.613375 -0.194824 -0.088114 6.00107 30431 0.5000007 142861 52658 5 2 277635.43 9.3867431 22.1003 24.613375 82 538542 123782 22461 242 0 0 0 0 0 0 553 156366 9313
24.62 -0.194824 -0.0874201 6.00108 30432 0.5000007 142837 52632 5 2 272805.95 9.3867431 22.1003 24.62 60 539207 123751 22311 243 0 0 0 0 0 0 553 156336 9151
24.626625 -0.194824 -0.0867262 6.00109 30433 0.5000007 142798 52605 5 2 269794.98 9.3867431 22.1003 24.626625 80 537859 124164 22025 244 0 0 0 0 0 0 553 156291 9050
24.633375 -0.194824 -0.0860193 6.0011 30434 0.5000007 142863 52651 5 2 272805.95 9.3867431 22.1003 24.633375 72 536231 122895 22221 245 0 0 0 0 0 0 553 156369 9151
24.64 -0.194824 -0.0853254 6.00111 30435 0.5000007 142867 52648 5 2 272895.39 9.3867431 22.1003 24.64 88 536658 121833 22199 246 0 0 0 0 0 0 553 156372 9154
24.646625 -0.194824 -0.0846315 6.00112 30436 0.5000007 142848 52652 5 2 271047.07 9.3867431 22.1003 24.646625 87 535789 121997 22073 247 0 0 0 0 0 0 553 156340 9092
24.653375 -0.194824 -0.0839245 6.00113 30437 0.5000007 142838 52678 4 2 277188.26 9.3867431 22.1003 24.653375 100 534963 121624 22089 248 0 0 0 0 0 0 553 156323 9298
24.66 -0.194824 -0.0832306 6.00113 30438 0.5000007 142882 52693 4 2 276204.47 9.3867431 22.1003 24.66 82 534617 121582 22159 249 0 0 0 0 0 0 553 156351 9265
24.666625 -0.194824 -0.0825367 6.00114 30439 0.5000007 142890 52700 5 2 262520.95 9.3867431 22.1003 24.666625 71 533085 120452 21581 250 0 0 0 0 0 0 553 156378 8806
24.673375 -0.194824 -0.0818297 6.00115 30440 0.5000007 142848 52667 4 2 274594.65 9.3867431 22.1003 24.673375 84 532866 120381 22080 251 0 0 0 0 0 0 553 156339 9211
24.68 -0.194824 -0.0811358 6.00116 30441 0.5000007 142947 52727 6 2 267976.47 9.3867431 22.1003 24.68 78 534139 120908 21738 252 0 0 0 0 0 0 553 156437 8989
24.686625 -0.194824 -0.0804419 6.00117 30442 0.5000007 142932 52745 4 2 265412.67 9.3867431 22.1003 24.686625 74 533044 120455 21766 253 0 0 0 0 0 0 553 156417 8903
24.693375 -0.194824 -0.0797349 6.00118 30443 0.5000007 142803 52659 6 2 267052.31 9.3867431 22.1003 24.693375 77 532246 120197 21846 254 0 0 0 0 0 0 553 156286 8958
24.7 -0.194824 -0.079041 6.00119 30443 0.5000007 142870 52665 4 2 269765.17 9.3867431 22.1003 24.7 78 533419 120080 21802 255 0 0 0 0 0 0 553 156371 9049
24.706625 -0.194824 -0.0783471 6.0012 30444 0.5000007 142888 52665 5 2 269616.11 9.3867431 22.1003 24.706625 74 530556 119484 21778 256 0 0 0 0 0 0 553 156365 9044
24.713375 -0.194824 -0.0776401 6.00121 30445 0.5000007 142986 52745 4 2 264071.15 9.3867431 22.1003 24.713375 72 531476 119318 21537 257 0 0 0 0 0 0 553 156491 8858
24.72 -0.194824 -0.0769462 6.00122 30446 0.5000007 142809 52643 6 2 263027.75 9.3867431 22.1003 24.72 91 530428 119088 21433 258 0 0 0 0 0 0 553 156289 8823
24.726625 -0.194824 -0.0762522 6.00123 30447 0.5000007 143012 52807 5 2 262491.14 9.3867431 22.1003 24.726625 79 531353 118979 21426 259 0 0 0 0 0 0 553 156497 8805
24.733375 -0.194824 -0.0755452 6.00124 30448 0.5000007 142841 52694 6 2 266128.15 9.3867431 22.1003 24.733375 86 529213 118721 21665 260 0 0 0 0 0 0 553 156314 8927
24.74 -0.194824 -0.0748513 6.00125 30449 0.5000007 142971 52715 5 2 261716.04 9.3867431 22.1003 24.74 66 530222 118245 21297 261 0 0 0 0 0 0 553 156473 8779
24.746625 -0.194824 -0.0741574 6.00125 30450 0.5000007 142836 52656 5 2 259390.73 9.3867431 22.1003 24.746625 83 527920 117927 21256 262 0 0 0 0 0 0 553 156325 8701
24.753375 -0.194824 -0.0734504 6.00126 30451 0.5000007 143042 52791 5 2 262670.01 9.3867431 22.1003 24.753375 96 529100 117875 21277 263 0 0 0 0 0 0 553 156532 8811
24.76 -0.194824 -0.0727565 6.00127 30452 0.5000007 142915 52761 4 2 265263.62 9.3867431 22.1003 24.76 69 528205 117505 21500 264 0 0 0 0 0 0 553 156413 8898
24.766625 -0.194824 -0.0720626 6.00128 30453 0.5000007 142970 52830 4 2 258436.76 9.3867431 22.1003 24.766625 76 527486 117032 21104 265 0 0 0 0 0 0 553 156470 8669
24.773375 -0.194824 -0.0713556 6.00129 30454 0.5000007 142982 52777 4 2 258675.25 9.3867431 22.1003 24.773375 88 527724 117055 21153 266 0 0 0 0 0 0 553 156475 8677
24.78 -0.194824 -0.0706617 6.0013 30455 0.5000007 142949 52788 4 2 258854.12 9.3867431 22.1003 24.78 82 527403 117204 21107 267 0 0 0 0 0 0 553 156435 8683
24.786625 -0.194824 -0.0699677 6.0013 30456 0.5000007 142963 52757 5 2 260851.5 9.3867431 22.1003 24.786625 95 528425 117255 21331 268 0 0 0 0 0 0 553 156471 8750
24.793375 -0.194824 -0.0692607 6.00131 30457 0.5000007 142957 52805 4 2 254978.61 9.3867431 22.1003 24.793375 83 526738 116628 21113 269 0 0 0 0 0 0 553 156444 8553
24.8 -0.194824 -0.0685668 6.00132 30458 0.5000007 143013 52820 5 2 255723.9 9.3867431 22.1003 24.8 64 525762 116316 20938 270 0 0 0 0 0 0 553 156517 8578
24.806625 -0.194824 -0.0678729 6.00133 30459 0.5000007 143056 52772 5 2 258705.06 9.3867431 22.1003 24.806625 72 524818 116444 21156 271 0 0 0 0 0 0 553 156557 8678
24.813375 -0.194824 -0.0671659 6.00134 30460 0.5000007 142915 52782 5 2 261716.04 9.3867431 22.1003 24.813375 84 525714 116397 21157 272 0 0 0 0 0 0 553 156406 8779
24.82 -0.194824 -0.0664719 6.00134 30461 0.5000007 143051 52825 4 2 259539.79 9.3867431 22.1003 24.82 75 525387 116262 20965 273 0 0 0 0 0 0 553 156550 8706
24.826625 -0.194824 -0.065778 6.00135 30462 0.5000007 143039 52873 5 2 255634.47 9.3867431 22.1003 24.826625 70 524529 115435 20728 274 0 0 0 0 0 0 553 156529 8575
24.833375 -0.194824 -0.065071 6.00136 30463 0.5000007 142928 52782 4 2 257780.91 9.3867431 22.1003 24.833375 84 524741 115599 21012 275 0 0 0 0 0 0 553 156418 8647
24.84 -0.194824 -0.0643771 6.00137 30464 0.5000007 143192 52931 4 2 259360.92 9.3867431 22.1003 24.84 59 525043 115922 20944 276 0 0 0 0 0 0 553 156676 8700
24.846625 -0.194824 -0.0636831 6.00137 30465 0.5000007 142999 52812 5 2 254233.32 9.3867431 22.1003 24.846625 84 522962 115156 20674 277 0 0 0 0 0 0 553 156495 8528
24.853375 -0.194824 -0.0629761 6.00138 30466 0.5000007 142989 52822 5 2 258556.01 9.3867431 22.1003 24.853375 70 523943 115665 20872 278 0 0 0 0 0 0 553 156476 8673
24.86 -0.194824 -0.0622822 6.00139 30467 0.5000007 142998 52827 5 2 252414.82 9.3867431 22.1003 24.86 86 523737 114815 20567 279 0 0 0 0 0 0 553 156495 8467
24.866625 -0.194824 -0.0615883 6.0014 30468 0.5000007 143045 52876 4 2 256975.99 9.3867431 22.1003 24.866625 75 523062 115710 20999 280 0 0 0 0 0 0 553 156526 8620
24.873375 -0.194824 -0.0608812 6.0014 30469 0.5000007 143012 52864 4 2 258317.51 9.3867431 22.1003 24.873375 81 522872 114919 20700 281 0 0 0 0 0 0 553 156514 8665
24.88 -0.194824 -0.0601873 6.00141 30470 0.5000007 143152 52912 6 2 256767.31 9.3867431 22.1003 24.88 79 521819 114817 20790 282 0 0 0 0 0 0 553 156637 8613
24.886625 -0.194824 -0.0594934 6.00142 30471 0.5000007 143020 52839 5 2 259509.98 9.3867431 22.1003 24.886625 72 521156 114692 20877 283 0 0 0 0 0 0 553 156521 8705
24.893375 -0.194824 -0.0587864 6.00142 30472 0.5000007 143020 52799 5 2 253905.4 9.3867431 22.1003 24.893375 77 521819 114493 20561 284 0 0 0 0 0 0 553 156490 8517
24.9 -0.194824 -0.0580924 6.00143 30473 0.5000007 143075 52882 5 2 256648.06 9.3867431 22.1003 24.9 72 521286 114837 20778 285 0 0 0 0 0 0 553 156565 8609
24.906625 -0.194824 -0.0573985 6.00144 30474 0.5000007 143095 52858 4 2 254710.31 9.3867431 22.1003 24.906625 75 521399 115002 20785 286 0 0 0 0 0 0 553 156592 8544
24.913375 -0.194824 -0.0566915 6.00144 30475 0.5000007 143027 52873 5 2 255515.22 9.3867431 22.1003 24.913375 76 520749 114453 20658 287 0 0 0 0 0 0 553 156510 8571
24.92 -0.194824 -0.0559975 6.00145 30476 0.5000007 143116 52932 4 2 249046.11 9.3867431 22.1003 24.92 71 521061 114301 20498 288 0 0 0 0 0 0 553 156607 8354
24.926625 -0.194824 -0.0553036 6.00146 30477 0.5000007 143138 52948 4 2 255843.15 9.3867431 22.1003 24.926625 79 521676 115400 20801 289 0 0 0 0 0 0 553 156633 8582
24.933375 -0.194824 -0.0545966 6.00146 30478 0.5000007 143129 52937 4 2 251818.59 9.3867431 22.1003 24.933375 65 521035 114505 20643 290 0 0 0 0 0 0 553 156623 8447
24.94 -0.194824 -0.0539026 6.00147 30479 0.5000007 143041 52862 6 2 256856.75 9.3867431 22.1003 24.94 66 520062 114562 20726 291 0 0 0 0 0 0 553 156533 8616
24.946625 -0.194824 -0.0532087 6.00148 30480 0.5000007 143202 53011 4 2 251132.92 9.3867431 22.1003 24.946625 82 520548 114748 20484 292 0 0 0 0 0 0 553 156689 8424
24.953375 -0.194824 -0.0525016 6.00148 30481 0.5000007 143067 52963 4 2 257870.34 9.3867431 22.1003 24.953375 75 519863 114245 20862 293 0 0 0 0 0 0 553 156553 8650
24.96 -0.194824 -0.0518077 6.00149 30482 0.5000007 143076 52899 4 2 250655.93 9.3867431 22.1003 24.96 81 519281 113652 20423 294 0 0 0 0 0 0 553 156570 8408
24.966625 -0.194824 -0.0511138 6.00149 30483 0.5000007 143189 53067 5 2 255306.54 9.3867431 22.1003 24.966625 84 520050 113765 20634 295 0 0 0 0 0 0 553 156668 8564
24.973375 -0.194824 -0.0504067 6.0015 30484 0.5000007 143229 53018 4 2 254978.61 9.3867431 22.1003 24.973375 69 520863 114433 20458 296 0 0 0 0 0 0 553 156722 8553
24.98 -0.194824 -0.0497128 6.00151 30485 0.5000007 143074 52946 5 2 255902.77 9.3867431 22.1003 24.98 74 518184 113446 20518 297 0 0 0 0 0 0 553 156557 8584
24.986625 -0.194824 -0.0490188 6.00151 30486 0.5000007 143068 52879 5 2 251550.28 9.3867431 22.1003 24.986625 64 518459 112980 20419 298 0 0 0 0 0 0 553 156556 8438
24.993375 -0.194824 -0.0483118 6.00152 30487 0.5000007 143193 53000 5 2 250149.14 9.3867431 22.1003 24.993375 62 518974 113264 20381 299 0 0 0 0 0 0 553 156693 8391
25 -0.194824 -0.0476179 6.00152 30488 0.5000007 143152 53021 5 2 252325.38 9.3867431 22.1003 25 72 517839 113265 20369 300 0 0 0 0 0 0 553 156628 8464