Eta  H  K  L  Epoch  Sec  ion1  Hubmon  scan_bar  Filters  Correct  Qmag  Energy  Graze  p_peak  p_total  p_del_s  p_nu_s  p_image  p_xcen  p_xsig  p_ycen  p_ysig  power  tempsp  gun_on  ion0  p_point
22.8 0.17454 -0.277222 5.99497 67900 1.0000007 284688 105560 6 2 510851.58 9.38524 22.1003 22.8 98 1053241 230089 41345 0 0 0 0 0 0 0 553 312888 17136
22.806625 0.17454 -0.276528 5.995 67901 1.0000007 284661 105574 5 2 503845.85 9.38524 22.1003 22.806625 94 1052395 230614 41339 1 0 0 0 0 0 0 553 312862 16901
22.813375 0.17454 -0.275822 5.99503 67903 1.0000007 284830 105715 6 2 512222.91 9.38524 22.1003 22.813375 91 1054308 230833 41749 2 0 0 0 0 0 0 553 313022 17182
22.82 0.17454 -0.275129 5.99506 67904 1.0000007 284754 105602 4 2 508854.2 9.38524 22.1003 22.82 97 1054840 230190 41602 3 0 0 0 0 0 0 553 312954 17069
22.826625 0.17454 -0.274436 5.9951 67906 1.0000007 284678 105648 5 2 513415.38 9.38524 22.1003 22.826625 90 1053659 230767 41591 4 0 0 0 0 0 0 553 312875 17222
22.833375 0.17454 -0.27373 5.99513 67907 1.0000007 284682 105630 5 2 512163.29 9.38524 22.1003 22.833375 88 1054219 230321 41528 5 0 0 0 0 0 0 553 312862 17180
22.84 0.17454 -0.273036 5.99516 67909 1.0000007 284905 105752 6 2 509361 9.38524 22.1003 22.84 92 1056049 230956 41697 6 0 0 0 0 0 0 553 313086 17086
22.846625 0.17454 -0.272343 5.99519 67910 1.0000007 284917 105810 6 2 499314.49 9.38524 22.1003 22.846625 90 1054629 230357 40977 7 0 0 0 0 0 0 553 313123 16749
22.853375 0.17454 -0.271637 5.99522 67912 1.0000007 284843 105771 5 2 518006.36 9.38524 22.1003 22.853375 95 1057759 231352 41706 8 0 0 0 0 0 0 553 313019 17376
22.86 0.17454 -0.270944 5.99525 67913 1.0000007 284784 105700 5 2 516068.61 9.38524 22.1003 22.86 93 1054467 231265 41670 9 0 0 0 0 0 0 553 312962 17311
22.866625 0.17454 -0.27025 5.99529 67915 1.0000007 284790 105675 5 2 504710.39 9.38524 22.1003 22.866625 91 1056252 231327 41504 10 0 0 0 0 0 0 553 312960 16930
22.873375 0.17454 -0.269544 5.99532 67916 1.0000007 284774 105705 5 2 516813.9 9.38524 22.1003 22.873375 94 1058032 231103 41732 11 0 0 0 0 0 0 553 312961 17336
22.88 0.17454 -0.268851 5.99535 67917 1.0000007 284771 105738 6 2 512312.35 9.38524 22.1003 22.88 88 1056260 231158 41660 12 0 0 0 0 0 0 553 312967 17185
22.886625 0.17454 -0.268158 5.99538 67919 1.0000007 284842 105746 5 2 513176.88 9.38524 22.1003 22.886625 89 1057044 231116 41706 13 0 0 0 0 0 0 553 313002 17214
22.893375 0.17454 -0.267451 5.99541 67920 1.0000007 284751 105784 6 2 509152.32 9.38524 22.1003 22.893375 89 1055207 230517 41238 14 0 0 0 0 0 0 553 312945 17079
22.9 0.17454 -0.266758 5.99544 67922 1.0000007 284737 105743 6 2 508615.71 9.38524 22.1003 22.9 86 1057017 231447 41426 15 0 0 0 0 0 0 553 312917 17061
22.906625 0.17454 -0.266065 5.99547 67923 1.0000007 284739 105745 5 2 513951.98 9.38524 22.1003 22.906625 92 1058287 231498 41656 16 0 0 0 0 0 0 553 312932 17240
22.913375 0.17454 -0.265358 5.9955 67925 1.0000007 284669 105646 5 2 514250.1 9.38524 22.1003 22.913375 89 1057335 231336 41448 17 0 0 0 0 0 0 553 312860 17250
22.92 0.17454 -0.264665 5.99554 67926 1.0000007 284569 105563 5 2 513206.69 9.38524 22.1003 22.92 94 1057354 231875 41791 18 0 0 0 0 0 0 553 312765 17215
22.926625 0.17454 -0.263972 5.99557 67928 1.0000007 284521 105616 4 2 514965.58 9.38524 22.1003 22.926625 89 1058008 231943 42041 19 0 0 0 0 0 0 553 312708 17274
22.933375 0.17454 -0.263266 5.9956 67929 1.0000007 284542 105566 6 2 514309.72 9.38524 22.1003 22.933375 91 1059416 232541 41994 20 0 0 0 0 0 0 553 312712 17252
22.94 0.17454 -0.262572 5.99563 67931 1.0000007 284424 105486 5 2 516336.91 9.38524 22.1003 22.94 92 1060180 231768 41919 21 0 0 0 0 0 0 553 312586 17320
22.946625 0.17454 -0.261879 5.99566 67933 1.0000007 284533 105560 4 2 520599.97 9.38524 22.1003 22.946625 91 1061354 231426 42019 22 0 0 0 0 0 0 553 312711 17463
22.953375 0.17454 -0.261173 5.99569 67934 1.0000007 284314 105421 6 2 526353.61 9.38524 22.1003 22.953375 87 1059500 232876 42137 23 0 0 0 0 0 0 553 312480 17656
22.96 0.17454 -0.260479 5.99572 67935 1.0000007 284381 105469 5 2 513862.55 9.38524 22.1003 22.96 95 1058728 232099 41984 24 0 0 0 0 0 0 553 312571 17237
22.966625 0.17454 -0.259786 5.99575 67937 1.0000007 284332 105367 6 2 519198.83 9.38524 22.1003 22.966625 90 1060328 232291 41934 25 0 0 0 0 0 0 553 312523 17416
22.973375 0.17454 -0.25908 5.99578 67938 1.0000007 284198 105322 5 2 519556.56 9.38524 22.1003 22.973375 93 1059414 232621 41802 26 0 0 0 0 0 0 553 312364 17428
22.98 0.17454 -0.258387 5.99581 67940 1.0000007 284084 105283 5 2 507244.37 9.38524 22.1003 22.98 91 1059437 231999 41378 27 0 0 0 0 0 0 553 312262 17015
22.986625 0.17454 -0.257693 5.99584 67941 1.0000007 284108 105293 5 2 512133.48 9.38524 22.1003 22.986625 91 1060312 232111 41782 28 0 0 0 0 0 0 553 312278 17179
22.993375 0.17454 -0.256987 5.99587 67943 1.0000007 283961 105165 5 2 517320.69 9.38524 22.1003 22.993375 88 1059661 232921 42086 29 0 0 0 0 0 0 553 312154 17353
23 0.17454 -0.256294 5.9959 67944 1.0000007 284084 105194 6 2 518721.84 9.38524 22.1003 23 94 1061608 232571 41854 30 0 0 0 0 0 0 553 312260 17400
23.006625 0.17454 -0.2556 5.99593 67946 1.0000007 283779 105022 6 2 514965.58 9.38524 22.1003 23.006625 96 1057969 231664 41639 31 0 0 0 0 0 0 553 311963 17274
23.013375 0.17454 -0.254894 5.99596 67947 1.0000007 283857 105076 5 2 522567.54 9.38524 22.1003 23.013375 96 1061707 233973 42282 32 0 0 0 0 0 0 553 312061 17529
23.02 0.17454 -0.254201 5.99599 67949 1.0000007 283808 105019 6 2 523044.52 9.38524 22.1003 23.02 89 1061165 232578 42051 33 0 0 0 0 0 0 553 311995 17545
23.026625 0.17454 -0.253507 5.99602 67950 1.0000007 283645 104932 5 2 521494.32 9.38524 22.1003 23.026625 90 1062340 233189 42074 34 0 0 0 0 0 0 553 311829 17493
23.033375 0.17454 -0.252801 5.99605 67952 1.0000007 283664 104923 5 2 521166.39 9.38524 22.1003 23.033375 90 1061221 233924 42125 35 0 0 0 0 0 0 553 311844 17482
23.04 0.17454 -0.252108 5.99608 67953 1.0000007 283483 104798 4 2 522567.54 9.38524 22.1003 23.04 88 1059414 232750 42205 36 0 0 0 0 0 0 553 311670 17529
23.046625 0.17454 -0.251414 5.99611 67955 1.0000007 283497 104775 5 2 520629.78 9.38524 22.1003 23.046625 94 1059816 232917 42109 37 0 0 0 0 0 0 553 311691 17464
23.053375 0.17454 -0.250708 5.99614 67956 1.0000007 281785 104039 5 2 511418 9.38524 22.1003 23.053375 97 1055386 232007 41661 38 0 0 0 0 0 0 553 309930 17155
23.06 0.17454 -0.250015 5.99616 67958 1.0000007 283573 104807 5 2 521494.32 9.38524 22.1003 23.06 89 1061302 233455 42131 39 0 0 0 0 0 0 553 311773 17493
23.066625 0.17454 -0.249321 5.99619 67959 1.0000007 283406 104634 4 2 514548.22 9.38524 22.1003 23.066625 89 1063091 234470 42348 40 0 0 0 0 0 0 553 311623 17260
23.073375 0.17454 -0.248615 5.99622 67961 1.0000007 283274 104591 5 2 521017.33 9.38524 22.1003 23.073375 92 1062746 233686 42480 41 0 0 0 0 0 0 553 311479 17477
23.08 0.17454 -0.247922 5.99625 67962 1.0000007 283222 104502 6 2 519646 9.38524 22.1003 23.08 88 1062207 234569 42340 42 0 0 0 0 0 0 553 311441 17431
23.086625 0.17454 -0.247228 5.99628 67963 1.0000007 283114 104397 6 2 524236.99 9.38524 22.1003 23.086625 92 1062327 233280 42356 43 0 0 0 0 0 0 553 311353 17585
23.093375 0.17454 -0.246522 5.99631 67965 1.0000007 282865 104236 5 2 520003.74 9.38524 22.1003 23.093375 86 1060706 233827 42392 44 0 0 0 0 0 0 553 311066 17443
23.1 0.17454 -0.245828 5.99634 67966 1.0000007 282837 104157 5 2 518304.48 9.38524 22.1003 23.1 87 1060898 233041 42071 45 0 0 0 0 0 0 553 311063 17386
23.106625 0.17454 -0.245135 5.99637 67968 1.0000007 282744 104155 5 2 524266.8 9.38524 22.1003 23.106625 90 1062117 234585 42454 46 0 0 0 0 0 0 553 310979 17586
23.113375 0.17454 -0.244429 5.99639 67970 1.0000007 282564 104016 5 2 520957.71 9.38524 22.1003 23.113375 87 1062943 234059 42306 47 0 0 0 0 0 0 553 310794 17475
23.12 0.17454 -0.243735 5.99642 67971 1.0000007 282329 103859 5 2 525936.25 9.38524 22.1003 23.12 94 1062416 233697 42492 48 0 0 0 0 0 0 553 310554 17642
23.126625 0.17454 -0.243042 5.99645 67973 1.0000007 282391 103921 6 2 524177.36 9.38524 22.1003 23.126625 171 1062709 234764 42688 49 0 0 0 0 0 0 553 310604 17583
23.133375 0.17454 -0.242335 5.99648 67974 1.0000007 282179 103721 5 2 515979.17 9.38524 22.1003 23.133375 88 1063178 235461 42396 50 0 0 0 0 0 0 553 310410 17308
23.14 0.17454 -0.241642 5.99651 67975 1.0000007 282121 103707 6 2 519526.75 9.38524 22.1003 23.14 96 1063459 234938 42421 51 0 0 0 0 0 0 553 310332 17427
23.146625 0.17454 -0.240949 5.99654 67977 1.0000007 282129 103673 6 2 530557.05 9.38524 22.1003 23.146625 92 1065526 236774 42968 52 0 0 0 0 0 0 553 310380 17797
23.153375 0.17454 -0.240242 5.99656 67978 1.0000007 281898 103500 4 2 525906.44 9.38524 22.1003 23.153375 91 1062366 235013 42719 53 0 0 0 0 0 0 553 310105 17641
23.16 0.17454 -0.239549 5.99659 67980 1.0000007 281757 103415 5 2 520301.85 9.38524 22.1003 23.16 93 1062958 235568 42538 54 0 0 0 0 0 0 553 310000 17453
23.166625 0.17454 -0.238856 5.99662 67981 1.0000007 281558 103334 5 2 521613.57 9.38524 22.1003 23.166625 87 1061619 235314 42432 55 0 0 0 0 0 0 553 309778 17497
23.173375 0.17454 -0.238149 5.99665 67983 1.0000007 281608 103331 5 2 522418.48 9.38524 22.1003 23.173375 94 1063594 235541 42662 56 0 0 0 0 0 0 553 309860 17524
23.18 0.17454 -0.237456 5.99667 67984 1.0000007 281379 103252 5 2 520838.46 9.38524 22.1003 23.18 88 1060861 234410 42312 57 0 0 0 0 0 0 553 309626 17471
23.186625 0.17454 -0.236762 5.9967 67986 1.0000007 281416 103259 6 2 523491.7 9.38524 22.1003 23.186625 88 1064571 236315 42907 58 0 0 0 0 0 0 553 309655 17560
23.193375 0.17454 -0.236056 5.99673 67988 1.0000007 281331 103171 5 2 534015.19 9.38524 22.1003 23.193375 90 1066314 237212 43107 59 0 0 0 0 0 0 553 309573 17913
23.2 0.17454 -0.235362 5.99676 67989 1.0000007 281297 103056 5 2 532345.74 9.38524 22.1003 23.2 87 1066049 237177 42952 60 0 0 0 0 0 0 553 309514 17857
23.206625 0.17454 -0.234669 5.99678 67991 1.0000007 281235 103092 4 2 528529.86 9.38524 22.1003 23.206625 86 1067206 237306 43122 61 0 0 0 0 0 0 553 309469 17729
23.213375 0.17454 -0.233963 5.99681 67992 1.0000007 281068 102956 5 2 533210.28 9.38524 22.1003 23.213375 89 1067751 237486 43047 62 0 0 0 0 0 0 553 309301 17886
23.22 0.17454 -0.233269 5.99684 67994 1.0000007 281201 102990 6 2 529901.19 9.38524 22.1003 23.22 91 1067764 237733 42904 63 0 0 0 0 0 0 553 309425 17775
23.226625 0.17454 -0.232576 5.99687 67995 1.0000007 280978 102857 6 2 522925.28 9.38524 22.1003 23.226625 95 1068037 237894 43137 64 0 0 0 0 0 0 553 309205 17541
23.233375 0.17454 -0.231869 5.99689 67997 1.0000007 281009 102923 6 2 525548.7 9.38524 22.1003 23.233375 89 1068067 237649 42964 65 0 0 0 0 0 0 553 309242 17629
23.24 0.17454 -0.231176 5.99692 67998 1.0000007 280971 102917 4 2 529871.38 9.38524 22.1003 23.24 91 1068174 238396 43267 66 0 0 0 0 0 0 553 309210 17774
23.246625 0.17454 -0.230482 5.99695 68000 1.0000007 280909 102822 6 2 530825.35 9.38524 22.1003 23.246625 89 1070254 238859 43281 67 0 0 0 0 0 0 553 309148 17806
23.253375 0.17454 -0.229776 5.99697 68001 1.0000007 280987 102937 6 2 532196.68 9.38524 22.1003 23.253375 100 1071545 239499 43401 68 0 0 0 0 0 0 553 309217 17852
23.26 0.17454 -0.229083 5.997 68002 1.0000007 280925 102866 5 2 527665.32 9.38524 22.1003 23.26 87 1072676 239454 43508 69 0 0 0 0 0 0 553 309178 17700
23.266625 0.17454 -0.228389 5.99703 68004 1.0000007 280999 102920 6 2 537324.28 9.38524 22.1003 23.266625 89 1071775 239591 43514 70 0 0 0 0 0 0 553 309243 18024
23.273375 0.17454 -0.227683 5.99705 68005 1.0000007 280880 102871 5 2 533836.32 9.38524 22.1003 23.273375 86 1075047 240734 43682 71 0 0 0 0 0 0 553 309112 17907
23.28 0.17454 -0.226989 5.99708 68007 1.0000007 280943 102910 6 2 542273 9.38524 22.1003 23.28 93 1076604 242663 44013 72 0 0 0 0 0 0 553 309162 18190
23.286625 0.17454 -0.226296 5.99711 68008 1.0000007 280956 102917 5 2 537950.32 9.38524 22.1003 23.286625 95 1076908 242275 44119 73 0 0 0 0 0 0 553 309153 18045
23.293375 0.17454 -0.225589 5.99713 68010 1.0000007 281043 102988 6 2 540961.29 9.38524 22.1003 23.293375 86 1078151 243422 44047 74 0 0 0 0 0 0 553 309288 18146
23.3 0.17454 -0.224896 5.99716 68011 1.0000007 281103 103058 6 2 533657.45 9.38524 22.1003 23.3 89 1080153 242998 43542 75 0 0 0 0 0 0 553 309316 17901
23.306625 0.17454 -0.224202 5.99718 68013 1.0000007 281170 103094 4 2 543316.41 9.38524 22.1003 23.306625 90 1082439 244442 44380 76 0 0 0 0 0 0 553 309390 18225
23.313375 0.17454 -0.223496 5.99721 68014 1.0000007 281271 103158 5 2 542392.25 9.38524 22.1003 23.313375 96 1080598 244321 44372 77 0 0 0 0 0 0 553 309508 18194
23.32 0.17454 -0.222802 5.99724 68016 1.0000007 281253 103212 4 2 546446.63 9.38524 22.1003 23.32 90 1083881 246281 44881 78 0 0 0 0 0 0 553 309502 18330
23.326625 0.17454 -0.222109 5.99726 68017 1.0000007 281347 103201 6 2 539977.51 9.38524 22.1003 23.326625 89 1086583 246432 44539 79 0 0 0 0 0 0 553 309576 18113
23.333375 0.17454 -0.221402 5.99729 68019 1.0000007 281275 103172 6 2 543525.09 9.38524 22.1003 23.333375 88 1086889 247451 44539 80 0 0 0 0 0 0 553 309500 18232
23.34 0.17454 -0.220709 5.99731 68020 1.0000007 281299 103244 5 2 550292.32 9.38524 22.1003 23.34 95 1088812 247919 44797 81 0 0 0 0 0 0 553 309528 18459
23.346625 0.17454 -0.220015 5.99734 68022 1.0000007 281356 103284 5 2 543018.29 9.38524 22.1003 23.346625 85 1087575 248512 44546 82 0 0 0 0 0 0 553 309572 18215
23.353375 0.17454 -0.219309 5.99737 68023 1.0000007 281495 103372 4 2 552021.4 9.38524 22.1003 23.353375 90 1090690 250113 45206 83 0 0 0 0 0 0 553 309729 18517
23.36 0.17454 -0.218615 5.99739 68025 1.0000007 281580 103448 6 2 552736.88 9.38524 22.1003 23.36 92 1093504 250704 45098 84 0 0 0 0 0 0 553 309799 18541
23.366625 0.17454 -0.217922 5.99742 68026 1.0000007 281588 103442 5 2 564035.47 9.38524 22.1003 23.366625 89 1095048 251940 45766 85 0 0 0 0 0 0 553 309789 18920
23.373375 0.17454 -0.217215 5.99744 68028 1.0000007 281711 103568 5 2 555867.09 9.38524 22.1003 23.373375 91 1097060 253414 45778 86 0 0 0 0 0 0 553 309925 18646
23.38 0.17454 -0.216522 5.99747 68029 1.0000007 281786 103562 6 2 555121.8 9.38524 22.1003 23.38 90 1098644 254786 46057 87 0 0 0 0 0 0 553 310011 18621
23.386625 0.17454 -0.215828 5.99749 68031 1.0000007 281889 103694 6 2 559265.62 9.38524 22.1003 23.386625 89 1100885 255017 45814 88 0 0 0 0 0 0 553 310115 18760
23.393375 0.17454 -0.215122 5.99752 68032 1.0000007 281928 103722 6 2 556314.27 9.38524 22.1003 23.393375 90 1105263 256298 46256 89 0 0 0 0 0 0 553 310153 18661
23.4 0.17454 -0.214428 5.99754 68034 1.0000007 282020 103784 5 2 567463.81 9.38524 22.1003 23.4 91 1107047 258179 46740 90 0 0 0 0 0 0 553 310218 19035
23.406625 0.17454 -0.213735 5.99757 68035 1.0000007 282137 103889 5 2 569669.86 9.38524 22.1003 23.406625 91 1108731 259451 46882 91 0 0 0 0 0 0 553 310354 19109
23.413375 0.17454 -0.213028 5.99759 68036 1.0000007 282196 103924 5 2 571160.44 9.38524 22.1003 23.413375 92 1111452 260439 47017 92 0 0 0 0 0 0 553 310417 19159
23.42 0.17454 -0.212335 5.99762 68038 1.0000007 282212 103961 4 2 573932.92 9.38524 22.1003 23.42 98 1115486 263864 47684 93 0 0 0 0 0 0 553 310415 19252
23.426625 0.17454 -0.211641 5.99764 68039 1.0000007 282464 104102 5 2 574052.17 9.38524 22.1003 23.426625 96 1115476 263326 47539 94 0 0 0 0 0 0 553 310684 19256
23.433375 0.17454 -0.210935 5.99767 68041 1.0000007 282249 104014 5 2 576317.85 9.38524 22.1003 23.433375 102 1118312 266013 48318 95 0 0 0 0 0 0 553 310435 19332
23.44 0.17454 -0.210241 5.99769 68042 1.0000007 282442 104119 6 2 582965.84 9.38524 22.1003 23.44 113 1121857 268396 48530 96 0 0 0 0 0 0 553 310626 19555
23.446625 0.17454 -0.209548 5.99771 68044 1.0000007 282448 104121 6 2 579388.45 9.38524 22.1003 23.446625 107 1124642 271329 48921 97 0 0 0 0 0 0 553 310632 19435
23.453375 0.17454 -0.208841 5.99774 68045 1.0000007 282518 104169 5 2 593519.14 9.38524 22.1003 23.453375 119 1128298 273359 49649 98 0 0 0 0 0 0 553 310713 19909
23.46 0.17454 -0.208148 5.99776 68047 1.0000007 282609 104207 7 2 598676.55 9.38524 22.1003 23.46 122 1134022 275474 49917 99 0 0 0 0 0 0 553 310802 20082
23.466625 0.17454 -0.207454 5.99779 68048 1.0000007 282710 104334 5 2 606040.02 9.38524 22.1003 23.466625 131 1136113 278879 51017 100 0 0 0 0 0 0 553 310891 20329
23.473375 0.17454 -0.206748 5.99781 68050 1.0000007 282694 104327 5 2 613075.55 9.38524 22.1003 23.473375 138 1138369 280987 51514 101 0 0 0 0 0 0 553 310882 20565
23.48 0.17454 -0.206054 5.99784 68051 1.0000007 282620 104338 6 2 617964.66 9.38524 22.1003 23.48 152 1142087 284344 52240 102 0 0 0 0 0 0 553 310798 20729
23.486625 0.17454 -0.205361 5.99786 68053 1.0000007 282810 104473 5 2 629710.43 9.38524 22.1003 23.486625 157 1150290 288780 53200 103 0 0 0 0 0 0 553 310985 21123
23.493375 0.17454 -0.204654 5.99788 68054 1.0000007 282781 104398 5 2 642231.3 9.38524 22.1003 23.493375 173 1150820 292259 54088 104 0 0 0 0 0 0 553 310947 21543
23.5 0.17454 -0.20396 5.99791 68056 1.0000007 282726 104414 6 2 646762.66 9.38524 22.1003 23.5 209 1156886 295866 55191 105 0 0 0 0 0 0 553 310893 21695
23.506625 0.17454 -0.203267 5.99793 68057 1.0000007 282762 104427 5 2 653500.08 9.38524 22.1003 23.506625 225 1161386 299907 56244 106 0 0 0 0 0 0 553 310949 21921
23.513375 0.17454 -0.20256 5.99795 68059 1.0000007 282878 104518 5 2 679138.06 9.38524 22.1003 23.513375 258 1168132 306180 58126 107 0 0 0 0 0 0 553 311075 22781
23.52 0.17454 -0.201867 5.99798 68060 1.0000007 282892 104478 6 2 692851.4 9.38524 22.1003 23.52 298 1176038 311599 59444 108 0 0 0 0 0 0 553 311093 23241
23.526625 0.17454 -0.201173 5.998 68062 1.0000007 282831 104476 6 2 703851.88 9.38524 22.1003 23.526625 343 1181593 318486 61460 109 0 0 0 0 0 0 553 311010 23610
23.533375 0.17454 -0.200467 5.99803 68063 1.0000007 282846 104523 6 2 736734.07 9.38524 22.1003 23.533375 438 1190788 326404 64255 110 0 0 0 0 0 0 553 311009 24713
23.54 0.17454 -0.199773 5.99805 68064 1.0000007 282937 104606 6 2 763803 9.38524 22.1003 23.54 520 1200034 335263 67088 111 0 0 0 0 0 0 553 311131 25621
23.546625 0.17454 -0.19908 5.99807 68066 1.0000007 282866 104515 5 2 797072.75 9.38524 22.1003 23.546625 606 1212305 345854 70953 112 0 0 0 0 0 0 553 311046 26737
23.553375 0.17454 -0.198373 5.99809 68067 1.0000007 282829 104583 5 2 830640.61 9.38524 22.1003 23.553375 782 1225675 359749 75356 113 0 0 0 0 0 0 553 311014 27863
23.56 0.17454 -0.197679 5.99812 68069 1.0000007 282880 104546 6 2 885583.39 9.38524 22.1003 23.56 1006 1241249 375037 80870 114 0 0 0 0 0 0 553 311067 29706
23.566625 0.17454 -0.196986 5.99814 68070 1.0000007 282957 104622 5 2 955968.58 9.38524 22.1003 23.566625 1354 1260781 395289 88500 115 0 0 0 0 0 0 553 311135 32067
23.573375 0.17454 -0.196279 5.99816 68072 1.0000007 282950 104665 6 2 1023253.4 9.38524 22.1003 23.573375 1774 1288648 420853 97459 116 0 0 0 0 0 0 553 311140 34324
23.58 0.17454 -0.195586 5.99819 68073 1.0000007 282905 104676 6 2 1107828.9 9.38524 22.1003 23.58 2411 1324078 454540 108733 117 0 0 0 0 0 0 553 311089 37161
23.586625 0.17454 -0.194892 5.99821 68075 1.0000007 282885 104611 5 2 1237241 9.38524 22.1003 23.586625 3558 1368998 500691 124700 118 0 0 0 0 0 0 553 311050 41502
23.593375 0.17454 -0.194185 5.99823 68076 1.0000007 280631 103713 6 2 1378249.9 9.38524 22.1003 23.593375 5398 1422424 560308 142901 119 0 0 0 0 0 0 553 308691 46232
23.6 0.17454 -0.193492 5.99825 68078 1.0000007 283537 104924 4 2 1597901.8 9.38524 22.1003 23.6 8929 1535011 661817 170772 120 0 0 0 0 0 0 553 311702 53600
23.606625 0.17454 -0.192798 5.99828 68079 1.0000007 283479 104862 5 2 1872764.7 9.38524 22.1003 23.606625 15320 1677194 803008 203428 121 0 0 0 0 0 0 553 311654 62820
23.613375 0.17454 -0.192092 5.9983 68081 1.0000007 283529 104888 5 2 2251133.5 9.38524 22.1003 23.613375 29222 1890245 1016837 246344 122 0 0 0 0 0 0 553 311727 75512
23.62 0.17454 -0.191398 5.99832 68082 1.0000007 283504 104832 4 2 2793048.8 9.38524 22.1003 23.62 47435 2173846 1298893 300994 123 0 0 0 0 0 0 553 311689 93690
23.626625 0.17454 -0.190704 5.99834 68084 1.0000007 283428 104820 5 2 3438648.8 9.38524 22.1003 23.626625 65739 2509586 1635837 363663 124 0 0 0 0 0 0 553 311612 115346
23.633375 0.17454 -0.189998 5.99837 68085 1.0000007 283649 104934 5 2 4274566.1 9.38524 22.1003 23.633375 84646 2851008 1973641 436558 125 0 0 0 0 0 0 553 311835 143386
23.64 0.17454 -0.189304 5.99839 68087 1.0000007 283415 104771 5 2 5229372 9.38524 22.1003 23.64 98792 3095390 2219186 516807 126 0 0 0 0 0 0 553 311592 175414
23.646625 0.17454 -0.188611 5.99841 68088 1.0000007 283478 104891 6 2 6260913 9.38524 22.1003 23.646625 112275 3220266 2343814 599409 127 0 0 0 0 0 0 553 311648 210016
23.653375 0.17454 -0.187904 5.99843 68090 1.0000007 283455 104825 4 2 7362362.2 9.38524 22.1003 23.653375 110797 3226357 2350486 684223 128 0 0 0 0 0 0 553 311630 246963
23.66 0.17454 -0.18721 5.99845 68091 1.0000007 283575 104895 5 2 8462529.5 9.38524 22.1003 23.66 97659 3155546 2277983 765929 129 0 0 0 0 0 0 553 311767 283867
23.666625 0.17454 -0.186517 5.99848 68093 1.0000007 283446 104787 4 2 9616566.3 9.38524 22.1003 23.666625 79656 3053169 2175715 844916 130 0 0 0 0 0 0 553 311607 322578
23.673375 0.17454 -0.18581 5.9985 68094 1.0000007 283488 104892 5 2 10904040 9.38524 22.1003 23.673375 60562 2940807 2063768 919456 131 0 0 0 0 0 0 553 311687 365765
23.68 0.17454 -0.185116 5.99852 68096 1.0000007 283484 104871 5 2 12208178 9.38524 22.1003 23.68 45188 2855326 1976253 988925 132 0 0 0 0 0 0 553 311640 409511
23.686625 0.17454 -0.184423 5.99854 68097 1.0000007 283375 104820 5 2 13605299 9.38524 22.1003 23.686625 33745 2793912 1915873 1060594 133 0 0 0 0 0 0 553 311543 456376
23.693375 0.17454 -0.183716 5.99856 68099 1.0000007 283357 104791 5 2 15025494 9.38524 22.1003 23.693375 24148 2764626 1887131 1136016 134 0 0 0 0 0 0 553 311542 504015
23.7 0.17454 -0.183023 5.99858 68100 1.0000007 283440 104796 5 2 16368774 9.38524 22.1003 23.7 16954 2771977 1892774 1218260 135 0 0 0 0 0 0 553 311625 549074
23.706625 0.17454 -0.182329 5.9986 68102 1.0000007 283154 104699 5 2 17867135 9.38524 22.1003 23.706625 20417 2824068 1947647 1324414 136 0 0 0 0 0 0 553 311316 599335
23.713375 0.17454 -0.181622 5.99863 68103 1.0000007 283271 104701 6 2 19388302 9.38524 22.1003 23.713375 24387 2916518 2038930 1448834 137 0 0 0 0 0 0 553 311443 650361
23.72 0.17454 -0.180929 5.99865 68105 1.0000007 283224 104677 5 2 20836013 9.38524 22.1003 23.72 30323 3046270 2170480 1595728 138 0 0 0 0 0 0 553 311407 698923
23.726625 0.17454 -0.180235 5.99867 68106 1.0000007 283152 104699 6 2 22274661 9.38524 22.1003 23.726625 39912 3226989 2350457 1775883 139 0 0 0 0 0 0 553 311318 747181
23.733375 0.17454 -0.179528 5.99869 68108 1.0000007 283207 104705 5 2 23677297 9.38524 22.1003 23.733375 52514 3460155 2583997 1994585 140 0 0 0 0 0 0 553 311389 794231
23.74 0.17454 -0.178835 5.99871 68109 1.0000007 283159 104639 5 2 24953919 9.38524 22.1003 23.74 69661 3753132 2875941 2258885 141 0 0 0 0 0 0 553 311339 837054
23.746625 0.17454 -0.178141 5.99873 68111 1.0000007 283092 104631 5 2 26052566 9.38524 22.1003 23.746625 91673 4118024 3241565 2581361 142 0 0 0 0 0 0 553 311282 873907
23.753375 0.17454 -0.177434 5.99875 68112 1.0000007 283163 104654 6 2 27053461 9.38524 22.1003 23.753375 121716 4606546 3728890 3002848 143 0 0 0 0 0 0 553 311354 907481
23.76 0.17454 -0.176741 5.99877 68114 1.0000007 283019 104582 5 2 27651213 9.38524 22.1003 23.76 170913 5202741 4325328 3515557 144 0 0 0 0 0 0 553 311181 927532
23.766625 0.17454 -0.176047 5.99879 68115 1.0000007 283006 104627 6 2 28056770 9.38524 22.1003 23.766625 246981 5886624 5009630 4090091 145 0 0 0 0 0 0 553 311165 941136
23.773375 0.17454 -0.17534 5.99881 68117 1.0000007 283097 104616 5 2 28125963 9.38524 22.1003 23.773375 331330 6580506 5700439 4663783 146 0 0 0 0 0 0 553 311297 943457
23.78 0.17454 -0.174647 5.99883 68118 1.0000007 283106 104634 6 2 27964026 9.38524 22.1003 23.78 388352 7041102 6162072 5019488 147 0 0 0 0 0 0 553 311307 938025
23.786625 0.17454 -0.173953 5.99885 68120 1.0000007 282979 104574 5 2 27524007 9.38524 22.1003 23.786625 389964 7109739 6232197 5030538 148 0 0 0 0 0 0 553 311140 923265
23.793375 0.17454 -0.173246 5.99887 68121 1.0000007 282977 104553 6 2 26861414 9.38524 22.1003 23.793375 332937 6704365 5828556 4619247 149 0 0 0 0 0 0 553 311170 901039
23.8 0.17454 -0.172553 5.99889 68123 1.0000007 283002 104556 4 2 26114157 9.38524 22.1003 23.8 252132 6032527 5154946 3972415 150 0 0 0 0 0 0 553 311181 875973
23.806625 0.17454 -0.171859 5.99891 68124 1.0000007 282970 104539 6 2 25413047 9.38524 22.1003 23.806625 171385 5278074 4400602 3247203 151 0 0 0 0 0 0 553 311155 852455
23.813375 0.17454 -0.171152 5.99893 68126 1.0000007 282841 104475 6 2 24455618 9.38524 22.1003 23.813375 109805 4616049 3739727 2574950 152 0 0 0 0 0 0 553 311024 820339
23.82 0.17454 -0.170459 5.99895 68127 1.0000007 282869 104495 4 2 23501230 9.38524 22.1003 23.82 68975 4183267 3308722 2064198 153 0 0 0 0 0 0 553 311074 788325
23.826625 0.17454 -0.169765 5.99897 68129 1.0000007 282871 104498 5 2 22257967 9.38524 22.1003 23.826625 60266 3911255 3038338 1678429 154 0 0 0 0 0 0 553 311053 746621
23.833375 0.17454 -0.169058 5.99899 68130 1.0000007 283011 104590 6 2 20772872 9.38524 22.1003 23.833375 67997 3749026 2875297 1391897 155 0 0 0 0 0 0 553 311207 696805
23.84 0.17454 -0.168365 5.99901 68132 1.0000007 282782 104452 5 2 19248635 9.38524 22.1003 23.84 77039 3610250 2737026 1188123 156 0 0 0 0 0 0 553 310963 645676
23.846625 0.17454 -0.167671 5.99903 68133 1.0000007 282750 104398 5 2 17661227 9.38524 22.1003 23.846625 72996 3432264 2559462 1044013 157 0 0 0 0 0 0 553 310942 592428
23.853375 0.17454 -0.166964 5.99905 68135 1.0000007 282771 104413 5 2 16101603 9.38524 22.1003 23.853375 65146 3202107 2331052 945182 158 0 0 0 0 0 0 553 310965 540112
23.86 0.17454 -0.166271 5.99907 68136 1.0000007 280656 103607 6 2 14799730 9.38524 22.1003 23.86 50063 2933653 2068896 890170 159 0 0 0 0 0 0 553 308709 496442
23.866625 0.17454 -0.165577 5.99909 68138 1.0000007 283459 104701 5 2 14088276 9.38524 22.1003 23.866625 35380 2766642 1892994 900996 160 0 0 0 0 0 0 553 311656 472577
23.873375 0.17454 -0.16487 5.99911 68140 1.0000007 283388 104678 4 2 13746010 9.38524 22.1003 23.873375 22400 2641036 1767754 960200 161 0 0 0 0 0 0 553 311559 461096
23.88 0.17454 -0.164177 5.99913 68141 1.0000007 283385 104700 6 2 14113676 9.38524 22.1003 23.88 15495 2633687 1760092 1081714 162 0 0 0 0 0 0 553 311567 473429
23.886625 0.17454 -0.163483 5.99915 68143 1.0000007 283256 104614 6 2 15385081 9.38524 22.1003 23.886625 17834 2730514 1860139 1280449 163 0 0 0 0 0 0 553 311436 516077
23.893375 0.17454 -0.162776 5.99917 68144 1.0000007 283315 104600 5 2 17479883 9.38524 22.1003 23.893375 38098 2976267 2105569 1586745 164 0 0 0 0 0 0 553 311498 586345
23.9 0.17454 -0.162083 5.99919 68146 1.0000007 283211 104620 5 2 20147126 9.38524 22.1003 23.9 80852 3403387 2531706 2051449 165 0 0 0 0 0 0 553 311410 675815
23.906625 0.17454 -0.161389 5.9992 68147 1.0000007 283318 104688 4 2 22462921 9.38524 22.1003 23.906625 150721 4029069 3156970 2700228 166 0 0 0 0 0 0 553 311525 753496
23.913375 0.17454 -0.160682 5.99922 68149 1.0000007 283050 104450 6 2 24409738 9.38524 22.1003 23.913375 150721 4793665 3921673 3477667 167 0 0 0 0 0 0 553 311232 818800
23.92 0.17454 -0.159988 5.99924 68150 1.0000007 283042 104446 5 2 26753139 9.38524 22.1003 23.92 366915 5369743 4496740 4063084 168 0 0 0 0 0 0 553 311217 897407
23.926625 0.17454 -0.159295 5.99926 68151 1.0000007 283036 104446 5 2 29553879 9.38524 22.1003 23.926625 401621 5396554 4525708 4102324 169 0 0 0 0 0 0 553 311211 991355
23.933375 0.17454 -0.158588 5.99928 68153 1.0000007 283012 104440 5 2 32732153 9.38524 22.1003 23.933375 281905 5005813 4136790 3723238 170 0 0 0 0 0 0 553 311206 1097967
23.94 0.17454 -0.157894 5.9993 68154 1.0000007 282892 104380 5 2 35570754 9.38524 22.1003 23.94 284188 4544809 3674575 3271627 171 0 0 0 0 0 0 553 311091 1193185
23.946625 0.17454 -0.157201 5.99932 68156 1.0000007 282875 104363 6 2 37825882 9.38524 22.1003 23.946625 243149 4136947 3267863 2874747 172 0 0 0 0 0 0 553 311053 1268831
23.953375 0.17454 -0.156494 5.99933 68157 1.0000007 282762 104315 4 2 37532476 9.38524 22.1003 23.953375 178383 3614666 2745255 2360649 173 0 0 0 0 0 0 553 310948 1258989
23.96 0.17454 -0.1558 5.99935 68159 1.0000007 282739 104253 5 2 32190506 9.38524 22.1003 23.96 112916 2994807 2127235 1751198 174 0 0 0 0 0 0 553 310913 1079798
23.966625 0.17454 -0.155106 5.99937 68160 1.0000007 282786 104275 6 2 24573135 9.38524 22.1003 23.966625 64914 2478572 1612690 1245342 175 0 0 0 0 0 0 553 310978 824281
23.973375 0.17454 -0.1544 5.99939 68162 1.0000007 282706 104234 6 2 17673718 9.38524 22.1003 23.973375 33763 2105346 1240819 879462 176 0 0 0 0 0 0 553 310918 592847
23.98 0.17454 -0.153706 5.99941 68163 1.0000007 282611 104208 5 2 12692974 9.38524 22.1003 23.98 17796 1862723 998025 643240 177 0 0 0 0 0 0 553 310803 425773
23.986625 0.17454 -0.153012 5.99942 68165 1.0000007 282556 104135 5 2 9217508.2 9.38524 22.1003 23.986625 10419 1700629 835608 485891 178 0 0 0 0 0 0 553 310739 309192
23.993375 0.17454 -0.152305 5.99944 68166 1.0000007 282575 104140 5 2 6866297.1 9.38524 22.1003 23.993375 5256 1588848 724678 379776 179 0 0 0 0 0 0 553 310760 230323
24 0.17454 -0.151612 5.99946 68168 1.0000007 282328 104032 5 2 5303871.2 9.38524 22.1003 24 3145 1512688 647648 308605 180 0 0 0 0 0 0 553 310499 177913
24.006625 0.17454 -0.150918 5.99948 68169 1.0000007 282441 104080 5 2 4229729.4 9.38524 22.1003 24.006625 1795 1456143 592536 258525 181 0 0 0 0 0 0 553 310650 141882
24.013375 0.17454 -0.150211 5.99949 68171 1.0000007 282339 104004 5 2 3471232.9 9.38524 22.1003 24.013375 1155 1411608 549490 222443 182 0 0 0 0 0 0 553 310550 116439
24.02 0.17454 -0.149517 5.99951 68172 1.0000007 282339 104032 5 2 2924190 9.38524 22.1003 24.02 973 1378467 516258 195011 183 0 0 0 0 0 0 553 310540 98089
24.026625 0.17454 -0.148824 5.99953 68174 1.0000007 282209 103879 5 2 2511985 9.38524 22.1003 24.026625 901 1350897 485647 172928 184 0 0 0 0 0 0 553 310395 84262
24.033375 0.17454 -0.148117 5.99955 68175 1.0000007 282303 103995 6 2 2214524.9 9.38524 22.1003 24.033375 819 1324795 462720 156015 185 0 0 0 0 0 0 553 310501 74284
24.04 0.17454 -0.147423 5.99956 68177 1.0000007 282244 103875 5 2 1937545.3 9.38524 22.1003 24.04 754 1299549 438488 140423 186 0 0 0 0 0 0 553 310429 64993
24.046625 0.17454 -0.14673 5.99958 68178 1.0000007 282091 103850 6 2 1751163.2 9.38524 22.1003 24.046625 658 1279514 419227 128457 187 0 0 0 0 0 0 553 310267 58741
24.053375 0.17454 -0.146023 5.9996 68180 1.0000007 282285 103953 6 2 1589614.1 9.38524 22.1003 24.053375 620 1265657 403907 119158 188 0 0 0 0 0 0 553 310466 53322
24.06 0.17454 -0.145329 5.99961 68181 1.0000007 282019 103748 6 2 1449618.9 9.38524 22.1003 24.06 484 1244660 386561 109485 189 0 0 0 0 0 0 553 310190 48626
24.066625 0.17454 -0.144635 5.99963 68183 1.0000007 282097 103812 5 2 1330461.9 9.38524 22.1003 24.066625 423 1229567 371857 101711 190 0 0 0 0 0 0 553 310298 44629
24.073375 0.17454 -0.143928 5.99965 68184 1.0000007 282168 103916 6 2 1213302.3 9.38524 22.1003 24.073375 381 1222335 360358 94351 191 0 0 0 0 0 0 553 310361 40699
24.08 0.17454 -0.143235 5.99966 68186 1.0000007 282117 103810 6 2 1129352.8 9.38524 22.1003 24.08 332 1209646 348480 88344 192 0 0 0 0 0 0 553 310287 37883
24.086625 0.17454 -0.142541 5.99968 68187 1.0000007 282024 103813 5 2 1051008 9.38524 22.1003 24.086625 276 1195803 337836 82738 193 0 0 0 0 0 0 553 310199 35255
24.093375 0.17454 -0.141834 5.9997 68188 1.0000007 282060 103814 5 2 993262.89 9.38524 22.1003 24.093375 232 1185606 328143 78366 194 0 0 0 0 0 0 553 310243 33318
24.1 0.17454 -0.14114 5.99971 68190 1.0000007 281916 103699 5 2 942076.37 9.38524 22.1003 24.1 221 1178369 320740 74491 195 0 0 0 0 0 0 553 310111 31601
24.106625 0.17454 -0.140447 5.99973 68191 1.0000007 281903 103614 5 2 883377.33 9.38524 22.1003 24.106625 212 1168792 312893 70551 196 0 0 0 0 0 0 553 310079 29632
24.113375 0.17454 -0.13974 5.99975 68193 1.0000007 281776 103610 6 2 844503 9.38524 22.1003 24.113375 193 1161733 306008 67416 197 0 0 0 0 0 0 553 309957 28328
24.12 0.17454 -0.139046 5.99976 68194 1.0000007 281823 103633 6 2 808818.52 9.38524 22.1003 24.12 182 1157279 301161 64802 198 0 0 0 0 0 0 553 310015 27131
24.126625 0.17454 -0.138352 5.99978 68196 1.0000007 279192 102590 4 2 808818.52 9.38524 22.1003 24.126625 182 1157279 301161 64802 199 0 0 0 0 0 0 553 307235 27131
24.133375 0.17454 -0.137646 5.9998 68197 1.0000007 282415 103885 5 2 748122.1 9.38524 22.1003 24.133375 169 1140852 291596 60525 200 0 0 0 0 0 0 553 310596 25095
24.14 0.17454 -0.136952 5.99981 68199 1.0000007 282380 103851 5 2 723139.98 9.38524 22.1003 24.14 164 1142444 287190 58458 201 0 0 0 0 0 0 553 310565 24257
24.146625 0.17454 -0.136258 5.99983 68200 1.0000007 282285 103836 6 2 703941.31 9.38524 22.1003 24.146625 160 1139299 284369 57443 202 0 0 0 0 0 0 553 310454 23613
24.153375 0.17454 -0.135551 5.99984 68202 1.0000007 282294 103843 5 2 681314.31 9.38524 22.1003 24.153375 163 1134563 280642 55532 203 0 0 0 0 0 0 553 310448 22854
24.16 0.17454 -0.134857 5.99986 68203 1.0000007 282335 103884 6 2 672191.96 9.38524 22.1003 24.16 146 1133819 278587 54709 204 0 0 0 0 0 0 553 310542 22548
24.166625 0.17454 -0.134164 5.99987 68205 1.0000007 282229 103753 4 2 649237.02 9.38524 22.1003 24.166625 136 1127225 275957 53173 205 0 0 0 0 0 0 553 310411 21778
24.173375 0.17454 -0.133457 5.99989 68207 1.0000007 282204 103791 6 2 636149.73 9.38524 22.1003 24.173375 143 1124287 272971 52302 206 0 0 0 0 0 0 553 310389 21339
24.18 0.17454 -0.132763 5.99991 68208 1.0000007 282166 103729 6 2 632184.79 9.38524 22.1003 24.18 131 1121972 271041 51828 207 0 0 0 0 0 0 553 310349 21206
24.186625 0.17454 -0.132069 5.99992 68210 1.0000007 282140 103700 5 2 629710.43 9.38524 22.1003 24.186625 129 1117934 267810 50916 208 0 0 0 0 0 0 553 310312 21123
24.193375 0.17454 -0.131363 5.99994 68211 1.0000007 282158 103756 6 2 616593.32 9.38524 22.1003 24.193375 126 1117412 266890 50269 209 0 0 0 0 0 0 553 310345 20683
24.2 0.17454 -0.130669 5.99995 68213 1.0000007 282087 103685 5 2 609826.09 9.38524 22.1003 24.2 128 1115305 265186 49679 210 0 0 0 0 0 0 553 310261 20456
24.206625 0.17454 -0.129975 5.99997 68214 1.0000007 282102 103674 4 2 600733.55 9.38524 22.1003 24.206625 120 1113630 263026 49071 211 0 0 0 0 0 0 553 310287 20151
24.213375 0.17454 -0.129268 5.99998 68216 1.0000007 282082 103686 5 2 599481.46 9.38524 22.1003 24.213375 117 1111759 262153 48563 212 0 0 0 0 0 0 553 310266 20109
24.22 0.17454 -0.128574 6 68217 1.0000007 282103 103695 5 2 594234.62 9.38524 22.1003 24.22 103 1108372 260521 48055 213 0 0 0 0 0 0 553 310278 19933
24.226625 0.17454 -0.127881 6.00001 68219 1.0000007 282109 103651 5 2 590239.87 9.38524 22.1003 24.226625 97 1104754 258321 47946 214 0 0 0 0 0 0 553 310262 19799
24.233375 0.17454 -0.127174 6.00003 68220 1.0000007 282110 103663 6 2 593310.46 9.38524 22.1003 24.233375 89 1103802 257526 47871 215 0 0 0 0 0 0 553 310275 19902
24.24 0.17454 -0.12648 6.00004 68222 1.0000007 282061 103639 4 2 572442.34 9.38524 22.1003 24.24 92 1100866 255294 46838 216 0 0 0 0 0 0 553 310231 19202
24.246625 0.17454 -0.125786 6.00006 68223 1.0000007 282042 103623 5 2 569371.75 9.38524 22.1003 24.246625 92 1100523 255249 46842 217 0 0 0 0 0 0 553 310229 19099
24.253375 0.17454 -0.125079 6.00007 68225 1.0000007 282073 103641 5 2 574737.84 9.38524 22.1003 24.253375 93 1100458 253968 46549 218 0 0 0 0 0 0 553 310246 19279
24.26 0.17454 -0.124386 6.00009 68226 1.0000007 281992 103567 6 2 569640.05 9.38524 22.1003 24.26 88 1096331 252124 46303 219 0 0 0 0 0 0 553 310145 19108
24.266625 0.17454 -0.123692 6.0001 68228 1.0000007 281937 103587 5 2 569997.79 9.38524 22.1003 24.266625 96 1094398 251147 46144 220 0 0 0 0 0 0 553 310090 19120
24.273375 0.17454 -0.122985 6.00011 68229 1.0000007 282031 103632 6 2 563737.36 9.38524 22.1003 24.273375 85 1093911 250535 45609 221 0 0 0 0 0 0 553 310214 18910
24.28 0.17454 -0.122291 6.00013 68231 1.0000007 281891 103505 6 2 566867.57 9.38524 22.1003 24.28 91 1094000 250441 45764 222 0 0 0 0 0 0 553 310071 19015
24.286625 0.17454 -0.121597 6.00014 68232 1.0000007 281907 103540 5 2 548175.7 9.38524 22.1003 24.286625 94 1089300 248338 45274 223 0 0 0 0 0 0 553 310071 18388
24.293375 0.17454 -0.12089 6.00016 68234 1.0000007 281872 103560 6 2 557238.43 9.38524 22.1003 24.293375 87 1090116 248624 45292 224 0 0 0 0 0 0 553 310039 18692
24.3 0.17454 -0.120197 6.00017 68235 1.0000007 281825 103526 5 2 549278.73 9.38524 22.1003 24.3 91 1087010 246797 44517 225 0 0 0 0 0 0 553 309982 18425
24.306625 0.17454 -0.119503 6.00018 68237 1.0000007 281835 103448 5 2 552319.51 9.38524 22.1003 24.306625 94 1084928 245497 44666 226 0 0 0 0 0 0 553 309997 18527
24.313375 0.17454 -0.118796 6.0002 68238 1.0000007 281692 103399 6 2 545671.53 9.38524 22.1003 24.313375 89 1085307 246187 44528 227 0 0 0 0 0 0 553 309851 18304
24.32 0.17454 -0.118102 6.00021 68240 1.0000007 281748 103507 5 2 545283.98 9.38524 22.1003 24.32 89 1083635 245021 43948 228 0 0 0 0 0 0 553 309926 18291
24.326625 0.17454 -0.117408 6.00023 68241 1.0000007 281647 103375 4 2 545254.16 9.38524 22.1003 24.326625 88 1081258 243949 44084 229 0 0 0 0 0 0 553 309820 18290
24.333375 0.17454 -0.116702 6.00024 68243 1.0000007 281804 103438 6 2 545760.96 9.38524 22.1003 24.333375 98 1081841 243993 43995 230 0 0 0 0 0 0 553 309979 18307
24.34 0.17454 -0.116008 6.00025 68244 1.0000007 281535 103301 6 2 538159 9.38524 22.1003 24.34 99 1078901 242556 43712 231 0 0 0 0 0 0 553 309691 18052
24.346625 0.17454 -0.115314 6.00027 68245 1.0000007 281467 103253 4 2 546148.51 9.38524 22.1003 24.346625 89 1078897 243161 44102 232 0 0 0 0 0 0 553 309639 18320
24.353375 0.17454 -0.114607 6.00028 68247 1.0000007 281400 103215 6 2 537115.6 9.38524 22.1003 24.353375 88 1075199 241793 43381 233 0 0 0 0 0 0 553 309569 18017
24.36 0.17454 -0.113913 6.00029 68248 1.0000007 281374 103240 6 2 540186.19 9.38524 22.1003 24.36 87 1076833 241416 43573 234 0 0 0 0 0 0 553 309533 18120
24.366625 0.17454 -0.113219 6.00031 68250 1.0000007 281406 103221 4 2 532584.23 9.38524 22.1003 24.366625 87 1074417 239935 43343 235 0 0 0 0 0 0 553 309591 17865
24.373375 0.17454 -0.112513 6.00032 68251 1.0000007 281484 103244 5 2 537234.84 9.38524 22.1003 24.373375 91 1073332 239979 43565 236 0 0 0 0 0 0 553 309666 18021
24.38 0.17454 -0.111819 6.00033 68253 1.0000007 281244 103117 5 2 528887.6 9.38524 22.1003 24.38 88 1073449 239957 43194 237 0 0 0 0 0 0 553 309429 17741
24.386625 0.17454 -0.111125 6.00035 68254 1.0000007 281248 103124 6 2 529394.39 9.38524 22.1003 24.386625 95 1070268 238676 42827 238 0 0 0 0 0 0 553 309442 17758
24.393375 0.17454 -0.110418 6.00036 68256 1.0000007 278587 102027 5 2 529871.38 9.38524 22.1003 24.393375 88 1058698 235821 42781 239 0 0 0 0 0 0 553 306652 17774
24.4 0.17454 -0.109724 6.00037 68257 1.0000007 281892 103340 5 2 533389.15 9.38524 22.1003 24.4 88 1071648 239136 43268 240 0 0 0 0 0 0 553 310087 17892
24.406625 0.17454 -0.10903 6.00038 68259 1.0000007 281803 103284 6 2 528261.55 9.38524 22.1003 24.406625 83 1070690 237378 42716 241 0 0 0 0 0 0 553 310011 17720
24.413375 0.17454 -0.108324 6.0004 68260 1.0000007 281767 103296 4 2 520898.09 9.38524 22.1003 24.413375 90 1069944 237294 42561 242 0 0 0 0 0 0 553 309968 17473
24.42 0.17454 -0.10763 6.00041 68262 1.0000007 281774 103339 5 2 522686.78 9.38524 22.1003 24.42 93 1070908 237675 42445 243 0 0 0 0 0 0 553 309962 17533
24.426625 0.17454 -0.106936 6.00042 68263 1.0000007 281743 103264 6 2 529394.39 9.38524 22.1003 24.426625 92 1065979 236235 42771 244 0 0 0 0 0 0 553 309948 17758
24.433375 0.17454 -0.106229 6.00043 68265 1.0000007 281690 103247 6 2 527009.46 9.38524 22.1003 24.433375 89 1066770 236545 42826 245 0 0 0 0 0 0 553 309902 17678
24.44 0.17454 -0.105535 6.00045 68266 1.0000007 281800 103310 5 2 519228.64 9.38524 22.1003 24.44 87 1066303 235743 42250 246 0 0 0 0 0 0 553 309999 17417
24.446625 0.17454 -0.104841 6.00046 68267 1.0000007 281641 103203 5 2 526592.1 9.38524 22.1003 24.446625 85 1063392 235500 42567 247 0 0 0 0 0 0 553 309836 17664
24.453375 0.17454 -0.104134 6.00047 68269 1.0000007 281732 103234 6 2 515621.43 9.38524 22.1003 24.453375 94 1062110 235111 42115 248 0 0 0 0 0 0 553 309925 17296
24.46 0.17454 -0.103441 6.00048 68270 1.0000007 281669 103162 5 2 514786.71 9.38524 22.1003 24.46 94 1063048 233973 41957 249 0 0 0 0 0 0 553 309869 17268
24.466625 0.17454 -0.102747 6.00049 68272 1.0000007 281587 103186 4 2 517946.74 9.38524 22.1003 24.466625 94 1063293 235317 42218 250 0 0 0 0 0 0 553 309764 17374
24.473375 0.17454 -0.10204 6.00051 68273 1.0000007 281749 103251 5 2 516426.35 9.38524 22.1003 24.473375 88 1063274 233897 41981 251 0 0 0 0 0 0 553 309928 17323
24.48 0.17454 -0.101346 6.00052 68275 1.0000007 281682 103275 5 2 517290.88 9.38524 22.1003 24.48 94 1059695 233973 41994 252 0 0 0 0 0 0 553 309863 17352
24.486625 0.17454 -0.100652 6.00053 68276 1.0000007 281666 103251 5 2 517976.55 9.38524 22.1003 24.486625 90 1060158 233603 41956 253 0 0 0 0 0 0 553 309848 17375
24.493375 0.17454 -0.0999453 6.00054 68278 1.0000007 281657 103239 6 2 512670.09 9.38524 22.1003 24.493375 92 1058684 232613 41774 254 0 0 0 0 0 0 553 309846 17197
24.5 0.17454 -0.0992515 6.00055 68279 1.0000007 281783 103308 5 2 514250.1 9.38524 22.1003 24.5 86 1059552 233235 41900 255 0 0 0 0 0 0 553 309964 17250
24.506625 0.17454 -0.0985576 6.00056 68281 1.0000007 281773 103339 5 2 512371.97 9.38524 22.1003 24.506625 90 1059421 233465 41946 256 0 0 0 0 0 0 553 309950 17187
24.513375 0.17454 -0.0978507 6.00058 68282 1.0000007 281789 103356 5 2 519675.81 9.38524 22.1003 24.513375 88 1056190 233006 42217 257 0 0 0 0 0 0 553 309988 17432
24.52 0.17454 -0.0971569 6.00059 68284 1.0000007 282005 103517 6 2 510941.01 9.38524 22.1003 24.52 88 1056567 232862 41753 258 0 0 0 0 0 0 553 310208 17139
24.526625 0.17454 -0.096463 6.0006 68285 1.0000007 281947 103450 5 2 511716.11 9.38524 22.1003 24.526625 95 1057296 232550 41512 259 0 0 0 0 0 0 553 310141 17165
24.533375 0.17454 -0.0957561 6.00061 68287 1.0000007 282135 103621 5 2 510702.52 9.38524 22.1003 24.533375 90 1058145 232777 41694 260 0 0 0 0 0 0 553 310336 17131
24.54 0.17454 -0.0950622 6.00062 68288 1.0000007 282081 103531 5 2 514607.84 9.38524 22.1003 24.54 93 1055678 232116 41893 261 0 0 0 0 0 0 553 310270 17262
24.546625 0.17454 -0.0943684 6.00063 68289 1.0000007 282058 103583 5 2 514518.4 9.38524 22.1003 24.546625 85 1056382 231862 41902 262 0 0 0 0 0 0 553 310226 17259
24.553375 0.17454 -0.0936615 6.00064 68291 1.0000007 282243 103680 6 2 514667.46 9.38524 22.1003 24.553375 87 1055095 231755 41617 263 0 0 0 0 0 0 553 310415 17264
24.56 0.17454 -0.0929676 6.00065 68292 1.0000007 282271 103727 6 2 508824.39 9.38524 22.1003 24.56 87 1055488 231758 41502 264 0 0 0 0 0 0 553 310440 17068
24.566625 0.17454 -0.0922738 6.00066 68294 1.0000007 282337 103804 5 2 512938.39 9.38524 22.1003 24.566625 97 1054964 231229 41556 265 0 0 0 0 0 0 553 310520 17206
24.573375 0.17454 -0.0915669 6.00068 68295 1.0000007 282372 103817 5 2 511924.8 9.38524 22.1003 24.573375 93 1055019 232160 42029 266 0 0 0 0 0 0 553 310524 17172
24.58 0.17454 -0.090873 6.00069 68297 1.0000007 282368 103912 5 2 512461.4 9.38524 22.1003 24.58 88 1053292 230830 41606 267 0 0 0 0 0 0 553 310526 17190
24.586625 0.17454 -0.0901792 6.0007 68298 1.0000007 282607 104004 5 2 511388.19 9.38524 22.1003 24.586625 89 1054821 230947 41556 268 0 0 0 0 0 0 553 310772 17154
24.593375 0.17454 -0.0894722 6.00071 68300 1.0000007 282714 104124 5 2 508884.01 9.38524 22.1003 24.593375 91 1053087 230662 41538 269 0 0 0 0 0 0 553 310883 17070
24.6 0.17454 -0.0887784 6.00072 68301 1.0000007 282830 104173 6 2 509510.06 9.38524 22.1003 24.6 93 1053648 230617 41132 270 0 0 0 0 0 0 553 310992 17091
24.606625 0.17454 -0.0880845 6.00073 68303 1.0000007 282774 104151 4 2 509987.04 9.38524 22.1003 24.606625 89 1052487 230452 41469 271 0 0 0 0 0 0 553 310913 17107
24.613375 0.17454 -0.0873776 6.00074 68304 1.0000007 282865 104262 6 2 503160.18 9.38524 22.1003 24.613375 88 1054341 230946 41298 272 0 0 0 0 0 0 553 311009 16878
24.62 0.17454 -0.0866837 6.00075 68306 1.0000007 283015 104307 4 2 516515.78 9.38524 22.1003 24.62 87 1053976 230359 41698 273 0 0 0 0 0 0 553 311160 17326
24.626625 0.17454 -0.0859899 6.00076 68307 1.0000007 283063 104448 5 2 513504.81 9.38524 22.1003 24.626625 87 1054843 231150 41821 274 0 0 0 0 0 0 553 311207 17225
24.633375 0.17454 -0.0852829 6.00077 68309 1.0000007 283055 104415 5 2 513266.32 9.38524 22.1003 24.633375 96 1053277 229833 41557 275 0 0 0 0 0 0 553 311190 17217
24.64 0.17454 -0.0845891 6.00078 68310 1.0000007 283316 104614 6 2 511775.74 9.38524 22.1003 24.64 91 1054400 230306 41711 276 0 0 0 0 0 0 553 311464 17167
24.646625 0.17454 -0.0838952 6.00079 68312 1.0000007 283226 104524 6 2 505515.3 9.38524 22.1003 24.646625 90 1053679 229753 41284 277 0 0 0 0 0 0 553 311349 16957
24.653375 0.17454 -0.0831882 6.0008 68313 1.0000007 283433 104708 5 2 506976.07 9.38524 22.1003 24.653375 90 1053525 230702 41409 278 0 0 0 0 0 0 553 311575 17006
24.66 0.17454 -0.0824944 6.00081 68315 1.0000007 283386 104700 6 2 499880.91 9.38524 22.1003 24.66 91 1051516 229281 40970 279 0 0 0 0 0 0 553 311521 16768
24.666625 0.17454 -0.0818005 6.00082 68316 1.0000007 283475 104750 5 2 512968.2 9.38524 22.1003 24.666625 92 1053317 230366 41470 280 0 0 0 0 0 0 553 311576 17207
24.673375 0.17454 -0.0810936 6.00083 68317 1.0000007 283375 104706 6 2 511835.36 9.38524 22.1003 24.673375 92 1052318 230251 41549 281 0 0 0 0 0 0 553 311507 17169
24.68 0.17454 -0.0803997 6.00084 68319 1.0000007 283670 104854 6 2 508824.39 9.38524 22.1003 24.68 94 1053285 230400 41430 282 0 0 0 0 0 0 553 311813 17068
24.686625 0.17454 -0.0797058 6.00084 68320 1.0000007 283523 104800 5 2 501759.04 9.38524 22.1003 24.686625 90 1051025 229307 41037 283 0 0 0 0 0 0 553 311648 16831
24.693375 0.17454 -0.0789989 6.00085 68322 1.0000007 283674 104920 5 2 508854.2 9.38524 22.1003 24.693375 94 1052787 229897 41435 284 0 0 0 0 0 0 553 311811 17069
24.7 0.17454 -0.078305 6.00086 68323 1.0000007 283709 104945 5 2 504143.97 9.38524 22.1003 24.7 89 1051117 229474 41048 285 0 0 0 0 0 0 553 311839 16911
24.706625 0.17454 -0.0776111 6.00087 68325 1.0000007 283691 104919 6 2 502683.2 9.38524 22.1003 24.706625 94 1049410 228651 40884 286 0 0 0 0 0 0 553 311835 16862
24.713375 0.17454 -0.0769042 6.00088 68326 1.0000007 283803 104973 5 2 503875.66 9.38524 22.1003 24.713375 88 1051394 228720 40997 287 0 0 0 0 0 0 553 311919 16902
24.72 0.17454 -0.0762103 6.00089 68328 1.0000007 283668 104976 6 2 507959.85 9.38524 22.1003 24.72 94 1048159 228721 41315 288 0 0 0 0 0 0 553 311767 17039
24.726625 0.17454 -0.0755164 6.0009 68329 1.0000007 283633 104961 5 2 505097.94 9.38524 22.1003 24.726625 88 1049607 228246 40985 289 0 0 0 0 0 0 553 311754 16943
24.733375 0.17454 -0.0748095 6.00091 68331 1.0000007 283685 104936 5 2 513415.38 9.38524 22.1003 24.733375 91 1048765 229410 41359 290 0 0 0 0 0 0 553 311805 17222
24.74 0.17454 -0.0741156 6.00092 68332 1.0000007 283612 104933 6 2 503875.66 9.38524 22.1003 24.74 98 1048532 227989 40921 291 0 0 0 0 0 0 553 311739 16902
24.746625 0.17454 -0.0734217 6.00093 68334 1.0000007 283764 105020 5 2 495737.1 9.38524 22.1003 24.746625 90 1048264 227374 40724 292 0 0 0 0 0 0 553 311892 16629
24.753375 0.17454 -0.0727148 6.00093 68335 1.0000007 283622 104977 6 2 501133 9.38524 22.1003 24.753375 91 1048932 228137 40774 293 0 0 0 0 0 0 553 311740 16810
24.76 0.17454 -0.0720209 6.00094 68337 1.0000007 283768 105036 5 2 505634.55 9.38524 22.1003 24.76 91 1049344 227864 40934 294 0 0 0 0 0 0 553 311885 16961
24.766625 0.17454 -0.071327 6.00095 68338 1.0000007 283664 104970 5 2 505694.17 9.38524 22.1003 24.766625 91 1045072 228122 41016 295 0 0 0 0 0 0 553 311764 16963
24.773375 0.17454 -0.07062 6.00096 68339 1.0000007 283624 104964 5 2 507453.06 9.38524 22.1003 24.773375 87 1045853 228312 41218 296 0 0 0 0 0 0 553 311740 17022
24.78 0.17454 -0.0699261 6.00097 68341 1.0000007 283622 104979 6 2 499582.79 9.38524 22.1003 24.78 91 1046077 227307 40657 297 0 0 0 0 0 0 553 311767 16758
24.786625 0.17454 -0.0692323 6.00097 68342 1.0000007 283568 104909 5 2 506230.78 9.38524 22.1003 24.786625 93 1045840 227781 41074 298 0 0 0 0 0 0 553 311679 16981
24.793375 0.17454 -0.0685253 6.00098 68344 1.0000007 283582 104970 5 2 504919.07 9.38524 22.1003 24.793375 89 1045080 227385 40899 299 0 0 0 0 0 0 553 311686 16937
24.8 0.17454 -0.0678314 6.00099 68345 1.0000007 283565 104947 5 2 504114.16 9.38524 22.1003 24.8 93 1045862 227837 41050 300 0 0 0 0 0 0 553 311690 16910
