Eta  H  K  L  Epoch  Sec  ion1  Hubmon  scan_bar  Filters  Correct  Qmag  Energy  Graze  p_peak  p_total  p_del_s  p_nu_s  p_image  p_xcen  p_xsig  p_ycen  p_ysig  power  tempsp  gun_on  ion0  p_point
23 -0.194824 -0.257039 5.99621 32338 0.5000007 141910 52334 5 2 256022.02 9.3867431 22.1003 23 85 516971 113999 20703 0 0 0 0 0 0 0 553 155399 8588
23.006625 -0.194824 -0.256346 5.99624 32339 0.5000007 142024 52388 5 2 254650.69 9.3867431 22.1003 23.006625 80 516959 114312 20765 1 0 0 0 0 0 0 553 155527 8542
23.013375 -0.194824 -0.255639 5.99627 32340 0.5000007 142001 52420 5 2 259003.18 9.3867431 22.1003 23.013375 80 518218 115014 20927 2 0 0 0 0 0 0 553 155515 8688
23.02 -0.194824 -0.254946 5.99629 32341 0.5000007 141905 52345 4 2 257065.43 9.3867431 22.1003 23.02 89 518176 114262 20774 3 0 0 0 0 0 0 553 155392 8623
23.026625 -0.194824 -0.254253 5.99632 32342 0.5000007 141941 52315 4 2 258764.69 9.3867431 22.1003 23.026625 87 518976 114595 20940 4 0 0 0 0 0 0 553 155440 8680
23.033375 -0.194824 -0.253546 5.99635 32343 0.5000007 142008 52378 5 2 252563.88 9.3867431 22.1003 23.033375 93 518521 114735 20663 5 0 0 0 0 0 0 553 155516 8472
23.04 -0.194824 -0.252853 5.99638 32344 0.5000007 141862 52294 4 2 259241.67 9.3867431 22.1003 23.04 80 519289 114355 20777 6 0 0 0 0 0 0 553 155348 8696
23.046625 -0.194824 -0.252159 5.99641 32345 0.5000007 141938 52358 4 2 257214.48 9.3867431 22.1003 23.046625 76 518245 114848 20861 7 0 0 0 0 0 0 553 155458 8628
23.053375 -0.194824 -0.251453 5.99644 32346 0.5000007 141938 52313 4 2 255723.9 9.3867431 22.1003 23.053375 71 519322 115164 20770 8 0 0 0 0 0 0 553 155449 8578
23.06 -0.194824 -0.25076 5.99647 32347 0.5000007 141998 52390 5 2 255694.09 9.3867431 22.1003 23.06 82 520545 114922 20820 9 0 0 0 0 0 0 553 155514 8577
23.066625 -0.194824 -0.250066 5.9965 32348 0.5000007 141902 52323 4 2 255187.3 9.3867431 22.1003 23.066625 73 520248 115767 21029 10 0 0 0 0 0 0 553 155388 8560
23.073375 -0.194824 -0.24936 5.99653 32349 0.5000007 141968 52384 4 2 259599.41 9.3867431 22.1003 23.073375 80 521099 115502 21073 11 0 0 0 0 0 0 553 155466 8708
23.08 -0.194824 -0.248666 5.99656 32350 0.5000007 141942 52367 4 2 256618.25 9.3867431 22.1003 23.08 76 520007 115854 20759 12 0 0 0 0 0 0 553 155453 8608
23.086625 -0.194824 -0.247973 5.99659 32351 0.5000007 141980 52343 4 2 259241.67 9.3867431 22.1003 23.086625 81 520960 115651 20921 13 0 0 0 0 0 0 553 155482 8696
23.093375 -0.194824 -0.247267 5.99662 32352 0.5000007 141850 52339 5 2 256439.38 9.3867431 22.1003 23.093375 80 521010 115932 21008 14 0 0 0 0 0 0 553 155359 8602
23.1 -0.194824 -0.246573 5.99664 32353 0.5000007 141873 52356 4 2 257810.72 9.3867431 22.1003 23.1 86 519953 115660 21035 15 0 0 0 0 0 0 553 155376 8648
23.106625 -0.194824 -0.24588 5.99667 32354 0.5000007 141869 52304 5 2 256290.33 9.3867431 22.1003 23.106625 66 522592 115548 20965 16 0 0 0 0 0 0 553 155364 8597
23.113375 -0.194824 -0.245173 5.9967 32355 0.5000007 141868 52301 5 2 263027.75 9.3867431 22.1003 23.113375 92 522221 116464 21317 17 0 0 0 0 0 0 553 155382 8823
23.12 -0.194824 -0.24448 5.99673 32356 0.5000007 141870 52342 5 2 257333.73 9.3867431 22.1003 23.12 83 520790 116292 20960 18 0 0 0 0 0 0 553 155377 8632
23.126625 -0.194824 -0.243787 5.99676 32357 0.5000007 141764 52228 4 2 257333.73 9.3867431 22.1003 23.126625 96 521241 116044 20950 19 0 0 0 0 0 0 553 155268 8632
23.133375 -0.194824 -0.24308 5.99679 32358 0.5000007 141856 52317 4 2 254799.75 9.3867431 22.1003 23.133375 84 522944 116131 21023 20 0 0 0 0 0 0 553 155350 8547
23.14 -0.194824 -0.242387 5.99682 32359 0.5000007 141823 52309 4 2 260970.75 9.3867431 22.1003 23.14 87 522332 116526 21114 21 0 0 0 0 0 0 553 155329 8754
23.146625 -0.194824 -0.241693 5.99684 32360 0.5000007 141842 52334 5 2 255813.34 9.3867431 22.1003 23.146625 78 524062 116717 20981 22 0 0 0 0 0 0 553 155347 8581
23.153375 -0.194824 -0.240987 5.99687 32361 0.5000007 141897 52335 4 2 259003.18 9.3867431 22.1003 23.153375 86 522352 116825 21270 23 0 0 0 0 0 0 553 155392 8688
23.16 -0.194824 -0.240293 5.9969 32362 0.5000007 141829 52263 5 2 262729.63 9.3867431 22.1003 23.16 86 523083 117243 21407 24 0 0 0 0 0 0 553 155329 8813
23.166625 -0.194824 -0.2396 5.99693 32363 0.5000007 141776 52277 4 2 260613.01 9.3867431 22.1003 23.166625 85 523545 117512 21259 25 0 0 0 0 0 0 553 155268 8742
23.173375 -0.194824 -0.238894 5.99696 32364 0.5000007 141744 52252 5 2 262431.51 9.3867431 22.1003 23.173375 75 523342 117007 21469 26 0 0 0 0 0 0 553 155214 8803
23.18 -0.194824 -0.2382 5.99698 32365 0.5000007 141824 52279 4 2 263922.09 9.3867431 22.1003 23.18 86 525138 117590 21344 27 0 0 0 0 0 0 553 155340 8853
23.186625 -0.194824 -0.237507 5.99701 32366 0.5000007 141771 52255 4 2 259867.72 9.3867431 22.1003 23.186625 83 524004 117835 21367 28 0 0 0 0 0 0 553 155262 8717
23.193375 -0.194824 -0.2368 5.99704 32367 0.5000007 141827 52278 5 2 267171.56 9.3867431 22.1003 23.193375 82 524927 117816 21716 29 0 0 0 0 0 0 553 155324 8962
23.2 -0.194824 -0.236107 5.99707 32368 0.5000007 141772 52281 5 2 269854.6 9.3867431 22.1003 23.2 88 525596 118301 21722 30 0 0 0 0 0 0 553 155275 9052
23.206625 -0.194824 -0.235413 5.99709 32369 0.5000007 141755 52209 4 2 262729.63 9.3867431 22.1003 23.206625 94 524475 117820 21560 31 0 0 0 0 0 0 553 155264 8813
23.213375 -0.194824 -0.234707 5.99712 32370 0.5000007 141813 52270 4 2 263683.6 9.3867431 22.1003 23.213375 82 525734 118335 21609 32 0 0 0 0 0 0 553 155326 8845
23.22 -0.194824 -0.234013 5.99715 32371 0.5000007 141708 52192 5 2 265889.66 9.3867431 22.1003 23.22 91 524888 118079 21417 33 0 0 0 0 0 0 553 155190 8919
23.226625 -0.194824 -0.23332 5.99718 32372 0.5000007 141790 52298 5 2 268214.97 9.3867431 22.1003 23.226625 79 526434 119047 21686 34 0 0 0 0 0 0 553 155289 8997
23.233375 -0.194824 -0.232613 5.9972 32373 0.5000007 141721 52230 3 2 265710.79 9.3867431 22.1003 23.233375 88 528348 119716 21730 35 0 0 0 0 0 0 553 155213 8913
23.24 -0.194824 -0.23192 5.99723 32374 0.5000007 141708 52226 5 2 261447.73 9.3867431 22.1003 23.24 84 526168 118420 21435 36 0 0 0 0 0 0 553 155204 8770
23.246625 -0.194824 -0.231227 5.99726 32375 0.5000007 141750 52280 5 2 267529.3 9.3867431 22.1003 23.246625 93 526590 119750 21767 37 0 0 0 0 0 0 553 155182 8974
23.253375 -0.194824 -0.23052 5.99728 32376 0.5000007 141708 52264 4 2 266456.08 9.3867431 22.1003 23.253375 84 527500 119090 21696 38 0 0 0 0 0 0 553 155207 8938
23.26 -0.194824 -0.229827 5.99731 32377 0.5000007 141734 52255 5 2 265203.99 9.3867431 22.1003 23.26 87 527815 119782 21795 39 0 0 0 0 0 0 553 155238 8896
23.266625 -0.194824 -0.229133 5.99734 32378 0.5000007 141694 52236 6 2 270927.82 9.3867431 22.1003 23.266625 74 528455 120505 21901 40 0 0 0 0 0 0 553 155225 9088
23.273375 -0.194824 -0.228427 5.99736 32379 0.5000007 141697 52226 4 2 274207.1 9.3867431 22.1003 23.273375 77 529547 120571 21915 41 0 0 0 0 0 0 553 155198 9198
23.28 -0.194824 -0.227733 5.99739 32379 0.5000007 141791 52295 4 2 271583.68 9.3867431 22.1003 23.28 82 530034 120311 22012 42 0 0 0 0 0 0 553 155289 9110
23.286625 -0.194824 -0.22704 5.99742 32380 0.5000007 141721 52258 6 2 269079.5 9.3867431 22.1003 23.286625 82 530248 120902 22101 43 0 0 0 0 0 0 553 155219 9026
23.293375 -0.194824 -0.226333 5.99744 32382 0.5000007 141722 52277 5 2 266396.46 9.3867431 22.1003 23.293375 78 530036 120522 21936 44 0 0 0 0 0 0 553 155235 8936
23.3 -0.194824 -0.22564 5.99747 32382 0.5000007 141712 52246 4 2 269258.37 9.3867431 22.1003 23.3 78 531430 121220 21859 45 0 0 0 0 0 0 553 155212 9032
23.306625 -0.194824 -0.224946 5.9975 32383 0.5000007 141717 52259 4 2 273104.07 9.3867431 22.1003 23.306625 88 531089 122039 22132 46 0 0 0 0 0 0 553 155203 9161
23.313375 -0.194824 -0.22424 5.99752 32384 0.5000007 141703 52229 4 2 274415.78 9.3867431 22.1003 23.313375 98 531331 122044 22127 47 0 0 0 0 0 0 553 155191 9205
23.32 -0.194824 -0.223546 5.99755 32385 0.5000007 141780 52273 4 2 269407.43 9.3867431 22.1003 23.32 80 532601 122300 22128 48 0 0 0 0 0 0 553 155280 9037
23.326625 -0.194824 -0.222853 5.99757 32386 0.5000007 141611 52174 4 2 269347.81 9.3867431 22.1003 23.326625 89 532361 121815 22013 49 0 0 0 0 0 0 553 155126 9035
23.333375 -0.194824 -0.222146 5.9976 32387 0.5000007 141695 52210 4 2 274743.71 9.3867431 22.1003 23.333375 74 534645 123085 22057 50 0 0 0 0 0 0 553 155208 9216
23.34 -0.194824 -0.221452 5.99763 32388 0.5000007 141691 52250 4 2 266605.14 9.3867431 22.1003 23.34 88 535005 123468 22237 51 0 0 0 0 0 0 553 155214 8943
23.346625 -0.194824 -0.220759 5.99765 32389 0.5000007 141657 52217 3 2 277158.45 9.3867431 22.1003 23.346625 90 536277 123812 22434 52 0 0 0 0 0 0 553 155175 9297
23.353375 -0.194824 -0.220052 5.99768 32390 0.5000007 141695 52248 4 2 275310.13 9.3867431 22.1003 23.353375 87 533762 124096 22301 53 0 0 0 0 0 0 553 155195 9235
23.36 -0.194824 -0.219359 5.9977 32391 0.5000007 141690 52258 4 2 272656.89 9.3867431 22.1003 23.36 69 536537 123984 21996 54 0 0 0 0 0 0 553 155196 9146
23.366625 -0.194824 -0.218665 5.99773 32392 0.5000007 141630 52196 3 2 274028.23 9.3867431 22.1003 23.366625 80 535414 124056 22136 55 0 0 0 0 0 0 553 155130 9192
23.373375 -0.194824 -0.217959 5.99775 32393 0.5000007 141716 52267 4 2 275041.82 9.3867431 22.1003 23.373375 86 538291 125157 22700 56 0 0 0 0 0 0 553 155216 9226
23.38 -0.194824 -0.217265 5.99778 32394 0.5000007 141693 52257 5 2 272239.53 9.3867431 22.1003 23.38 68 538319 125085 22352 57 0 0 0 0 0 0 553 155190 9132
23.386625 -0.194824 -0.216572 5.9978 32395 0.5000007 141731 52256 5 2 276353.53 9.3867431 22.1003 23.386625 74 538119 125239 22504 58 0 0 0 0 0 0 553 155242 9270
23.393375 -0.194824 -0.215865 5.99783 32396 0.5000007 141683 52211 5 2 276919.95 9.3867431 22.1003 23.393375 80 539146 126360 22520 59 0 0 0 0 0 0 553 155198 9289
23.4 -0.194824 -0.215172 5.99785 32397 0.5000007 141623 52164 4 2 281510.94 9.3867431 22.1003 23.4 104 541397 127062 22794 60 0 0 0 0 0 0 553 155124 9443
23.406625 -0.194824 -0.214478 5.99788 32398 0.5000007 141720 52236 5 2 276115.04 9.3867431 22.1003 23.406625 86 540899 127274 22549 61 0 0 0 0 0 0 553 155226 9262
23.413375 -0.194824 -0.213772 5.9979 32399 0.5000007 141621 52215 5 2 273581.05 9.3867431 22.1003 23.413375 67 542666 128079 22639 62 0 0 0 0 0 0 553 155130 9177
23.42 -0.194824 -0.213078 5.99793 32400 0.5000007 141650 52242 4 2 276562.21 9.3867431 22.1003 23.42 77 541337 128073 22673 63 0 0 0 0 0 0 553 155151 9277
23.426625 -0.194824 -0.212384 5.99795 32401 0.5000007 141573 52156 4 2 282554.34 9.3867431 22.1003 23.426625 74 543469 129252 23001 64 0 0 0 0 0 0 553 155082 9478
23.433375 -0.194824 -0.211678 5.99798 32402 0.5000007 141580 52151 4 2 279752.05 9.3867431 22.1003 23.433375 100 544497 129091 22906 65 0 0 0 0 0 0 553 155077 9384
23.44 -0.194824 -0.210984 5.998 32403 0.5000007 141689 52226 4 2 284283.42 9.3867431 22.1003 23.44 69 546280 130207 22952 66 0 0 0 0 0 0 553 155190 9536
23.446625 -0.194824 -0.210291 5.99803 32404 0.5000007 141530 52120 4 2 280884.9 9.3867431 22.1003 23.446625 76 547615 130407 22800 67 0 0 0 0 0 0 553 155029 9422
23.453375 -0.194824 -0.209584 5.99805 32405 0.5000007 141565 52178 4 2 279513.56 9.3867431 22.1003 23.453375 92 548651 130905 22994 68 0 0 0 0 0 0 553 155052 9376
23.46 -0.194824 -0.208891 5.99808 32406 0.5000007 141580 52146 4 2 285714.37 9.3867431 22.1003 23.46 76 551436 132663 23264 69 0 0 0 0 0 0 553 155099 9584
23.466625 -0.194824 -0.208197 5.9981 32407 0.5000007 141587 52184 4 2 284044.92 9.3867431 22.1003 23.466625 85 552127 132512 23016 70 0 0 0 0 0 0 553 155097 9528
23.473375 -0.194824 -0.20749 5.99812 32408 0.5000007 141611 52177 4 2 278947.14 9.3867431 22.1003 23.473375 111 555064 133587 23118 71 0 0 0 0 0 0 553 155117 9357
23.48 -0.194824 -0.206797 5.99815 32409 0.5000007 141635 52226 5 2 292183.49 9.3867431 22.1003 23.48 188 558982 135296 23558 72 0 0 0 0 0 0 553 155139 9801
23.486625 -0.194824 -0.206103 5.99817 32410 0.5000007 141522 52183 6 2 291855.56 9.3867431 22.1003 23.486625 338 560936 136056 23531 73 0 0 0 0 0 0 553 155028 9790
23.493375 -0.194824 -0.205397 5.9982 32411 0.5000007 141485 52100 3 2 291050.65 9.3867431 22.1003 23.493375 556 567116 137192 23353 74 0 0 0 0 0 0 553 155005 9763
23.5 -0.194824 -0.204703 5.99822 32412 0.5000007 141508 52123 4 2 289232.14 9.3867431 22.1003 23.5 875 576078 137975 23661 75 0 0 0 0 0 0 553 155006 9702
23.506625 -0.194824 -0.20401 5.99824 32413 0.5000007 141480 52150 4 2 286698.16 9.3867431 22.1003 23.506625 1202 584173 139888 23547 76 0 0 0 0 0 0 553 155001 9617
23.513375 -0.194824 -0.203303 5.99827 32414 0.5000007 141396 52085 4 2 290931.4 9.3867431 22.1003 23.513375 1925 594376 141214 23758 77 0 0 0 0 0 0 553 154882 9759
23.52 -0.194824 -0.202609 5.99829 32415 0.5000007 141516 52129 4 2 293137.46 9.3867431 22.1003 23.52 2590 609001 143253 23847 78 0 0 0 0 0 0 553 155040 9833
23.526625 -0.194824 -0.201916 5.99831 32416 0.5000007 141532 52126 5 2 292660.48 9.3867431 22.1003 23.526625 3625 628023 145925 23898 79 0 0 0 0 0 0 553 155029 9817
23.533375 -0.194824 -0.201209 5.99834 32417 0.5000007 141465 52078 4 2 301276.03 9.3867431 22.1003 23.533375 4438 645509 147891 24248 80 0 0 0 0 0 0 553 154968 10106
23.54 -0.194824 -0.200516 5.99836 32418 0.5000007 141522 52139 3 2 291199.71 9.3867431 22.1003 23.54 3773 646510 152209 24147 81 0 0 0 0 0 0 553 155028 9768
23.546625 -0.194824 -0.199822 5.99838 32419 0.5000007 141485 52130 5 2 295790.7 9.3867431 22.1003 23.546625 2480 642320 156652 24679 82 0 0 0 0 0 0 553 154998 9922
23.553375 -0.194824 -0.199115 5.99841 32420 0.5000007 141446 52122 5 2 302140.57 9.3867431 22.1003 23.553375 1432 634405 163771 24850 83 0 0 0 0 0 0 553 154965 10135
23.56 -0.194824 -0.198422 5.99843 32421 0.5000007 141398 52047 5 2 293316.33 9.3867431 22.1003 23.56 963 631580 174141 24558 84 0 0 0 0 0 0 553 154912 9839
23.566625 -0.194824 -0.197728 5.99845 32422 0.5000007 141332 51993 5 2 298801.67 9.3867431 22.1003 23.566625 1749 642881 195574 25057 85 0 0 0 0 0 0 553 154836 10023
23.573375 -0.194824 -0.197021 5.99848 32423 0.5000007 141451 52059 4 2 303899.45 9.3867431 22.1003 23.573375 7150 688725 246874 25360 86 0 0 0 0 0 0 553 154983 10194
23.58 -0.194824 -0.196328 5.9985 32424 0.5000007 141268 51947 4 2 309504.03 9.3867431 22.1003 23.58 25333 791411 356383 25596 87 0 0 0 0 0 0 553 154777 10382
23.586625 -0.194824 -0.195634 5.99852 32425 0.5000007 141308 52006 4 2 310696.5 9.3867431 22.1003 23.586625 37921 936959 504253 25764 88 0 0 0 0 0 0 553 154831 10422
23.593375 -0.194824 -0.194928 5.99855 32426 0.5000007 141350 52011 4 2 315913.53 9.3867431 22.1003 23.593375 33675 1077033 646300 26258 89 0 0 0 0 0 0 553 154868 10597
23.6 -0.194824 -0.194234 5.99857 32427 0.5000007 141423 52074 4 2 316807.87 9.3867431 22.1003 23.6 47082 1214765 785561 26833 90 0 0 0 0 0 0 553 154923 10627
23.606625 -0.194824 -0.19354 5.99859 32428 0.5000007 141233 51953 4 2 321279.61 9.3867431 22.1003 23.606625 41924 1373178 946362 26961 91 0 0 0 0 0 0 553 154747 10777
23.613375 -0.194824 -0.192834 5.99861 32429 0.5000007 141326 51951 4 2 327838.17 9.3867431 22.1003 23.613375 54342 1561900 1135473 27778 92 0 0 0 0 0 0 553 154822 10997
23.62 -0.194824 -0.19214 5.99864 32430 0.5000007 141418 52015 5 2 329895.17 9.3867431 22.1003 23.62 57172 1660082 1233403 28807 93 0 0 0 0 0 0 553 154945 11066
23.626625 -0.194824 -0.191446 5.99866 32430 0.5000007 141389 52065 5 2 332250.28 9.3867431 22.1003 23.626625 50147 1640772 1216502 29706 94 0 0 0 0 0 0 553 154880 11145
23.633375 -0.194824 -0.19074 5.99868 32431 0.5000007 141336 52012 5 2 337675.99 9.3867431 22.1003 23.633375 43316 1598860 1174616 30996 95 0 0 0 0 0 0 553 154839 11327
23.64 -0.194824 -0.190046 5.9987 32432 0.5000007 141314 51992 5 2 341998.68 9.3867431 22.1003 23.64 45757 1539736 1115201 32221 96 0 0 0 0 0 0 553 154805 11472
23.646625 -0.194824 -0.189352 5.99872 32433 0.5000007 141260 51951 4 2 351508.58 9.3867431 22.1003 23.646625 50874 1443290 1019848 33559 97 0 0 0 0 0 0 553 154762 11791
23.653375 -0.194824 -0.188646 5.99875 32434 0.5000007 141219 51923 4 2 358454.68 9.3867431 22.1003 23.653375 44380 1302596 880414 35233 98 0 0 0 0 0 0 553 154749 12024
23.66 -0.194824 -0.187952 5.99877 32435 0.5000007 138947 51040 4 2 362449.43 9.3867431 22.1003 23.66 26580 1142417 726592 36550 99 0 0 0 0 0 0 553 152354 12158
23.666625 -0.194824 -0.187259 5.99879 32436 0.5000007 141874 52170 6 2 385642.86 9.3867431 22.1003 23.666625 15324 1046937 621649 39219 100 0 0 0 0 0 0 553 155361 12936
23.673375 -0.194824 -0.186552 5.99881 32437 0.5000007 141829 52123 5 2 409462.33 9.3867431 22.1003 23.673375 9484 937242 511718 40884 101 0 0 0 0 0 0 553 155342 13735
23.68 -0.194824 -0.185858 5.99883 32438 0.5000007 141804 52151 4 2 432775 9.3867431 22.1003 23.68 5637 843250 418526 42403 102 0 0 0 0 0 0 553 155304 14517
23.686625 -0.194824 -0.185165 5.99886 32439 0.5000007 141824 52164 5 2 470009.69 9.3867431 22.1003 23.686625 3353 773476 346659 43780 103 0 0 0 0 0 0 553 155317 15766
23.693375 -0.194824 -0.184458 5.99888 32440 0.5000007 141799 52153 5 2 497317.11 9.3867431 22.1003 23.693375 1895 724692 298050 44360 104 0 0 0 0 0 0 553 155309 16682
23.7 -0.194824 -0.183764 5.9989 32441 0.5000007 141792 52083 5 2 538427.31 9.3867431 22.1003 23.7 1178 691090 265195 45502 105 0 0 0 0 0 0 553 155284 18061
23.706625 -0.194824 -0.183071 5.99892 32442 0.5000007 141789 52093 4 2 563230.56 9.3867431 22.1003 23.706625 738 667817 241148 45966 106 0 0 0 0 0 0 553 155294 18893
23.713375 -0.194824 -0.182364 5.99894 32443 0.5000007 141804 52171 5 2 589822.51 9.3867431 22.1003 23.713375 487 652166 224723 46194 107 0 0 0 0 0 0 553 155294 19785
23.72 -0.194824 -0.18167 5.99896 32444 0.5000007 141757 52092 5 2 605264.91 9.3867431 22.1003 23.72 387 639288 212460 45820 108 0 0 0 0 0 0 553 155248 20303
23.726625 -0.194824 -0.180976 5.99898 32445 0.5000007 141707 52068 4 2 619067.69 9.3867431 22.1003 23.726625 324 632820 205646 45779 109 0 0 0 0 0 0 553 155206 20766
23.733375 -0.194824 -0.18027 5.999 32446 0.5000007 141690 52058 5 2 629620.99 9.3867431 22.1003 23.733375 275 629352 201239 45804 110 0 0 0 0 0 0 553 155221 21120
23.74 -0.194824 -0.179576 5.99902 32447 0.5000007 141704 52058 4 2 628488.15 9.3867431 22.1003 23.74 232 623923 195586 45061 111 0 0 0 0 0 0 553 155191 21082
23.746625 -0.194824 -0.178882 5.99905 32448 0.5000007 141654 52020 5 2 633079.14 9.3867431 22.1003 23.746625 214 622529 193719 45492 112 0 0 0 0 0 0 553 155176 21236
23.753375 -0.194824 -0.178176 5.99907 32449 0.5000007 141557 51968 4 2 619514.86 9.3867431 22.1003 23.753375 189 619191 190578 44862 113 0 0 0 0 0 0 553 155058 20781
23.76 -0.194824 -0.177482 5.99909 32450 0.5000007 141619 52024 4 2 611316.67 9.3867431 22.1003 23.76 181 621257 190154 45551 114 0 0 0 0 0 0 553 155119 20506
23.766625 -0.194824 -0.176788 5.99911 32451 0.5000007 141481 51912 5 2 594979.91 9.3867431 22.1003 23.766625 176 619896 188847 45286 115 0 0 0 0 0 0 553 155004 19958
23.773375 -0.194824 -0.176082 5.99913 32452 0.5000007 141600 51993 4 2 576735.21 9.3867431 22.1003 23.773375 160 621091 190058 46271 116 0 0 0 0 0 0 553 155104 19346
23.78 -0.194824 -0.175388 5.99915 32453 0.5000007 141524 51958 4 2 562902.63 9.3867431 22.1003 23.78 221 623332 191970 47417 117 0 0 0 0 0 0 553 155033 18882
23.786625 -0.194824 -0.174694 5.99917 32454 0.5000007 141451 51883 5 2 542123.95 9.3867431 22.1003 23.786625 337 626170 193554 48607 118 0 0 0 0 0 0 553 154972 18185
23.793375 -0.194824 -0.173988 5.99919 32455 0.5000007 141530 51888 4 2 534432.55 9.3867431 22.1003 23.793375 429 629833 196138 50017 119 0 0 0 0 0 0 553 155063 17927
23.8 -0.194824 -0.173294 5.99921 32456 0.5000007 141401 51842 4 2 508079.1 9.3867431 22.1003 23.8 441 630317 197016 49527 120 0 0 0 0 0 0 553 154934 17043
23.806625 -0.194824 -0.1726 5.99923 32457 0.5000007 141324 51774 5 2 491742.34 9.3867431 22.1003 23.806625 420 628620 195139 47415 121 0 0 0 0 0 0 553 154850 16495
23.813375 -0.194824 -0.171893 5.99925 32458 0.5000007 141377 51829 4 2 475763.32 9.3867431 22.1003 23.813375 298 629616 194094 45331 122 0 0 0 0 0 0 553 154915 15959
23.82 -0.194824 -0.1712 5.99927 32459 0.5000007 141295 51701 4 2 453613.31 9.3867431 22.1003 23.82 336 628319 191871 43095 123 0 0 0 0 0 0 553 154801 15216
23.826625 -0.194824 -0.170506 5.99929 32460 0.5000007 141366 51756 5 2 440526.01 9.3867431 22.1003 23.826625 331 629646 192001 41812 124 0 0 0 0 0 0 553 154890 14777
23.833375 -0.194824 -0.169799 5.99931 32461 0.5000007 141304 51768 4 2 426842.49 9.3867431 22.1003 23.833375 209 631001 190149 39654 125 0 0 0 0 0 0 553 154816 14318
23.84 -0.194824 -0.169106 5.99933 32462 0.5000007 141235 51667 5 2 421237.91 9.3867431 22.1003 23.84 195 631148 191093 38541 126 0 0 0 0 0 0 553 154768 14130
23.846625 -0.194824 -0.168412 5.99935 32463 0.5000007 141201 51669 6 2 412801.23 9.3867431 22.1003 23.846625 192 634451 191058 36970 127 0 0 0 0 0 0 553 154731 13847
23.853375 -0.194824 -0.167705 5.99937 32464 0.5000007 141206 51656 5 2 401472.82 9.3867431 22.1003 23.853375 183 639247 192364 35832 128 0 0 0 0 0 0 553 154750 13467
23.86 -0.194824 -0.167011 5.99939 32465 0.5000007 141289 51710 5 2 403172.08 9.3867431 22.1003 23.86 239 642412 193367 34844 129 0 0 0 0 0 0 553 154819 13524
23.866625 -0.194824 -0.166318 5.99941 32466 0.5000007 141070 51573 4 2 392887.08 9.3867431 22.1003 23.866625 302 646931 195482 34306 130 0 0 0 0 0 0 553 154615 13179
23.873375 -0.194824 -0.165611 5.99943 32467 0.5000007 141046 51564 6 2 398700.34 9.3867431 22.1003 23.873375 444 655901 198510 34130 131 0 0 0 0 0 0 553 154573 13374
23.88 -0.194824 -0.164917 5.99945 32468 0.5000007 141011 51516 4 2 399564.87 9.3867431 22.1003 23.88 633 666946 201944 33991 132 0 0 0 0 0 0 553 154529 13403
23.886625 -0.194824 -0.164223 5.99946 32469 0.5000007 140995 51541 4 2 390084.79 9.3867431 22.1003 23.886625 924 678639 204486 33701 133 0 0 0 0 0 0 553 154518 13085
23.893375 -0.194824 -0.163517 5.99948 32470 0.5000007 140904 51483 4 2 401115.08 9.3867431 22.1003 23.893375 1739 697567 208375 33660 134 0 0 0 0 0 0 553 154438 13455
23.9 -0.194824 -0.162823 5.9995 32471 0.5000007 140978 51557 5 2 407494.76 9.3867431 22.1003 23.9 3358 727548 212764 34158 135 0 0 0 0 0 0 553 154505 13669
23.906625 -0.194824 -0.162129 5.99952 32472 0.5000007 140911 51436 4 2 412741.6 9.3867431 22.1003 23.906625 6497 778763 216187 34237 136 0 0 0 0 0 0 553 154424 13845
23.913375 -0.194824 -0.161422 5.99954 32473 0.5000007 140929 51432 5 2 422370.75 9.3867431 22.1003 23.913375 26921 913780 220623 34746 137 0 0 0 0 0 0 553 154467 14168
23.92 -0.194824 -0.160729 5.99956 32473 0.5000007 140894 51465 5 2 433341.42 9.3867431 22.1003 23.92 98322 1236289 224048 35318 138 0 0 0 0 0 0 553 154421 14536
23.926625 -0.194824 -0.160035 5.99958 32474 0.5000007 140901 51449 4 2 455849.18 9.3867431 22.1003 23.926625 104259 1562981 228977 36284 139 0 0 0 0 0 0 553 154451 15291
23.933375 -0.194824 -0.159328 5.9996 32475 0.5000007 140920 51416 4 2 468489.29 9.3867431 22.1003 23.933375 125023 1790102 234801 36872 140 0 0 0 0 0 0 553 154457 15715
23.94 -0.194824 -0.158635 5.99962 32476 0.5000007 140796 51382 5 2 485213.6 9.3867431 22.1003 23.94 166749 2042180 239339 37805 141 0 0 0 0 0 0 553 154321 16276
23.946625 -0.194824 -0.157941 5.99963 32477 0.5000007 140803 51405 4 2 492368.39 9.3867431 22.1003 23.946625 97599 2366316 246089 38303 142 0 0 0 0 0 0 553 154341 16516
23.953375 -0.194824 -0.157234 5.99965 32478 0.5000007 140765 51336 4 2 516158.04 9.3867431 22.1003 23.953375 173848 3109713 254395 39195 143 0 0 0 0 0 0 553 154290 17314
23.96 -0.194824 -0.15654 5.99967 32479 0.5000007 140729 51359 4 2 537682.02 9.3867431 22.1003 23.96 160274 3585118 263458 40515 144 0 0 0 0 0 0 553 154269 18036
23.966625 -0.194824 -0.155846 5.99969 32480 0.5000007 140775 51315 5 2 550948.18 9.3867431 22.1003 23.966625 123217 3375318 271625 41315 145 0 0 0 0 0 0 553 154313 18481
23.973375 -0.194824 -0.15514 5.99971 32481 0.5000007 140700 51312 4 2 558371.27 9.3867431 22.1003 23.973375 147541 2989239 281614 41913 146 0 0 0 0 0 0 553 154231 18730
23.98 -0.194824 -0.154446 5.99972 32482 0.5000007 140652 51252 5 2 571279.69 9.3867431 22.1003 23.98 153942 2552103 294107 42747 147 0 0 0 0 0 0 553 154184 19163
23.986625 -0.194824 -0.153752 5.99974 32483 0.5000007 140798 51338 5 2 565138.5 9.3867431 22.1003 23.986625 89916 2072368 308818 43111 148 0 0 0 0 0 0 553 154340 18957
23.993375 -0.194824 -0.153045 5.99976 32484 0.5000007 140688 51274 5 2 549755.72 9.3867431 22.1003 23.993375 48423 1692414 329416 43027 149 0 0 0 0 0 0 553 154222 18441
24 -0.194824 -0.152352 5.99978 32485 0.5000007 140743 51302 4 2 539172.6 9.3867431 22.1003 24 23703 1477047 358665 42826 150 0 0 0 0 0 0 553 154270 18086
24.006625 -0.194824 -0.151658 5.9998 32486 0.5000007 140653 51264 5 2 515025.2 9.3867431 22.1003 24.006625 11323 1338292 406348 42027 151 0 0 0 0 0 0 553 154186 17276
24.013375 -0.194824 -0.150951 5.99981 32487 0.5000007 140702 51286 4 2 492278.95 9.3867431 22.1003 24.013375 8574 1249016 479073 41139 152 0 0 0 0 0 0 553 154266 16513
24.02 -0.194824 -0.150257 5.99983 32488 0.5000007 140708 51319 5 2 473259.15 9.3867431 22.1003 24.02 7974 1242502 591708 40112 153 0 0 0 0 0 0 553 154235 15875
24.026625 -0.194824 -0.149564 5.99985 32489 0.5000007 140696 51281 4 2 454209.54 9.3867431 22.1003 24.026625 13080 1368142 782781 39269 154 0 0 0 0 0 0 553 154223 15236
24.033375 -0.194824 -0.148857 5.99987 32490 0.5000007 140694 51253 5 2 441718.48 9.3867431 22.1003 24.033375 42896 1754132 1210519 38846 155 0 0 0 0 0 0 553 154206 14817
24.04 -0.194824 -0.148163 5.99988 32491 0.5000007 140698 51284 4 2 436292.77 9.3867431 22.1003 24.04 143403 2937268 2416452 39059 156 0 0 0 0 0 0 553 154242 14635
24.046625 -0.194824 -0.147469 5.9999 32492 0.5000007 140723 51334 5 2 445802.67 9.3867431 22.1003 24.046625 307238 5486339 4979675 41267 157 0 0 0 0 0 0 553 154256 14954
24.053375 -0.194824 -0.146762 5.99992 32493 0.5000007 140744 51321 5 2 487360.04 9.3867431 22.1003 24.053375 539664 9479850 8979943 46415 158 0 0 0 0 0 0 553 154288 16348
24.06 -0.194824 -0.146069 5.99993 32494 0.5000007 140682 51310 5 2 430270.82 9.3867431 22.1003 24.06 307430 7225356 6739582 39933 159 0 0 0 0 0 0 553 154207 14433
24.066625 -0.194824 -0.145375 5.99995 32495 0.5000007 140758 51361 5 2 405050.21 9.3867431 22.1003 24.066625 281049 5048016 4573301 36858 160 0 0 0 0 0 0 553 154282 13587
24.073375 -0.194824 -0.144668 5.99997 32496 0.5000007 140664 51317 5 2 405109.83 9.3867431 22.1003 24.073375 254173 4703830 4236363 37019 161 0 0 0 0 0 0 553 154205 13589
24.08 -0.194824 -0.143974 5.99998 32497 0.5000007 140716 51301 5 2 390442.53 9.3867431 22.1003 24.08 36999 1386766 929946 34869 162 0 0 0 0 0 0 553 154251 13097
24.086625 -0.194824 -0.14328 6 32498 0.5000007 140726 51331 4 2 385195.68 9.3867431 22.1003 24.086625 4592 877561 422853 34520 163 0 0 0 0 0 0 553 154258 12921
24.093375 -0.194824 -0.142574 6.00002 32499 0.5000007 140675 51282 4 2 385046.63 9.3867431 22.1003 24.093375 1535 773470 321342 34299 164 0 0 0 0 0 0 553 154226 12916
24.1 -0.194824 -0.14188 6.00003 32500 0.5000007 140660 51245 6 2 384778.32 9.3867431 22.1003 24.1 1618 732487 283763 34408 165 0 0 0 0 0 0 553 154186 12907
24.106625 -0.194824 -0.141186 6.00005 32501 0.5000007 140723 51330 5 2 382840.57 9.3867431 22.1003 24.106625 1412 707005 259578 33898 166 0 0 0 0 0 0 553 154253 12842
24.113375 -0.194824 -0.140479 6.00007 32502 0.5000007 140756 51359 5 2 371005.36 9.3867431 22.1003 24.113375 1310 688029 242275 33261 167 0 0 0 0 0 0 553 154289 12445
24.12 -0.194824 -0.139785 6.00008 32503 0.5000007 140737 51331 4 2 379561.29 9.3867431 22.1003 24.12 1273 674482 229809 32891 168 0 0 0 0 0 0 553 154271 12732
24.126625 -0.194824 -0.139092 6.0001 32504 0.5000007 140643 51299 4 2 367457.78 9.3867431 22.1003 24.126625 1166 661485 217632 32078 169 0 0 0 0 0 0 553 154168 12326
24.133375 -0.194824 -0.138385 6.00012 32505 0.5000007 140781 51419 5 2 373211.42 9.3867431 22.1003 24.133375 990 649629 209460 31926 170 0 0 0 0 0 0 553 154328 12519
24.14 -0.194824 -0.137691 6.00013 32506 0.5000007 140796 51386 4 2 370409.13 9.3867431 22.1003 24.14 900 640935 201110 31386 171 0 0 0 0 0 0 553 154317 12425
24.146625 -0.194824 -0.136997 6.00015 32507 0.5000007 140859 51442 4 2 365758.52 9.3867431 22.1003 24.146625 641 631693 193595 30683 172 0 0 0 0 0 0 553 154380 12269
24.153375 -0.194824 -0.13629 6.00016 32508 0.5000007 140906 51504 4 2 356248.62 9.3867431 22.1003 24.153375 383 625001 189283 30394 173 0 0 0 0 0 0 553 154430 11950
24.16 -0.194824 -0.135597 6.00018 32509 0.5000007 140871 51461 5 2 356189 9.3867431 22.1003 24.16 173 616571 183059 29830 174 0 0 0 0 0 0 553 154387 11948
24.166625 -0.194824 -0.134903 6.0002 32510 0.5000007 140835 51414 5 2 350167.05 9.3867431 22.1003 24.166625 156 610339 178637 29415 175 0 0 0 0 0 0 553 154379 11746
24.173375 -0.194824 -0.134196 6.00021 32511 0.5000007 140922 51514 4 2 343638.31 9.3867431 22.1003 24.173375 126 606682 174221 29034 176 0 0 0 0 0 0 553 154433 11527
24.18 -0.194824 -0.133502 6.00023 32512 0.5000007 140914 51458 5 2 344800.97 9.3867431 22.1003 24.18 133 602772 170713 28943 177 0 0 0 0 0 0 553 154440 11566
24.186625 -0.194824 -0.132808 6.00024 32513 0.5000007 140865 51464 5 2 339256.01 9.3867431 22.1003 24.186625 111 597603 168133 28539 178 0 0 0 0 0 0 553 154414 11380
24.193375 -0.194824 -0.132101 6.00026 32514 0.5000007 141064 51617 4 2 339106.95 9.3867431 22.1003 24.193375 126 595705 164906 28676 179 0 0 0 0 0 0 553 154607 11375
24.2 -0.194824 -0.131408 6.00027 32515 0.5000007 140956 51549 4 2 338003.92 9.3867431 22.1003 24.2 141 591762 162883 28715 180 0 0 0 0 0 0 553 154456 11338
24.206625 -0.194824 -0.130714 6.00029 32516 0.5000007 141009 51578 4 2 332429.15 9.3867431 22.1003 24.206625 155 589607 160101 28169 181 0 0 0 0 0 0 553 154549 11151
24.213375 -0.194824 -0.130007 6.0003 32517 0.5000007 141001 51568 5 2 332369.53 9.3867431 22.1003 24.213375 130 587236 158575 27802 182 0 0 0 0 0 0 553 154533 11149
24.22 -0.194824 -0.129313 6.00032 32518 0.5000007 141055 51606 4 2 327867.98 9.3867431 22.1003 24.22 94 582498 155157 27486 183 0 0 0 0 0 0 553 154580 10998
24.226625 -0.194824 -0.128619 6.00033 32519 0.5000007 141092 51644 5 2 320206.4 9.3867431 22.1003 24.226625 85 581083 153323 26763 184 0 0 0 0 0 0 553 154617 10741
24.233375 -0.194824 -0.127912 6.00035 32520 0.5000007 141107 51657 4 2 320027.53 9.3867431 22.1003 24.233375 100 578665 152020 26749 185 0 0 0 0 0 0 553 154634 10735
24.24 -0.194824 -0.127219 6.00036 32521 0.5000007 141037 51613 4 2 322412.45 9.3867431 22.1003 24.24 81 576591 149504 26658 186 0 0 0 0 0 0 553 154543 10815
24.246625 -0.194824 -0.126525 6.00038 32522 0.5000007 141101 51703 4 2 317165.61 9.3867431 22.1003 24.246625 73 575142 148224 26274 187 0 0 0 0 0 0 553 154620 10639
24.253375 -0.194824 -0.125818 6.00039 32523 0.5000007 141113 51657 5 2 314422.95 9.3867431 22.1003 24.253375 83 573241 146741 25977 188 0 0 0 0 0 0 553 154633 10547
24.26 -0.194824 -0.125124 6.00041 32524 0.5000007 141168 51731 4 2 310607.06 9.3867431 22.1003 24.26 79 572286 145483 25906 189 0 0 0 0 0 0 553 154681 10419
24.266625 -0.194824 -0.12443 6.00042 32525 0.5000007 141215 51736 4 2 313230.48 9.3867431 22.1003 24.266625 84 570432 143915 25833 190 0 0 0 0 0 0 553 154716 10507
24.273375 -0.194824 -0.123723 6.00044 32526 0.5000007 141046 51640 4 2 307476.84 9.3867431 22.1003 24.273375 89 567523 142667 25575 191 0 0 0 0 0 0 553 154583 10314
24.28 -0.194824 -0.123029 6.00045 32527 0.5000007 141138 51764 4 2 305330.41 9.3867431 22.1003 24.28 79 566956 141555 25269 192 0 0 0 0 0 0 553 154651 10242
24.286625 -0.194824 -0.122336 6.00047 32527 0.5000007 141358 51856 4 2 300202.81 9.3867431 22.1003 24.286625 91 567144 140597 25143 193 0 0 0 0 0 0 553 154884 10070
24.293375 -0.194824 -0.121629 6.00048 32528 0.5000007 141248 51833 5 2 307685.52 9.3867431 22.1003 24.293375 81 566350 139969 25150 194 0 0 0 0 0 0 553 154784 10321
24.3 -0.194824 -0.120935 6.00049 32529 0.5000007 141270 51804 5 2 299338.28 9.3867431 22.1003 24.3 90 563810 138954 24875 195 0 0 0 0 0 0 553 154795 10041
24.306625 -0.194824 -0.120241 6.00051 32530 0.5000007 141365 51864 4 2 293763.51 9.3867431 22.1003 24.306625 89 563349 138577 24796 196 0 0 0 0 0 0 553 154880 9854
24.313375 -0.194824 -0.119534 6.00052 32531 0.5000007 141267 51813 5 2 295403.14 9.3867431 22.1003 24.313375 118 562098 138444 24652 197 0 0 0 0 0 0 553 154775 9909
24.32 -0.194824 -0.11884 6.00054 32532 0.5000007 141380 51900 4 2 293882.75 9.3867431 22.1003 24.32 132 561720 137618 24456 198 0 0 0 0 0 0 553 154884 9858
24.326625 -0.194824 -0.118147 6.00055 32533 0.5000007 141307 51890 5 2 296029.19 9.3867431 22.1003 24.326625 178 559279 136974 24479 199 0 0 0 0 0 0 553 154836 9930
24.333375 -0.194824 -0.11744 6.00056 32534 0.5000007 141356 51917 4 2 288665.72 9.3867431 22.1003 24.333375 88 558788 135486 23985 200 0 0 0 0 0 0 553 154877 9683
24.34 -0.194824 -0.116746 6.00058 32535 0.5000007 141458 51929 5 2 293077.84 9.3867431 22.1003 24.34 86 560027 135958 24044 201 0 0 0 0 0 0 553 154982 9831
24.346625 -0.194824 -0.116052 6.00059 32536 0.5000007 141420 51988 5 2 291885.38 9.3867431 22.1003 24.346625 159 558186 135511 23960 202 0 0 0 0 0 0 553 154944 9791
24.353375 -0.194824 -0.115345 6.0006 32537 0.5000007 141394 51926 5 2 282703.4 9.3867431 22.1003 24.353375 263 558707 136431 23442 203 0 0 0 0 0 0 553 154909 9483
24.36 -0.194824 -0.114651 6.00062 32538 0.5000007 141512 52032 4 2 283866.06 9.3867431 22.1003 24.36 396 559316 137366 23391 204 0 0 0 0 0 0 553 155039 9522
24.366625 -0.194824 -0.113957 6.00063 32539 0.5000007 141334 51901 5 2 286877.03 9.3867431 22.1003 24.366625 518 560260 138927 23454 205 0 0 0 0 0 0 553 154841 9623
24.373375 -0.194824 -0.11325 6.00064 32540 0.5000007 141534 52044 4 2 287264.58 9.3867431 22.1003 24.373375 516 560870 139419 23221 206 0 0 0 0 0 0 553 155035 9636
24.38 -0.194824 -0.112557 6.00066 32541 0.5000007 141453 52016 5 2 282703.4 9.3867431 22.1003 24.38 497 560806 140009 23114 207 0 0 0 0 0 0 553 154961 9483
24.386625 -0.194824 -0.111863 6.00067 32542 0.5000007 141480 52042 5 2 279662.62 9.3867431 22.1003 24.386625 440 559359 139179 23055 208 0 0 0 0 0 0 553 154983 9381
24.393375 -0.194824 -0.111156 6.00068 32543 0.5000007 141508 52081 5 2 283895.87 9.3867431 22.1003 24.393375 362 557115 137529 22930 209 0 0 0 0 0 0 553 155033 9523
24.4 -0.194824 -0.110462 6.0007 32544 0.5000007 141561 52090 5 2 278529.78 9.3867431 22.1003 24.4 269 556315 136787 22784 210 0 0 0 0 0 0 553 155079 9343
24.406625 -0.194824 -0.109768 6.00071 32545 0.5000007 141403 51986 5 2 274117.66 9.3867431 22.1003 24.406625 209 554462 135992 22498 211 0 0 0 0 0 0 553 154921 9195
24.413375 -0.194824 -0.109061 6.00072 32546 0.5000007 141533 52088 5 2 280020.36 9.3867431 22.1003 24.413375 329 553731 134809 22557 212 0 0 0 0 0 0 553 155055 9393
24.42 -0.194824 -0.108367 6.00073 32547 0.5000007 141488 52028 4 2 279453.94 9.3867431 22.1003 24.42 455 554576 135717 22707 213 0 0 0 0 0 0 553 154991 9374
24.426625 -0.194824 -0.107673 6.00075 32548 0.5000007 141562 52092 5 2 282941.9 9.3867431 22.1003 24.426625 629 556539 137383 22879 214 0 0 0 0 0 0 553 155063 9491
24.433375 -0.194824 -0.106966 6.00076 32549 0.5000007 141544 52091 4 2 277307.5 9.3867431 22.1003 24.433375 749 556896 139330 22597 215 0 0 0 0 0 0 553 155075 9302
24.44 -0.194824 -0.106273 6.00077 32550 0.5000007 141464 52070 3 2 273938.79 9.3867431 22.1003 24.44 965 557726 140107 22345 216 0 0 0 0 0 0 553 154959 9189
24.446625 -0.194824 -0.105579 6.00078 32551 0.5000007 141687 52190 4 2 280378.1 9.3867431 22.1003 24.446625 1202 559930 142693 22534 217 0 0 0 0 0 0 553 155215 9405
24.453375 -0.194824 -0.104872 6.0008 32552 0.5000007 141568 52115 4 2 270510.46 9.3867431 22.1003 24.453375 1224 561422 143927 22221 218 0 0 0 0 0 0 553 155074 9074
24.46 -0.194824 -0.104178 6.00081 32553 0.5000007 141632 52161 4 2 276085.23 9.3867431 22.1003 24.46 1118 561311 144043 22145 219 0 0 0 0 0 0 553 155139 9261
24.466625 -0.194824 -0.103484 6.00082 32554 0.5000007 141589 52181 4 2 269854.6 9.3867431 22.1003 24.466625 1288 560983 144634 22164 220 0 0 0 0 0 0 553 155089 9052
24.473375 -0.194824 -0.102777 6.00083 32555 0.5000007 141575 52121 4 2 272150.1 9.3867431 22.1003 24.473375 1120 558794 143097 22307 221 0 0 0 0 0 0 553 155065 9129
24.48 -0.194824 -0.102083 6.00084 32556 0.5000007 142307 52521 4 2 274177.29 9.3867431 22.1003 24.48 956 558841 141020 22254 222 0 0 0 0 0 0 553 155814 9197
24.486625 -0.194824 -0.101389 6.00086 32557 0.5000007 142300 52488 4 2 271047.07 9.3867431 22.1003 24.486625 733 555924 137638 22203 223 0 0 0 0 0 0 553 155788 9092
24.493375 -0.194824 -0.100682 6.00087 32558 0.5000007 142371 52546 4 2 268423.65 9.3867431 22.1003 24.493375 536 551830 134047 21963 224 0 0 0 0 0 0 553 155874 9004
24.5 -0.194824 -0.0999886 6.00088 32559 0.5000007 142271 52511 5 2 271851.98 9.3867431 22.1003 24.5 430 547358 130605 22008 225 0 0 0 0 0 0 553 155774 9119
24.506625 -0.194824 -0.0992947 6.00089 32560 0.5000007 142277 52537 5 2 264846.25 9.3867431 22.1003 24.506625 294 545413 128496 21678 226 0 0 0 0 0 0 553 155769 8884
24.513375 -0.194824 -0.0985877 6.0009 32561 0.5000007 142467 52565 5 2 271285.56 9.3867431 22.1003 24.513375 176 544251 126834 21924 227 0 0 0 0 0 0 553 155954 9100
24.52 -0.194824 -0.0978938 6.00091 32562 0.5000007 142358 52541 4 2 268304.4 9.3867431 22.1003 24.52 115 540842 124256 21818 228 0 0 0 0 0 0 553 155853 9000
24.526625 -0.194824 -0.0972 6.00092 32563 0.5000007 142386 52591 4 2 270242.15 9.3867431 22.1003 24.526625 86 538566 123562 21914 229 0 0 0 0 0 0 553 155886 9065
24.533375 -0.194824 -0.096493 6.00094 32564 0.5000007 142285 52517 4 2 270480.65 9.3867431 22.1003 24.533375 90 536401 122436 21852 230 0 0 0 0 0 0 553 155758 9073
24.54 -0.194824 -0.0957991 6.00095 32565 0.5000007 142412 52613 5 2 265621.36 9.3867431 22.1003 24.54 84 537556 121292 21694 231 0 0 0 0 0 0 553 155901 8910
24.546625 -0.194824 -0.0951052 6.00096 32566 0.5000007 142388 52561 5 2 270391.21 9.3867431 22.1003 24.546625 81 537276 121573 21845 232 0 0 0 0 0 0 553 155889 9070
24.553375 -0.194824 -0.0943983 6.00097 32567 0.5000007 142495 52613 4 2 262193.02 9.3867431 22.1003 24.553375 79 535245 120074 21403 233 0 0 0 0 0 0 553 155980 8795
24.56 -0.194824 -0.0937044 6.00098 32568 0.5000007 142501 52661 4 2 266336.83 9.3867431 22.1003 24.56 74 536066 120511 21577 234 0 0 0 0 0 0 553 155997 8934
24.566625 -0.194824 -0.0930105 6.00099 32569 0.5000007 142457 52632 5 2 264876.07 9.3867431 22.1003 24.566625 84 533621 120503 21568 235 0 0 0 0 0 0 553 155935 8885
24.573375 -0.194824 -0.0923035 6.001 32570 0.5000007 142471 52655 4 2 265203.99 9.3867431 22.1003 24.573375 87 533112 119474 21469 236 0 0 0 0 0 0 553 155941 8896
24.58 -0.194824 -0.0916097 6.00101 32571 0.5000007 142463 52667 4 2 265919.47 9.3867431 22.1003 24.58 95 532908 119763 21559 237 0 0 0 0 0 0 553 155952 8920
24.586625 -0.194824 -0.0909158 6.00102 32572 0.5000007 142350 52578 4 2 261089.99 9.3867431 22.1003 24.586625 93 532514 118939 21241 238 0 0 0 0 0 0 553 155837 8758
24.593375 -0.194824 -0.0902088 6.00103 32573 0.5000007 142431 52648 5 2 265472.3 9.3867431 22.1003 24.593375 65 532070 119007 21429 239 0 0 0 0 0 0 553 155926 8905
24.6 -0.194824 -0.0895149 6.00104 32573 0.5000007 142476 52683 5 2 258764.69 9.3867431 22.1003 24.6 76 530119 118035 21077 240 0 0 0 0 0 0 553 155959 8680
24.606625 -0.194824 -0.088821 6.00105 32574 0.5000007 142577 52738 4 2 256171.08 9.3867431 22.1003 24.606625 82 532338 118693 20973 241 0 0 0 0 0 0 553 156074 8593
24.613375 -0.194824 -0.088114 6.00107 32576 0.5000007 142484 52682 5 2 259837.91 9.3867431 22.1003 24.613375 79 530547 118228 21063 242 0 0 0 0 0 0 553 155981 8716
24.62 -0.194824 -0.0874201 6.00108 32577 0.5000007 142539 52733 5 2 260940.93 9.3867431 22.1003 24.62 79 529808 117733 21161 243 0 0 0 0 0 0 553 156028 8753
24.626625 -0.194824 -0.0867262 6.00109 32578 0.5000007 142476 52671 5 2 258734.88 9.3867431 22.1003 24.626625 82 528393 117391 21143 244 0 0 0 0 0 0 553 155978 8679
24.633375 -0.194824 -0.0860193 6.0011 32579 0.5000007 142470 52693 4 2 262133.4 9.3867431 22.1003 24.633375 88 528200 117389 21198 245 0 0 0 0 0 0 553 155951 8793
24.64 -0.194824 -0.0853254 6.00111 32579 0.5000007 142444 52683 3 2 258168.46 9.3867431 22.1003 24.64 73 528290 116814 21199 246 0 0 0 0 0 0 553 155945 8660
24.646625 -0.194824 -0.0846315 6.00112 32580 0.5000007 142459 52679 4 2 261596.79 9.3867431 22.1003 24.646625 79 528068 116985 21257 247 0 0 0 0 0 0 553 155959 8775
24.653375 -0.194824 -0.0839245 6.00113 32581 0.5000007 142446 52649 4 2 259688.85 9.3867431 22.1003 24.653375 79 528455 116955 21069 248 0 0 0 0 0 0 553 155940 8711
24.66 -0.194824 -0.0832306 6.00113 32582 0.5000007 142451 52673 4 2 256588.44 9.3867431 22.1003 24.66 105 527105 116542 20965 249 0 0 0 0 0 0 553 155943 8607
24.666625 -0.194824 -0.0825367 6.00114 32583 0.5000007 142555 52733 4 2 255634.47 9.3867431 22.1003 24.666625 90 526751 116703 21079 250 0 0 0 0 0 0 553 156060 8575
24.673375 -0.194824 -0.0818297 6.00115 32584 0.5000007 142439 52672 5 2 264607.76 9.3867431 22.1003 24.673375 86 526504 116343 21186 251 0 0 0 0 0 0 553 155926 8876
24.68 -0.194824 -0.0811358 6.00116 32585 0.5000007 142460 52649 4 2 255872.96 9.3867431 22.1003 24.68 83 526586 116692 20851 252 0 0 0 0 0 0 553 155947 8583
24.686625 -0.194824 -0.0804419 6.00117 32586 0.5000007 142491 52687 5 2 258436.76 9.3867431 22.1003 24.686625 96 526150 116573 20831 253 0 0 0 0 0 0 553 155977 8669
24.693375 -0.194824 -0.0797349 6.00118 32587 0.5000007 142506 52714 4 2 255545.04 9.3867431 22.1003 24.693375 83 525994 116423 20900 254 0 0 0 0 0 0 553 155998 8572
24.7 -0.194824 -0.079041 6.00119 32588 0.5000007 142453 52724 5 2 259927.34 9.3867431 22.1003 24.7 82 525397 115871 20897 255 0 0 0 0 0 0 553 155942 8719
24.706625 -0.194824 -0.0783471 6.0012 32589 0.5000007 142523 52686 4 2 258436.76 9.3867431 22.1003 24.706625 87 526506 116562 21089 256 0 0 0 0 0 0 553 156008 8669
24.713375 -0.194824 -0.0776401 6.00121 32590 0.5000007 142333 52606 4 2 257989.59 9.3867431 22.1003 24.713375 88 524355 115117 20807 257 0 0 0 0 0 0 553 155835 8654
24.72 -0.194824 -0.0769462 6.00122 32591 0.5000007 142402 52619 4 2 256737.5 9.3867431 22.1003 24.72 79 522834 115447 20848 258 0 0 0 0 0 0 553 155885 8612
24.726625 -0.194824 -0.0762522 6.00123 32592 0.5000007 142422 52686 3 2 256111.46 9.3867431 22.1003 24.726625 82 522883 115251 20962 259 0 0 0 0 0 0 553 155902 8591
24.733375 -0.194824 -0.0755452 6.00124 32593 0.5000007 142411 52662 4 2 256141.27 9.3867431 22.1003 24.733375 87 523114 115312 20681 260 0 0 0 0 0 0 553 155916 8592
24.74 -0.194824 -0.0748513 6.00125 32594 0.5000007 142373 52647 4 2 261417.92 9.3867431 22.1003 24.74 79 522891 115674 20943 261 0 0 0 0 0 0 553 155864 8769
24.746625 -0.194824 -0.0741574 6.00125 32595 0.5000007 142412 52674 4 2 256737.5 9.3867431 22.1003 24.746625 75 523057 115497 20627 262 0 0 0 0 0 0 553 155875 8612
24.753375 -0.194824 -0.0734504 6.00126 32596 0.5000007 142297 52589 6 2 250119.32 9.3867431 22.1003 24.753375 92 521318 114456 20654 263 0 0 0 0 0 0 553 155793 8390
24.76 -0.194824 -0.0727565 6.00127 32597 0.5000007 142188 52532 5 2 254769.93 9.3867431 22.1003 24.76 79 520536 114562 20621 264 0 0 0 0 0 0 553 155677 8546
24.766625 -0.194824 -0.0720626 6.00128 32598 0.5000007 142258 52616 4 2 255574.85 9.3867431 22.1003 24.766625 90 522659 114364 20781 265 0 0 0 0 0 0 553 155768 8573
24.773375 -0.194824 -0.0713556 6.00129 32599 0.5000007 142185 52555 4 2 257423.17 9.3867431 22.1003 24.773375 69 520808 114432 20697 266 0 0 0 0 0 0 553 155689 8635
24.78 -0.194824 -0.0706617 6.0013 32600 0.5000007 142109 52556 5 2 254531.44 9.3867431 22.1003 24.78 84 519069 113861 20466 267 0 0 0 0 0 0 553 155604 8538
24.786625 -0.194824 -0.0699677 6.0013 32601 0.5000007 142085 52489 5 2 247108.35 9.3867431 22.1003 24.786625 80 519695 114227 20250 268 0 0 0 0 0 0 553 155579 8289
24.793375 -0.194824 -0.0692607 6.00131 32602 0.5000007 142125 52533 6 2 253577.47 9.3867431 22.1003 24.793375 77 520083 113718 20534 269 0 0 0 0 0 0 553 155628 8506
24.8 -0.194824 -0.0685668 6.00132 32603 0.5000007 141979 52388 4 2 251937.83 9.3867431 22.1003 24.8 83 519415 113347 20400 270 0 0 0 0 0 0 553 155476 8451
24.806625 -0.194824 -0.0678729 6.00133 32604 0.5000007 141975 52486 5 2 249374.03 9.3867431 22.1003 24.806625 82 518981 113932 20434 271 0 0 0 0 0 0 553 155479 8365
24.813375 -0.194824 -0.0671659 6.00134 32605 0.5000007 141948 52456 4 2 250178.95 9.3867431 22.1003 24.813375 72 518234 113863 20739 272 0 0 0 0 0 0 553 155463 8392
24.82 -0.194824 -0.0664719 6.00134 32606 0.5000007 141820 52401 4 2 254143.89 9.3867431 22.1003 24.82 76 516677 113080 20488 273 0 0 0 0 0 0 553 155323 8525
24.826625 -0.194824 -0.065778 6.00135 32607 0.5000007 141924 52422 4 2 249314.41 9.3867431 22.1003 24.826625 85 516553 113249 20354 274 0 0 0 0 0 0 553 155429 8363
24.833375 -0.194824 -0.065071 6.00136 32608 0.5000007 141927 52448 4 2 252861.99 9.3867431 22.1003 24.833375 86 515582 112973 20486 275 0 0 0 0 0 0 553 155437 8482
24.84 -0.194824 -0.0643771 6.00137 32609 0.5000007 141866 52379 5 2 251729.15 9.3867431 22.1003 24.84 83 515318 113410 20444 276 0 0 0 0 0 0 553 155354 8444
24.846625 -0.194824 -0.0636831 6.00137 32610 0.5000007 141856 52376 5 2 247585.34 9.3867431 22.1003 24.846625 94 516668 112506 20236 277 0 0 0 0 0 0 553 155355 8305
24.853375 -0.194824 -0.0629761 6.00138 32611 0.5000007 141872 52425 4 2 251103.11 9.3867431 22.1003 24.853375 105 516639 113027 20272 278 0 0 0 0 0 0 553 155377 8423
24.86 -0.194824 -0.0622822 6.00139 32612 0.5000007 141874 52417 4 2 249701.96 9.3867431 22.1003 24.86 81 515060 112476 20130 279 0 0 0 0 0 0 553 155365 8376
24.866625 -0.194824 -0.0615883 6.0014 32613 0.5000007 141888 52378 4 2 252116.7 9.3867431 22.1003 24.866625 75 517338 113018 20552 280 0 0 0 0 0 0 553 155393 8457
24.873375 -0.194824 -0.0608812 6.0014 32614 0.5000007 141927 52458 4 2 246720.8 9.3867431 22.1003 24.873375 97 515758 112447 20311 281 0 0 0 0 0 0 553 155427 8276
24.88 -0.194824 -0.0601873 6.00141 32615 0.5000007 141699 52308 4 2 244723.42 9.3867431 22.1003 24.88 98 514454 112825 20229 282 0 0 0 0 0 0 553 155226 8209
24.886625 -0.194824 -0.0594934 6.00142 32616 0.5000007 141749 52289 4 2 245647.58 9.3867431 22.1003 24.886625 80 513372 112330 20142 283 0 0 0 0 0 0 553 155244 8240
24.893375 -0.194824 -0.0587864 6.00142 32617 0.5000007 141824 52400 4 2 248390.25 9.3867431 22.1003 24.893375 81 515348 112798 20114 284 0 0 0 0 0 0 553 155312 8332
24.9 -0.194824 -0.0580924 6.00143 32618 0.5000007 141879 52403 4 2 248658.56 9.3867431 22.1003 24.9 86 514282 112425 20121 285 0 0 0 0 0 0 553 155381 8341
24.906625 -0.194824 -0.0573985 6.00144 32619 0.5000007 141877 52401 5 2 250626.12 9.3867431 22.1003 24.906625 82 514702 112160 20282 286 0 0 0 0 0 0 553 155376 8407
24.913375 -0.194824 -0.0566915 6.00144 32620 0.5000007 141860 52399 4 2 250268.38 9.3867431 22.1003 24.913375 75 515244 112696 20433 287 0 0 0 0 0 0 553 155370 8395
24.92 -0.194824 -0.0559975 6.00145 32621 0.5000007 141801 52369 5 2 249582.72 9.3867431 22.1003 24.92 83 512395 112514 20285 288 0 0 0 0 0 0 553 155298 8372
24.926625 -0.194824 -0.0553036 6.00146 32622 0.5000007 141905 52404 4 2 248062.32 9.3867431 22.1003 24.926625 84 514780 112327 20313 289 0 0 0 0 0 0 553 155414 8321
24.933375 -0.194824 -0.0545966 6.00146 32623 0.5000007 141848 52388 4 2 252444.63 9.3867431 22.1003 24.933375 74 513609 112017 20224 290 0 0 0 0 0 0 553 155369 8468
24.94 -0.194824 -0.0539026 6.00147 32624 0.5000007 141791 52343 5 2 246005.32 9.3867431 22.1003 24.94 74 512187 111397 19957 291 0 0 0 0 0 0 553 155292 8252
24.946625 -0.194824 -0.0532087 6.00148 32625 0.5000007 141798 52286 4 2 250208.76 9.3867431 22.1003 24.946625 95 512381 112241 20176 292 0 0 0 0 0 0 553 155310 8393
24.953375 -0.194824 -0.0525016 6.00148 32626 0.5000007 141819 52334 4 2 248092.14 9.3867431 22.1003 24.953375 80 513393 111830 20232 293 0 0 0 0 0 0 553 155324 8322
24.96 -0.194824 -0.0518077 6.00149 32627 0.5000007 141747 52280 5 2 245379.28 9.3867431 22.1003 24.96 86 511040 111652 20073 294 0 0 0 0 0 0 553 155240 8231
24.966625 -0.194824 -0.0511138 6.00149 32628 0.5000007 141683 52250 4 2 246512.12 9.3867431 22.1003 24.966625 94 511078 111361 20054 295 0 0 0 0 0 0 553 155179 8269
24.973375 -0.194824 -0.0504067 6.0015 32629 0.5000007 141743 52304 4 2 242100 9.3867431 22.1003 24.973375 80 510657 111263 19818 296 0 0 0 0 0 0 553 155231 8121
24.98 -0.194824 -0.0497128 6.00151 32630 0.5000007 141663 52251 4 2 243888.7 9.3867431 22.1003 24.98 102 510452 111362 19898 297 0 0 0 0 0 0 553 155163 8181
24.986625 -0.194824 -0.0490188 6.00151 32631 0.5000007 141732 52285 5 2 245468.71 9.3867431 22.1003 24.986625 75 511006 111242 20090 298 0 0 0 0 0 0 553 155223 8234
24.993375 -0.194824 -0.0483118 6.00152 32632 0.5000007 141750 52267 5 2 241742.26 9.3867431 22.1003 24.993375 85 509792 111153 19863 299 0 0 0 0 0 0 553 155254 8109
25 -0.194824 -0.0476179 6.00152 32633 0.5000007 141575 52170 4 2 246422.69 9.3867431 22.1003 25 72 509539 110601 19855 300 0 0 0 0 0 0 553 155064 8266
