Eta  H  K  L  Epoch  Sec  ion1  Hubmon  scan_bar  Filters  Correct  Qmag  Energy  Graze  p_peak  p_total  p_del_s  p_nu_s  p_image  p_xcen  p_xsig  p_ycen  p_ysig  power  tempsp  gun_on  ion0  p_point
22.4 0.194824 -0.319816 5.99318 21176 0.5000007 142382 52488 4 2 255157.48 9.3867431 22.1003 22.4 52 524068 114038 20703 0 0 0 0 0 0 0 553 156226 8559
22.406625 0.194824 -0.319123 5.99322 21177 0.5000007 142488 52520 4 2 252772.56 9.3867431 22.1003 22.406625 53 525627 114729 20755 1 0 0 0 0 0 0 553 156321 8479
22.413375 0.194824 -0.318417 5.99326 21178 0.5000007 142366 52444 4 2 252355.19 9.3867431 22.1003 22.413375 49 526868 114693 20561 2 0 0 0 0 0 0 553 156193 8465
22.42 0.194824 -0.317724 5.9933 21179 0.5000007 142351 52446 5 2 253637.09 9.3867431 22.1003 22.42 50 527292 115308 20610 3 0 0 0 0 0 0 553 156180 8508
22.426625 0.194824 -0.317031 5.99333 21180 0.5000007 142362 52455 3 2 254561.25 9.3867431 22.1003 22.426625 51 525341 114716 20605 4 0 0 0 0 0 0 553 156190 8539
22.433375 0.194824 -0.316325 5.99337 21181 0.5000007 142347 52413 4 2 257751.09 9.3867431 22.1003 22.433375 52 526363 115406 20825 5 0 0 0 0 0 0 553 156157 8646
22.44 0.194824 -0.315632 5.99341 21182 0.5000007 142341 52433 5 2 257303.92 9.3867431 22.1003 22.44 53 525199 114150 20909 6 0 0 0 0 0 0 553 156170 8631
22.446625 0.194824 -0.314939 5.99344 21183 0.5000007 142315 52410 5 2 255694.09 9.3867431 22.1003 22.446625 50 526392 114981 20767 7 0 0 0 0 0 0 553 156144 8577
22.453375 0.194824 -0.314233 5.99348 21184 0.5000007 142332 52473 4 2 252355.19 9.3867431 22.1003 22.453375 57 525556 115068 20488 8 0 0 0 0 0 0 553 156164 8465
22.46 0.194824 -0.31354 5.99352 21185 0.5000007 142305 52395 4 2 259182.05 9.3867431 22.1003 22.46 48 527163 115306 20721 9 0 0 0 0 0 0 553 156138 8694
22.466625 0.194824 -0.312847 5.99355 21186 0.5000007 142388 52464 5 2 254859.37 9.3867431 22.1003 22.466625 53 527508 115049 20757 10 0 0 0 0 0 0 553 156223 8549
22.473375 0.194824 -0.312141 5.99359 21187 0.5000007 142383 52471 4 2 252653.31 9.3867431 22.1003 22.473375 50 526812 115109 20722 11 0 0 0 0 0 0 553 156231 8475
22.48 0.194824 -0.311447 5.99363 21188 0.5000007 142422 52493 5 2 256290.33 9.3867431 22.1003 22.48 54 527702 115624 20841 12 0 0 0 0 0 0 553 156248 8597
22.486625 0.194824 -0.310754 5.99366 21189 0.5000007 142365 52480 5 2 254740.12 9.3867431 22.1003 22.486625 55 527249 115847 20737 13 0 0 0 0 0 0 553 156193 8545
22.493375 0.194824 -0.310048 5.9937 21190 0.5000007 142296 52469 5 2 255545.04 9.3867431 22.1003 22.493375 50 527938 114910 20553 14 0 0 0 0 0 0 553 156127 8572
22.5 0.194824 -0.309355 5.99373 21191 0.5000007 142361 52430 5 2 256975.99 9.3867431 22.1003 22.5 51 527615 115343 20933 15 0 0 0 0 0 0 553 156174 8620
22.506625 0.194824 -0.308662 5.99377 21192 0.5000007 142437 52467 5 2 253696.72 9.3867431 22.1003 22.506625 55 528096 115197 20701 16 0 0 0 0 0 0 553 156256 8510
22.513375 0.194824 -0.307956 5.99381 21193 0.5000007 142346 52443 4 2 259062.8 9.3867431 22.1003 22.513375 50 527376 115245 20937 17 0 0 0 0 0 0 553 156165 8690
22.52 0.194824 -0.307263 5.99384 21194 0.5000007 142368 52496 3 2 258138.64 9.3867431 22.1003 22.52 50 528736 115720 20877 18 0 0 0 0 0 0 553 156205 8659
22.526625 0.194824 -0.30657 5.99388 21195 0.5000007 142209 52375 4 2 258377.14 9.3867431 22.1003 22.526625 56 527972 115510 20832 19 0 0 0 0 0 0 553 156028 8667
22.533375 0.194824 -0.305864 5.99391 21196 0.5000007 142306 52445 5 2 252504.25 9.3867431 22.1003 22.533375 51 528801 115507 20691 20 0 0 0 0 0 0 553 156119 8470
22.54 0.194824 -0.305171 5.99395 21197 0.5000007 142339 52449 5 2 256886.56 9.3867431 22.1003 22.54 52 528870 115197 20785 21 0 0 0 0 0 0 553 156158 8617
22.546625 0.194824 -0.304478 5.99398 21198 0.5000007 142333 52397 5 2 254054.46 9.3867431 22.1003 22.546625 53 528635 116106 20904 22 0 0 0 0 0 0 553 156173 8522
22.553375 0.194824 -0.303772 5.99402 21199 0.5000007 142267 52415 4 2 259301.3 9.3867431 22.1003 22.553375 52 529147 115343 21035 23 0 0 0 0 0 0 553 156076 8698
22.56 0.194824 -0.303079 5.99405 21200 0.5000007 142314 52434 3 2 255127.67 9.3867431 22.1003 22.56 52 530422 116607 20768 24 0 0 0 0 0 0 553 156151 8558
22.566625 0.194824 -0.302385 5.99409 21201 0.5000007 142302 52419 4 2 259092.62 9.3867431 22.1003 22.566625 57 528689 115779 21223 25 0 0 0 0 0 0 553 156148 8691
22.573375 0.194824 -0.301679 5.99413 21202 0.5000007 142329 52447 4 2 260940.93 9.3867431 22.1003 22.573375 52 529818 115929 20862 26 0 0 0 0 0 0 553 156174 8753
22.58 0.194824 -0.300986 5.99416 21203 0.5000007 142425 52530 5 2 254561.25 9.3867431 22.1003 22.58 52 531248 115894 20878 27 0 0 0 0 0 0 553 156275 8539
22.586625 0.194824 -0.300293 5.99419 21204 0.5000007 142330 52446 4 2 257035.62 9.3867431 22.1003 22.586625 54 530212 115606 20912 28 0 0 0 0 0 0 553 156161 8622
22.593375 0.194824 -0.299587 5.99423 21205 0.5000007 142279 52450 5 2 258824.31 9.3867431 22.1003 22.593375 59 531605 116713 20826 29 0 0 0 0 0 0 553 156101 8682
22.6 0.194824 -0.298894 5.99426 21206 0.5000007 142258 52420 3 2 258883.93 9.3867431 22.1003 22.6 50 531505 116468 20991 30 0 0 0 0 0 0 553 156096 8684
22.606625 0.194824 -0.298201 5.9943 21207 0.5000007 142273 52430 4 2 257452.98 9.3867431 22.1003 22.606625 47 530787 116212 20889 31 0 0 0 0 0 0 553 156096 8636
22.613375 0.194824 -0.297495 5.99433 21208 0.5000007 142237 52378 3 2 262193.02 9.3867431 22.1003 22.613375 52 530479 116280 21135 32 0 0 0 0 0 0 553 156064 8795
22.62 0.194824 -0.296801 5.99437 21209 0.5000007 142269 52420 4 2 261566.98 9.3867431 22.1003 22.62 51 531688 116692 21243 33 0 0 0 0 0 0 553 156096 8774
22.626625 0.194824 -0.296108 5.9944 21210 0.5000007 142380 52469 4 2 257512.6 9.3867431 22.1003 22.626625 51 532378 116180 20990 34 0 0 0 0 0 0 553 156216 8638
22.633375 0.194824 -0.295402 5.99444 21211 0.5000007 142288 52437 5 2 258734.88 9.3867431 22.1003 22.633375 53 531987 116762 21154 35 0 0 0 0 0 0 553 156111 8679
22.64 0.194824 -0.294709 5.99447 21212 0.5000007 142302 52431 3 2 263117.18 9.3867431 22.1003 22.64 53 531846 116978 21149 36 0 0 0 0 0 0 553 156152 8826
22.646625 0.194824 -0.294016 5.99451 21213 0.5000007 142277 52399 4 2 264637.57 9.3867431 22.1003 22.646625 59 533457 117542 21470 37 0 0 0 0 0 0 553 156104 8877
22.653375 0.194824 -0.29331 5.99454 21214 0.5000007 142217 52407 4 2 258883.93 9.3867431 22.1003 22.653375 56 532958 116869 21134 38 0 0 0 0 0 0 553 156035 8684
22.66 0.194824 -0.292616 5.99457 21215 0.5000007 141568 52116 4 2 255843.15 9.3867431 22.1003 22.66 56 528438 115894 20818 39 0 0 0 0 0 0 553 154667 8582
22.666625 0.194824 -0.291923 5.99461 21216 0.5000007 142452 52501 4 2 262699.82 9.3867431 22.1003 22.666625 50 534787 117233 21346 40 0 0 0 0 0 0 553 156284 8812
22.673375 0.194824 -0.291217 5.99464 21217 0.5000007 142437 52502 4 2 268423.65 9.3867431 22.1003 22.673375 52 535117 117884 21369 41 0 0 0 0 0 0 553 156278 9004
22.68 0.194824 -0.290524 5.99468 21218 0.5000007 142343 52451 4 2 260285.08 9.3867431 22.1003 22.68 50 533487 117208 21267 42 0 0 0 0 0 0 553 156167 8731
22.686625 0.194824 -0.289831 5.99471 21219 0.5000007 142356 52422 4 2 258287.7 9.3867431 22.1003 22.686625 56 537055 117698 21225 43 0 0 0 0 0 0 553 156210 8664
22.693375 0.194824 -0.289125 5.99474 21220 0.5000007 142276 52369 5 2 261268.86 9.3867431 22.1003 22.693375 53 535288 117805 21358 44 0 0 0 0 0 0 553 156104 8764
22.7 0.194824 -0.288431 5.99478 21221 0.5000007 142401 52445 4 2 263862.47 9.3867431 22.1003 22.7 55 536326 117736 21305 45 0 0 0 0 0 0 553 156227 8851
22.706625 0.194824 -0.287738 5.99481 21222 0.5000007 142380 52421 4 2 263623.98 9.3867431 22.1003 22.706625 51 537211 118404 21261 46 0 0 0 0 0 0 553 156220 8843
22.713375 0.194824 -0.287032 5.99484 21223 0.5000007 142396 52468 4 2 259897.53 9.3867431 22.1003 22.713375 58 536660 118169 21365 47 0 0 0 0 0 0 553 156251 8718
22.72 0.194824 -0.286339 5.99488 21224 0.5000007 142273 52387 4 2 260344.7 9.3867431 22.1003 22.72 52 535522 117714 21095 48 0 0 0 0 0 0 553 156108 8733
22.726625 0.194824 -0.285646 5.99491 21225 0.5000007 142362 52482 3 2 263415.3 9.3867431 22.1003 22.726625 54 536371 117496 21452 49 0 0 0 0 0 0 553 156207 8836
22.733375 0.194824 -0.284939 5.99494 21226 0.5000007 142294 52365 4 2 265233.81 9.3867431 22.1003 22.733375 53 536624 117744 21460 50 0 0 0 0 0 0 553 156145 8897
22.74 0.194824 -0.284246 5.99498 21227 0.5000007 142269 52369 4 2 266754.2 9.3867431 22.1003 22.74 54 538351 118464 21410 51 0 0 0 0 0 0 553 156096 8948
22.746625 0.194824 -0.283553 5.99501 21228 0.5000007 142309 52366 4 2 264458.7 9.3867431 22.1003 22.746625 57 539002 118814 21590 52 0 0 0 0 0 0 553 156152 8871
22.753375 0.194824 -0.282847 5.99504 21228 0.5000007 142244 52358 4 2 264756.82 9.3867431 22.1003 22.753375 58 537884 118552 21364 53 0 0 0 0 0 0 553 156090 8881
22.76 0.194824 -0.282154 5.99508 21229 0.5000007 142168 52299 5 2 264577.95 9.3867431 22.1003 22.76 56 538817 118508 21430 54 0 0 0 0 0 0 553 156001 8875
22.766625 0.194824 -0.28146 5.99511 21230 0.5000007 142153 52272 4 2 263653.79 9.3867431 22.1003 22.766625 58 539206 119342 21592 55 0 0 0 0 0 0 553 156017 8844
22.773375 0.194824 -0.280754 5.99514 21231 0.5000007 142189 52345 5 2 261656.41 9.3867431 22.1003 22.773375 59 539737 118744 21402 56 0 0 0 0 0 0 553 156030 8777
22.78 0.194824 -0.280061 5.99517 21232 0.5000007 142054 52244 4 2 268960.26 9.3867431 22.1003 22.78 57 539761 119470 21784 57 0 0 0 0 0 0 553 155888 9022
22.786625 0.194824 -0.279368 5.99521 21233 0.5000007 142178 52287 3 2 265353.05 9.3867431 22.1003 22.786625 58 538738 118709 21541 58 0 0 0 0 0 0 553 156015 8901
22.793375 0.194824 -0.278661 5.99524 21234 0.5000007 142182 52274 4 2 266933.07 9.3867431 22.1003 22.793375 56 540356 119387 21705 59 0 0 0 0 0 0 553 156037 8954
22.8 0.194824 -0.277968 5.99527 21235 0.5000007 142158 52263 4 2 269228.56 9.3867431 22.1003 22.8 67 540890 119839 21804 60 0 0 0 0 0 0 553 155988 9031
22.806625 0.194824 -0.277275 5.9953 21236 0.5000007 142129 52263 5 2 267111.94 9.3867431 22.1003 22.806625 64 540329 119650 21612 61 0 0 0 0 0 0 553 155979 8960
22.813375 0.194824 -0.276569 5.99534 21237 0.5000007 142118 52255 5 2 273461.81 9.3867431 22.1003 22.813375 66 542248 120160 21901 62 0 0 0 0 0 0 553 155970 9173
22.82 0.194824 -0.275875 5.99537 21238 0.5000007 142111 52282 4 2 268423.65 9.3867431 22.1003 22.82 75 541319 119918 21597 63 0 0 0 0 0 0 553 155959 9004
22.826625 0.194824 -0.275182 5.9954 21239 0.5000007 142059 52194 4 2 272209.72 9.3867431 22.1003 22.826625 70 542092 120060 21891 64 0 0 0 0 0 0 553 155891 9131
22.833375 0.194824 -0.274476 5.99543 21240 0.5000007 141972 52115 3 2 271255.75 9.3867431 22.1003 22.833375 78 543672 120370 22007 65 0 0 0 0 0 0 553 155817 9099
22.84 0.194824 -0.273783 5.99546 21241 0.5000007 142035 52164 4 2 275310.13 9.3867431 22.1003 22.84 71 542949 120553 21906 66 0 0 0 0 0 0 553 155874 9235
22.846625 0.194824 -0.273089 5.9955 21242 0.5000007 141999 52153 4 2 270212.34 9.3867431 22.1003 22.846625 80 543578 120998 22040 67 0 0 0 0 0 0 553 155839 9064
22.853375 0.194824 -0.272383 5.99553 21243 0.5000007 142029 52165 5 2 273044.44 9.3867431 22.1003 22.853375 103 543594 120688 21920 68 0 0 0 0 0 0 553 155872 9159
22.86 0.194824 -0.27169 5.99556 21244 0.5000007 141894 52107 4 2 270242.15 9.3867431 22.1003 22.86 83 546267 121326 22125 69 0 0 0 0 0 0 553 155718 9065
22.866625 0.194824 -0.270996 5.99559 21245 0.5000007 142036 52202 5 2 274892.76 9.3867431 22.1003 22.866625 95 545756 121196 22216 70 0 0 0 0 0 0 553 155881 9221
22.873375 0.194824 -0.27029 5.99562 21246 0.5000007 141952 52138 4 2 275489 9.3867431 22.1003 22.873375 97 546590 121313 22135 71 0 0 0 0 0 0 553 155806 9241
22.88 0.194824 -0.269597 5.99565 21247 0.5000007 141996 52141 4 2 270391.21 9.3867431 22.1003 22.88 95 547593 121979 22157 72 0 0 0 0 0 0 553 155854 9070
22.886625 0.194824 -0.268904 5.99569 21248 0.5000007 141905 52071 4 2 278827.89 9.3867431 22.1003 22.886625 102 547624 121752 22282 73 0 0 0 0 0 0 553 155743 9353
22.893375 0.194824 -0.268197 5.99572 21249 0.5000007 141959 52118 4 2 274892.76 9.3867431 22.1003 22.893375 116 550029 122915 22416 74 0 0 0 0 0 0 553 155805 9221
22.9 0.194824 -0.267504 5.99575 21250 0.5000007 141889 52068 4 2 280109.79 9.3867431 22.1003 22.9 125 549268 122557 22337 75 0 0 0 0 0 0 553 155735 9396
22.906625 0.194824 -0.266811 5.99578 21251 0.5000007 141927 52111 5 2 275012.01 9.3867431 22.1003 22.906625 131 550835 122293 22307 76 0 0 0 0 0 0 553 155769 9225
22.913375 0.194824 -0.266104 5.99581 21252 0.5000007 141846 52076 5 2 275638.05 9.3867431 22.1003 22.913375 147 550256 122604 22371 77 0 0 0 0 0 0 553 155692 9246
22.92 0.194824 -0.265411 5.99584 21253 0.5000007 141822 52031 5 2 279603 9.3867431 22.1003 22.92 158 550063 122935 22605 78 0 0 0 0 0 0 553 155665 9379
22.926625 0.194824 -0.264718 5.99587 21254 0.5000007 141821 52024 4 2 277516.18 9.3867431 22.1003 22.926625 174 552479 123513 22560 79 0 0 0 0 0 0 553 155689 9309
22.933375 0.194824 -0.264011 5.9959 21255 0.5000007 141810 52008 4 2 282763.03 9.3867431 22.1003 22.933375 166 552456 123954 22563 80 0 0 0 0 0 0 553 155655 9485
22.94 0.194824 -0.263318 5.99593 21256 0.5000007 141743 51949 5 2 281600.37 9.3867431 22.1003 22.94 201 553478 124434 22740 81 0 0 0 0 0 0 553 155574 9446
22.946625 0.194824 -0.262625 5.99596 21257 0.5000007 141833 51986 4 2 282822.65 9.3867431 22.1003 22.946625 228 556063 124002 22730 82 0 0 0 0 0 0 553 155678 9487
22.953375 0.194824 -0.261918 5.99599 21258 0.5000007 141625 51893 4 2 281779.24 9.3867431 22.1003 22.953375 244 557017 124755 22862 83 0 0 0 0 0 0 553 155490 9452
22.96 0.194824 -0.261225 5.99602 21259 0.5000007 141751 51930 5 2 278112.42 9.3867431 22.1003 22.96 276 557666 124956 22785 84 0 0 0 0 0 0 553 155608 9329
22.966625 0.194824 -0.260532 5.99605 21260 0.5000007 141629 51868 5 2 282971.71 9.3867431 22.1003 22.966625 333 558594 124697 22986 85 0 0 0 0 0 0 553 155465 9492
22.973375 0.194824 -0.259825 5.99609 21261 0.5000007 141753 51942 5 2 282494.72 9.3867431 22.1003 22.973375 400 561812 126673 23009 86 0 0 0 0 0 0 553 155613 9476
22.98 0.194824 -0.259132 5.99612 21262 0.5000007 141602 51887 4 2 287264.58 9.3867431 22.1003 22.98 394 563616 127296 23116 87 0 0 0 0 0 0 553 155437 9636
22.986625 0.194824 -0.258439 5.99615 21263 0.5000007 141572 51851 4 2 292958.59 9.3867431 22.1003 22.986625 492 566296 127052 23363 88 0 0 0 0 0 0 553 155426 9827
22.993375 0.194824 -0.257732 5.99618 21264 0.5000007 141552 51835 3 2 280884.9 9.3867431 22.1003 22.993375 565 567787 127646 22942 89 0 0 0 0 0 0 553 155402 9422
23 0.194824 -0.257039 5.99621 21265 0.5000007 141537 51814 5 2 293048.03 9.3867431 22.1003 23 774 572398 127899 23443 90 0 0 0 0 0 0 553 155380 9830
23.006625 0.194824 -0.256346 5.99624 21266 0.5000007 141580 51823 4 2 286459.66 9.3867431 22.1003 23.006625 874 575463 128458 23146 91 0 0 0 0 0 0 553 155435 9609
23.013375 0.194824 -0.255639 5.99627 21267 0.5000007 141494 51772 4 2 297400.52 9.3867431 22.1003 23.013375 1165 581352 129995 23696 92 0 0 0 0 0 0 553 155346 9976
23.02 0.194824 -0.254946 5.99629 21268 0.5000007 141512 51770 4 2 306224.76 9.3867431 22.1003 23.02 1298 592302 131737 24047 93 0 0 0 0 0 0 553 155342 10272
23.026625 0.194824 -0.254253 5.99632 21269 0.5000007 141483 51753 5 2 294031.81 9.3867431 22.1003 23.026625 1942 602368 132265 23571 94 0 0 0 0 0 0 553 155354 9863
23.033375 0.194824 -0.253546 5.99635 21270 0.5000007 141521 51771 4 2 301335.65 9.3867431 22.1003 23.033375 2300 621756 134153 23987 95 0 0 0 0 0 0 553 155361 10108
23.04 0.194824 -0.252853 5.99638 21271 0.5000007 141453 51718 5 2 293495.2 9.3867431 22.1003 23.04 3303 645778 135310 23656 96 0 0 0 0 0 0 553 155326 9845
23.046625 0.194824 -0.252159 5.99641 21272 0.5000007 141364 51666 3 2 299159.41 9.3867431 22.1003 23.046625 5331 685473 137849 23977 97 0 0 0 0 0 0 553 155235 10035
23.053375 0.194824 -0.251453 5.99644 21273 0.5000007 141364 51675 5 2 299219.03 9.3867431 22.1003 23.053375 10111 748570 140757 24212 98 0 0 0 0 0 0 553 155220 10037
23.06 0.194824 -0.25076 5.99647 21274 0.5000007 141375 51679 5 2 298026.57 9.3867431 22.1003 23.06 19508 842548 144425 24070 99 0 0 0 0 0 0 553 155209 9997
23.066625 0.194824 -0.250066 5.9965 21274 0.5000007 141334 51622 4 2 299725.83 9.3867431 22.1003 23.066625 36631 982958 148406 24110 100 0 0 0 0 0 0 553 155180 10054
23.073375 0.194824 -0.24936 5.99653 21275 0.5000007 141337 51663 4 2 304227.38 9.3867431 22.1003 23.073375 66668 1196067 154922 24367 101 0 0 0 0 0 0 553 155200 10205
23.08 0.194824 -0.248666 5.99656 21277 0.5000007 141326 51629 5 2 304793.8 9.3867431 22.1003 23.08 106397 1457849 161527 24492 102 0 0 0 0 0 0 553 155184 10224
23.086625 0.194824 -0.247973 5.99659 21278 0.5000007 141248 51621 4 2 304287 9.3867431 22.1003 23.086625 156170 1697041 167743 24733 103 0 0 0 0 0 0 553 155102 10207
23.093375 0.194824 -0.247267 5.99662 21279 0.5000007 141252 51570 4 2 309086.67 9.3867431 22.1003 23.093375 195399 1819561 174191 25025 104 0 0 0 0 0 0 553 155103 10368
23.1 0.194824 -0.246573 5.99664 21280 0.5000007 141297 51626 4 2 306999.86 9.3867431 22.1003 23.1 193389 1768114 180913 25139 105 0 0 0 0 0 0 553 155161 10298
23.106625 0.194824 -0.24588 5.99667 21281 0.5000007 141241 51555 4 2 312604.44 9.3867431 22.1003 23.106625 145917 1570069 187210 25010 106 0 0 0 0 0 0 553 155090 10486
23.113375 0.194824 -0.245173 5.9967 21282 0.5000007 141243 51579 5 2 316450.13 9.3867431 22.1003 23.113375 82087 1317853 192783 25140 107 0 0 0 0 0 0 553 155126 10615
23.12 0.194824 -0.24448 5.99673 21283 0.5000007 141321 51611 4 2 315168.24 9.3867431 22.1003 23.12 57021 1121622 197691 25480 108 0 0 0 0 0 0 553 155178 10572
23.126625 0.194824 -0.243787 5.99676 21284 0.5000007 141093 51457 4 2 317433.92 9.3867431 22.1003 23.126625 35235 992376 204856 25344 109 0 0 0 0 0 0 553 154939 10648
23.133375 0.194824 -0.24308 5.99679 21285 0.5000007 141174 51552 5 2 322352.83 9.3867431 22.1003 23.133375 20890 912147 211539 25762 110 0 0 0 0 0 0 553 155032 10813
23.14 0.194824 -0.242387 5.99682 21286 0.5000007 141175 51553 4 2 321547.92 9.3867431 22.1003 23.14 13134 858557 217508 25849 111 0 0 0 0 0 0 553 155037 10786
23.146625 0.194824 -0.241693 5.99684 21287 0.5000007 141112 51476 4 2 319520.73 9.3867431 22.1003 23.146625 8269 818152 223635 26005 112 0 0 0 0 0 0 553 154970 10718
23.153375 0.194824 -0.240987 5.99687 21288 0.5000007 141098 51445 5 2 326943.82 9.3867431 22.1003 23.153375 6197 788812 229896 26308 113 0 0 0 0 0 0 553 154948 10967
23.16 0.194824 -0.240293 5.9969 21289 0.5000007 141108 51524 5 2 326347.59 9.3867431 22.1003 23.16 4748 767919 234893 26425 114 0 0 0 0 0 0 553 154981 10947
23.166625 0.194824 -0.2396 5.99693 21290 0.5000007 141150 51521 4 2 330193.28 9.3867431 22.1003 23.166625 3680 752229 239073 26609 115 0 0 0 0 0 0 553 155009 11076
23.173375 0.194824 -0.238894 5.99696 21291 0.5000007 141173 51571 4 2 335231.44 9.3867431 22.1003 23.173375 2950 740941 244833 26898 116 0 0 0 0 0 0 553 155025 11245
23.18 0.194824 -0.2382 5.99698 21292 0.5000007 141109 51463 4 2 333651.43 9.3867431 22.1003 23.18 2517 733951 248548 27014 117 0 0 0 0 0 0 553 154970 11192
23.186625 0.194824 -0.237507 5.99701 21292 0.5000007 141173 51498 4 2 342952.65 9.3867431 22.1003 23.186625 2220 728927 254129 27620 118 0 0 0 0 0 0 553 155016 11504
23.193375 0.194824 -0.2368 5.99704 21294 0.5000007 141150 51525 5 2 342922.83 9.3867431 22.1003 23.193375 2174 726862 258615 27801 119 0 0 0 0 0 0 553 155013 11503
23.2 0.194824 -0.236107 5.99707 21294 0.5000007 141131 51494 5 2 350077.62 9.3867431 22.1003 23.2 2115 724902 264353 28069 120 0 0 0 0 0 0 553 154997 11743
23.206625 0.194824 -0.235413 5.99709 21295 0.5000007 141187 51567 5 2 353327.08 9.3867431 22.1003 23.206625 2103 726939 270815 28749 121 0 0 0 0 0 0 553 155062 11852
23.213375 0.194824 -0.234707 5.99712 21296 0.5000007 141368 51656 4 2 358812.42 9.3867431 22.1003 23.213375 2088 730735 277490 29023 122 0 0 0 0 0 0 553 155229 12036
23.22 0.194824 -0.234013 5.99715 21297 0.5000007 141207 51563 4 2 357292.03 9.3867431 22.1003 23.22 2198 734137 286157 29195 123 0 0 0 0 0 0 553 155057 11985
23.226625 0.194824 -0.23332 5.99718 21298 0.5000007 141261 51609 5 2 362777.36 9.3867431 22.1003 23.226625 2315 743025 295752 29615 124 0 0 0 0 0 0 553 155102 12169
23.233375 0.194824 -0.232613 5.9972 21299 0.5000007 141139 51533 4 2 363224.53 9.3867431 22.1003 23.233375 2586 753434 308478 29878 125 0 0 0 0 0 0 553 154984 12184
23.24 0.194824 -0.23192 5.99723 21300 0.5000007 141278 51558 4 2 377683.16 9.3867431 22.1003 23.24 2900 767519 324079 30783 126 0 0 0 0 0 0 553 155136 12669
23.246625 0.194824 -0.231227 5.99726 21301 0.5000007 141286 51663 3 2 375417.48 9.3867431 22.1003 23.246625 3369 783804 341759 30956 127 0 0 0 0 0 0 553 155136 12593
23.253375 0.194824 -0.23052 5.99728 21302 0.5000007 141347 51651 4 2 386149.65 9.3867431 22.1003 23.253375 4023 804497 363173 31791 128 0 0 0 0 0 0 553 155192 12953
23.26 0.194824 -0.229827 5.99731 21303 0.5000007 141271 51643 5 2 389518.37 9.3867431 22.1003 23.26 4936 829278 389762 31961 129 0 0 0 0 0 0 553 155122 13066
23.266625 0.194824 -0.229133 5.99734 21304 0.5000007 141319 51618 4 2 398640.72 9.3867431 22.1003 23.266625 5963 856783 417397 32850 130 0 0 0 0 0 0 553 155168 13372
23.273375 0.194824 -0.228427 5.99736 21305 0.5000007 141285 51635 5 2 406361.92 9.3867431 22.1003 23.273375 7364 891755 453194 33250 131 0 0 0 0 0 0 553 155128 13631
23.28 0.194824 -0.227733 5.99739 21306 0.5000007 141439 51731 5 2 406510.98 9.3867431 22.1003 23.28 8967 934369 495648 33193 132 0 0 0 0 0 0 553 155273 13636
23.286625 0.194824 -0.22704 5.99742 21307 0.5000007 141380 51681 5 2 411191.4 9.3867431 22.1003 23.286625 10621 980391 541902 34114 133 0 0 0 0 0 0 553 155234 13793
23.293375 0.194824 -0.226333 5.99744 21308 0.5000007 141373 51704 4 2 423801.71 9.3867431 22.1003 23.293375 12786 1045561 608737 34939 134 0 0 0 0 0 0 553 155220 14216
23.3 0.194824 -0.22564 5.99747 21309 0.5000007 141440 51757 5 2 425530.78 9.3867431 22.1003 23.3 17329 1124296 686045 35273 135 0 0 0 0 0 0 553 155287 14274
23.306625 0.194824 -0.224946 5.9975 21310 0.5000007 141387 51759 4 2 437992.03 9.3867431 22.1003 23.306625 22391 1221991 785298 35847 136 0 0 0 0 0 0 553 155224 14692
23.313375 0.194824 -0.22424 5.99752 21311 0.5000007 141458 51779 4 2 443447.55 9.3867431 22.1003 23.313375 29594 1343814 904624 36391 137 0 0 0 0 0 0 553 155293 14875
23.32 0.194824 -0.223546 5.99755 21312 0.5000007 141449 51771 4 2 452391.03 9.3867431 22.1003 23.32 40435 1486193 1048052 37237 138 0 0 0 0 0 0 553 155301 15175
23.326625 0.194824 -0.222853 5.99757 21313 0.5000007 141444 51787 4 2 453255.57 9.3867431 22.1003 23.326625 52754 1655187 1214999 37706 139 0 0 0 0 0 0 553 155286 15204
23.333375 0.194824 -0.222146 5.9976 21314 0.5000007 141570 51811 5 2 462407.73 9.3867431 22.1003 23.333375 74082 1853270 1414064 38642 140 0 0 0 0 0 0 553 155425 15511
23.34 0.194824 -0.221452 5.99763 21315 0.5000007 141560 51871 4 2 482441.12 9.3867431 22.1003 23.34 99429 2048750 1609493 39889 141 0 0 0 0 0 0 553 155401 16183
23.346625 0.194824 -0.220759 5.99765 21316 0.5000007 141503 51869 5 2 484110.57 9.3867431 22.1003 23.346625 118026 2205691 1766272 40387 142 0 0 0 0 0 0 553 155363 16239
23.353375 0.194824 -0.220052 5.99768 21317 0.5000007 141593 51894 5 2 495379.36 9.3867431 22.1003 23.353375 118374 2274448 1833292 41502 143 0 0 0 0 0 0 553 155459 16617
23.36 0.194824 -0.219359 5.9977 21318 0.5000007 141569 51878 5 2 486048.33 9.3867431 22.1003 23.36 110521 2187716 1746971 41737 144 0 0 0 0 0 0 553 155397 16304
23.366625 0.194824 -0.218665 5.99773 21319 0.5000007 141695 51983 4 2 502891.88 9.3867431 22.1003 23.366625 87125 1989617 1548172 42949 145 0 0 0 0 0 0 553 155541 16869
23.373375 0.194824 -0.217959 5.99775 21320 0.5000007 141638 51948 5 2 509599.49 9.3867431 22.1003 23.373375 57987 1742723 1302082 44052 146 0 0 0 0 0 0 553 155492 17094
23.38 0.194824 -0.217265 5.99778 21321 0.5000007 141594 51942 4 2 507930.04 9.3867431 22.1003 23.38 36717 1519590 1078349 44763 147 0 0 0 0 0 0 553 155432 17038
23.386625 0.194824 -0.216572 5.9978 21322 0.5000007 141737 52022 4 2 513683.68 9.3867431 22.1003 23.386625 24823 1337638 896107 45993 148 0 0 0 0 0 0 553 155586 17231
23.393375 0.194824 -0.215865 5.99783 21323 0.5000007 141667 51974 4 2 503786.23 9.3867431 22.1003 23.393375 16436 1201421 758354 46980 149 0 0 0 0 0 0 553 155517 16899
23.4 0.194824 -0.215172 5.99785 21324 0.5000007 141795 52095 4 2 500775.26 9.3867431 22.1003 23.4 11026 1104919 659588 48045 150 0 0 0 0 0 0 553 155634 16798
23.406625 0.194824 -0.214478 5.99788 21325 0.5000007 141706 52056 4 2 491324.98 9.3867431 22.1003 23.406625 7417 1029949 585852 49443 151 0 0 0 0 0 0 553 155553 16481
23.413375 0.194824 -0.213772 5.9979 21326 0.5000007 141954 52190 4 2 490639.31 9.3867431 22.1003 23.413375 5191 977899 528946 50608 152 0 0 0 0 0 0 553 155789 16458
23.42 0.194824 -0.213078 5.99793 21327 0.5000007 141850 52135 5 2 482798.86 9.3867431 22.1003 23.42 3661 939835 489885 51371 153 0 0 0 0 0 0 553 155690 16195
23.426625 0.194824 -0.212384 5.99795 21328 0.5000007 141955 52205 5 2 474123.69 9.3867431 22.1003 23.426625 2840 918359 465889 52452 154 0 0 0 0 0 0 553 155804 15904
23.433375 0.194824 -0.211678 5.99798 21329 0.5000007 141881 52177 4 2 476031.63 9.3867431 22.1003 23.433375 2187 908293 451220 52799 155 0 0 0 0 0 0 553 155729 15968
23.44 0.194824 -0.210984 5.998 21330 0.5000007 141784 52139 5 2 478058.82 9.3867431 22.1003 23.44 2183 901050 443770 53064 156 0 0 0 0 0 0 553 155621 16036
23.446625 0.194824 -0.210291 5.99803 21331 0.5000007 141868 52172 4 2 477939.57 9.3867431 22.1003 23.446625 2227 904062 444147 52165 157 0 0 0 0 0 0 553 155713 16032
23.453375 0.194824 -0.209584 5.99805 21332 0.5000007 141908 52239 4 2 481159.22 9.3867431 22.1003 23.453375 2637 914612 453762 52086 158 0 0 0 0 0 0 553 155745 16140
23.46 0.194824 -0.208891 5.99808 21333 0.5000007 141991 52278 4 2 471053.09 9.3867431 22.1003 23.46 7207 947544 485679 51329 159 0 0 0 0 0 0 553 155816 15801
23.466625 0.194824 -0.208197 5.9981 21334 0.5000007 141919 52262 4 2 478386.75 9.3867431 22.1003 23.466625 19300 1022778 563041 51531 160 0 0 0 0 0 0 553 155762 16047
23.473375 0.194824 -0.20749 5.99812 21335 0.5000007 141971 52302 4 2 479340.72 9.3867431 22.1003 23.473375 36704 1146413 689212 51155 161 0 0 0 0 0 0 553 155737 16079
23.48 0.194824 -0.206797 5.99815 21336 0.5000007 142660 52565 3 2 489178.54 9.3867431 22.1003 23.48 69605 1326636 867088 51740 162 0 0 0 0 0 0 553 156493 16409
23.486625 0.194824 -0.206103 5.99817 21337 0.5000007 142593 52539 4 2 486942.67 9.3867431 22.1003 23.486625 93338 1549769 1091844 52400 163 0 0 0 0 0 0 553 156434 16334
23.493375 0.194824 -0.205397 5.9982 21338 0.5000007 142793 52671 4 2 476210.5 9.3867431 22.1003 23.493375 114790 1845868 1389821 52548 164 0 0 0 0 0 0 553 156627 15974
23.5 0.194824 -0.204703 5.99822 21339 0.5000007 142602 52601 4 2 480592.8 9.3867431 22.1003 23.5 111366 2178936 1724834 53528 165 0 0 0 0 0 0 553 156426 16121
23.506625 0.194824 -0.20401 5.99824 21340 0.5000007 142761 52674 4 2 486197.38 9.3867431 22.1003 23.506625 111106 2535111 2082223 54865 166 0 0 0 0 0 0 553 156594 16309
23.513375 0.194824 -0.203303 5.99827 21341 0.5000007 142719 52657 5 2 482679.62 9.3867431 22.1003 23.513375 109364 2662823 2211153 55663 167 0 0 0 0 0 0 553 156561 16191
23.52 0.194824 -0.202609 5.99829 21342 0.5000007 142775 52638 4 2 485839.65 9.3867431 22.1003 23.52 103067 2721929 2271483 56135 168 0 0 0 0 0 0 553 156601 16297
23.526625 0.194824 -0.201916 5.99831 21343 0.5000007 142832 52716 5 2 498748.07 9.3867431 22.1003 23.526625 161504 3012259 2562636 58306 169 0 0 0 0 0 0 553 156665 16730
23.533375 0.194824 -0.201209 5.99834 21344 0.5000007 142810 52712 4 2 509092.69 9.3867431 22.1003 23.533375 348678 3958833 3507948 63416 170 0 0 0 0 0 0 553 156643 17077
23.54 0.194824 -0.200516 5.99836 21345 0.5000007 142746 52706 4 2 538665.8 9.3867431 22.1003 23.54 489473 4643584 4190743 71452 171 0 0 0 0 0 0 553 156552 18069
23.546625 0.194824 -0.199822 5.99838 21346 0.5000007 142757 52683 4 2 522686.78 9.3867431 22.1003 23.546625 555048 4613989 4164423 68645 172 0 0 0 0 0 0 553 156577 17533
23.553375 0.194824 -0.199115 5.99841 21347 0.5000007 142783 52711 5 2 478744.48 9.3867431 22.1003 23.553375 450976 3207938 2760699 61360 173 0 0 0 0 0 0 553 156609 16059
23.56 0.194824 -0.198422 5.99843 21348 0.5000007 142751 52772 4 2 454269.16 9.3867431 22.1003 23.56 146660 2012296 1566406 55995 174 0 0 0 0 0 0 553 156551 15238
23.566625 0.194824 -0.197728 5.99845 21349 0.5000007 142788 52708 5 2 439065.24 9.3867431 22.1003 23.566625 45440 1440539 994451 52521 175 0 0 0 0 0 0 553 156622 14728
23.573375 0.194824 -0.197021 5.99848 21349 0.5000007 142798 52758 4 2 434295.39 9.3867431 22.1003 23.573375 17547 1156803 713116 49591 176 0 0 0 0 0 0 553 156633 14568
23.58 0.194824 -0.196328 5.9985 21350 0.5000007 142806 52710 5 2 432983.68 9.3867431 22.1003 23.58 8105 1007651 563751 46593 177 0 0 0 0 0 0 553 156621 14524
23.586625 0.194824 -0.195634 5.99852 21351 0.5000007 142759 52718 4 2 420969.6 9.3867431 22.1003 23.586625 4381 927429 484710 44676 178 0 0 0 0 0 0 553 156587 14121
23.593375 0.194824 -0.194928 5.99855 21352 0.5000007 142820 52728 5 2 418644.3 9.3867431 22.1003 23.593375 3504 886468 443056 42972 179 0 0 0 0 0 0 553 156630 14043
23.6 0.194824 -0.194234 5.99857 21353 0.5000007 142828 52777 4 2 420194.5 9.3867431 22.1003 23.6 4426 860096 417051 41652 180 0 0 0 0 0 0 553 156658 14095
23.606625 0.194824 -0.19354 5.99859 21354 0.5000007 142766 52744 4 2 429495.72 9.3867431 22.1003 23.606625 4555 840439 398171 41057 181 0 0 0 0 0 0 553 156577 14407
23.613375 0.194824 -0.192834 5.99861 21355 0.5000007 142807 52742 5 2 433013.49 9.3867431 22.1003 23.613375 4470 823729 382995 40543 182 0 0 0 0 0 0 553 156649 14525
23.62 0.194824 -0.19214 5.99864 21356 0.5000007 142833 52781 5 2 427021.36 9.3867431 22.1003 23.62 4438 812316 369819 39680 183 0 0 0 0 0 0 553 156659 14324
23.626625 0.194824 -0.191446 5.99866 21357 0.5000007 142840 52759 3 2 427289.66 9.3867431 22.1003 23.626625 4235 802553 359573 38987 184 0 0 0 0 0 0 553 156674 14333
23.633375 0.194824 -0.19074 5.99868 21358 0.5000007 142744 52723 4 2 415573.7 9.3867431 22.1003 23.633375 4383 787095 347503 37688 185 0 0 0 0 0 0 553 156545 13940
23.64 0.194824 -0.190046 5.9987 21359 0.5000007 142776 52734 4 2 417571.08 9.3867431 22.1003 23.64 4379 780416 338400 37382 186 0 0 0 0 0 0 553 156599 14007
23.646625 0.194824 -0.189352 5.99872 21360 0.5000007 142817 52760 4 2 405616.63 9.3867431 22.1003 23.646625 4158 763933 322497 36542 187 0 0 0 0 0 0 553 156632 13606
23.653375 0.194824 -0.188646 5.99875 21361 0.5000007 142759 52723 4 2 404394.35 9.3867431 22.1003 23.653375 3473 742664 300782 36171 188 0 0 0 0 0 0 553 156571 13565
23.66 0.194824 -0.187952 5.99877 21362 0.5000007 142794 52724 4 2 385493.8 9.3867431 22.1003 23.66 2539 720899 280003 35496 189 0 0 0 0 0 0 553 156631 12931
23.666625 0.194824 -0.187259 5.99879 21363 0.5000007 142689 52742 4 2 375208.8 9.3867431 22.1003 23.666625 1742 698908 258177 34775 190 0 0 0 0 0 0 553 156507 12586
23.673375 0.194824 -0.186552 5.99881 21364 0.5000007 142679 52638 4 2 370468.75 9.3867431 22.1003 23.673375 1008 677529 238795 33990 191 0 0 0 0 0 0 553 156502 12427
23.68 0.194824 -0.185858 5.99883 21365 0.5000007 142645 52654 4 2 369693.65 9.3867431 22.1003 23.68 653 666122 225520 33790 192 0 0 0 0 0 0 553 156497 12401
23.686625 0.194824 -0.185165 5.99886 21366 0.5000007 142712 52698 4 2 360124.13 9.3867431 22.1003 23.686625 403 655532 215659 33498 193 0 0 0 0 0 0 553 156519 12080
23.693375 0.194824 -0.184458 5.99888 21367 0.5000007 142669 52696 5 2 360809.79 9.3867431 22.1003 23.693375 429 647502 208062 33239 194 0 0 0 0 0 0 553 156494 12103
23.7 0.194824 -0.183764 5.9989 21368 0.5000007 142695 52653 4 2 357828.63 9.3867431 22.1003 23.7 425 640507 202355 32895 195 0 0 0 0 0 0 553 156505 12003
23.706625 0.194824 -0.183071 5.99892 21369 0.5000007 142591 52621 4 2 345188.52 9.3867431 22.1003 23.706625 427 635375 197462 32551 196 0 0 0 0 0 0 553 156430 11579
23.713375 0.194824 -0.182364 5.99894 21370 0.5000007 142655 52680 4 2 352402.92 9.3867431 22.1003 23.713375 456 632239 193956 32582 197 0 0 0 0 0 0 553 156478 11821
23.72 0.194824 -0.18167 5.99896 21371 0.5000007 142686 52660 3 2 342714.15 9.3867431 22.1003 23.72 445 629947 190977 31852 198 0 0 0 0 0 0 553 156505 11496
23.726625 0.194824 -0.180976 5.99898 21372 0.5000007 142651 52611 5 2 344860.59 9.3867431 22.1003 23.726625 471 627588 189721 31773 199 0 0 0 0 0 0 553 156487 11568
23.733375 0.194824 -0.18027 5.999 21373 0.5000007 142526 52535 3 2 342445.85 9.3867431 22.1003 23.733375 476 625222 188113 31735 200 0 0 0 0 0 0 553 156347 11487
23.74 0.194824 -0.179576 5.99902 21374 0.5000007 142530 52565 4 2 336453.72 9.3867431 22.1003 23.74 483 623485 186124 31395 201 0 0 0 0 0 0 553 156357 11286
23.746625 0.194824 -0.178882 5.99905 21375 0.5000007 142518 52562 5 2 336394.09 9.3867431 22.1003 23.746625 497 622890 185262 31149 202 0 0 0 0 0 0 553 156360 11284
23.753375 0.194824 -0.178176 5.99907 21376 0.5000007 142528 52520 4 2 331713.67 9.3867431 22.1003 23.753375 544 621450 185280 30828 203 0 0 0 0 0 0 553 156334 11127
23.76 0.194824 -0.177482 5.99909 21377 0.5000007 142529 52567 5 2 327629.48 9.3867431 22.1003 23.76 545 618967 183747 30474 204 0 0 0 0 0 0 553 156348 10990
23.766625 0.194824 -0.176788 5.99911 21378 0.5000007 142371 52488 4 2 327033.25 9.3867431 22.1003 23.766625 588 619925 183893 30148 205 0 0 0 0 0 0 553 156203 10970
23.773375 0.194824 -0.176082 5.99913 21379 0.5000007 142407 52504 4 2 324081.9 9.3867431 22.1003 23.773375 626 619607 183898 30215 206 0 0 0 0 0 0 553 156259 10871
23.78 0.194824 -0.175388 5.99915 21380 0.5000007 142353 52415 5 2 325065.69 9.3867431 22.1003 23.78 603 617632 183815 29834 207 0 0 0 0 0 0 553 156189 10904
23.786625 0.194824 -0.174694 5.99917 21381 0.5000007 142430 52473 4 2 316211.64 9.3867431 22.1003 23.786625 732 618655 183620 29588 208 0 0 0 0 0 0 553 156258 10607
23.793375 0.194824 -0.173988 5.99919 21382 0.5000007 142363 52421 4 2 320921.87 9.3867431 22.1003 23.793375 709 616254 183033 29277 209 0 0 0 0 0 0 553 156200 10765
23.8 0.194824 -0.173294 5.99921 21383 0.5000007 142331 52413 4 2 317821.47 9.3867431 22.1003 23.8 738 618545 184425 28998 210 0 0 0 0 0 0 553 156187 10661
23.806625 0.194824 -0.1726 5.99923 21384 0.5000007 142366 52433 4 2 311143.67 9.3867431 22.1003 23.806625 737 620610 185272 28437 211 0 0 0 0 0 0 553 156196 10437
23.813375 0.194824 -0.171893 5.99925 21385 0.5000007 142271 52378 5 2 311531.22 9.3867431 22.1003 23.813375 880 620159 186375 28376 212 0 0 0 0 0 0 553 156116 10450
23.82 0.194824 -0.1712 5.99927 21386 0.5000007 142323 52420 4 2 311411.97 9.3867431 22.1003 23.82 912 622659 188766 28435 213 0 0 0 0 0 0 553 156163 10446
23.826625 0.194824 -0.170506 5.99929 21386 0.5000007 142358 52398 5 2 308699.12 9.3867431 22.1003 23.826625 1068 623604 189948 27764 214 0 0 0 0 0 0 553 156177 10355
23.833375 0.194824 -0.169799 5.99931 21387 0.5000007 142286 52398 4 2 304078.32 9.3867431 22.1003 23.833375 1191 625969 193360 27448 215 0 0 0 0 0 0 553 156125 10200
23.84 0.194824 -0.169106 5.99933 21388 0.5000007 142247 52325 5 2 302289.62 9.3867431 22.1003 23.84 1394 627739 195597 26789 216 0 0 0 0 0 0 553 156077 10140
23.846625 0.194824 -0.168412 5.99935 21389 0.5000007 142201 52352 4 2 297311.09 9.3867431 22.1003 23.846625 1757 632534 200566 26408 217 0 0 0 0 0 0 553 156030 9973
23.853375 0.194824 -0.167705 5.99937 21390 0.5000007 142311 52392 4 2 297162.03 9.3867431 22.1003 23.853375 2063 637060 205833 26211 218 0 0 0 0 0 0 553 156136 9968
23.86 0.194824 -0.167011 5.99939 21391 0.5000007 142175 52293 3 2 298950.72 9.3867431 22.1003 23.86 2819 644544 212915 26167 219 0 0 0 0 0 0 553 156004 10028
23.866625 0.194824 -0.166318 5.99941 21392 0.5000007 142213 52293 4 2 292243.11 9.3867431 22.1003 23.866625 3817 652483 221200 25529 220 0 0 0 0 0 0 553 156050 9803
23.873375 0.194824 -0.165611 5.99943 21393 0.5000007 142203 52312 4 2 297817.88 9.3867431 22.1003 23.873375 5101 664722 233325 25393 221 0 0 0 0 0 0 553 156040 9990
23.88 0.194824 -0.164917 5.99945 21394 0.5000007 142004 52220 4 2 290007.24 9.3867431 22.1003 23.88 6467 676415 247104 25074 222 0 0 0 0 0 0 553 155849 9728
23.886625 0.194824 -0.164223 5.99946 21395 0.5000007 142088 52245 4 2 293912.56 9.3867431 22.1003 23.886625 7976 695120 265356 25148 223 0 0 0 0 0 0 553 155922 9859
23.893375 0.194824 -0.163517 5.99948 21396 0.5000007 142088 52274 4 2 293793.32 9.3867431 22.1003 23.893375 10425 712317 283125 24831 224 0 0 0 0 0 0 553 155930 9855
23.9 0.194824 -0.162823 5.9995 21397 0.5000007 142285 52345 4 2 286042.3 9.3867431 22.1003 23.9 14284 737800 307991 24562 225 0 0 0 0 0 0 553 156117 9595
23.906625 0.194824 -0.162129 5.99952 21398 0.5000007 142133 52210 4 2 287503.07 9.3867431 22.1003 23.906625 18654 762729 333795 24252 226 0 0 0 0 0 0 553 155949 9644
23.913375 0.194824 -0.161422 5.99954 21399 0.5000007 142170 52319 5 2 288337.8 9.3867431 22.1003 23.913375 23118 796151 365704 24420 227 0 0 0 0 0 0 553 156016 9672
23.92 0.194824 -0.160729 5.99956 21400 0.5000007 142156 52313 5 2 286400.04 9.3867431 22.1003 23.92 30307 829387 401300 23862 228 0 0 0 0 0 0 553 155987 9607
23.926625 0.194824 -0.160035 5.99958 21401 0.5000007 142128 52229 4 2 288188.74 9.3867431 22.1003 23.926625 37514 864110 435617 23893 229 0 0 0 0 0 0 553 155989 9667
23.933375 0.194824 -0.159328 5.9996 21402 0.5000007 142019 52159 4 2 290514.04 9.3867431 22.1003 23.933375 45491 894788 466938 24037 230 0 0 0 0 0 0 553 155858 9745
23.94 0.194824 -0.158635 5.99962 21403 0.5000007 142123 52229 4 2 288367.61 9.3867431 22.1003 23.94 56756 912726 486023 23881 231 0 0 0 0 0 0 553 155958 9673
23.946625 0.194824 -0.157941 5.99963 21404 0.5000007 142010 52190 4 2 284998.9 9.3867431 22.1003 23.946625 61975 912336 484430 23751 232 0 0 0 0 0 0 553 155851 9560
23.953375 0.194824 -0.157234 5.99965 21405 0.5000007 142098 52256 4 2 284879.65 9.3867431 22.1003 23.953375 57263 890341 463561 23463 233 0 0 0 0 0 0 553 155951 9556
23.96 0.194824 -0.15654 5.99967 21406 0.5000007 142065 52187 5 2 282941.9 9.3867431 22.1003 23.96 47213 848117 422377 23677 234 0 0 0 0 0 0 553 155900 9491
23.966625 0.194824 -0.155846 5.99969 21407 0.5000007 142080 52211 4 2 283985.3 9.3867431 22.1003 23.966625 43595 797895 372055 23424 235 0 0 0 0 0 0 553 155918 9526
23.973375 0.194824 -0.15514 5.99971 21408 0.5000007 142038 52172 4 2 280229.04 9.3867431 22.1003 23.973375 32503 740950 316108 23024 236 0 0 0 0 0 0 553 155867 9400
23.98 0.194824 -0.154446 5.99972 21409 0.5000007 142065 52205 4 2 283478.5 9.3867431 22.1003 23.98 19518 692142 266493 23436 237 0 0 0 0 0 0 553 155887 9509
23.986625 0.194824 -0.153752 5.99974 21410 0.5000007 141933 52081 4 2 285177.77 9.3867431 22.1003 23.986625 11947 652736 227922 23049 238 0 0 0 0 0 0 553 155775 9566
23.993375 0.194824 -0.153045 5.99976 21411 0.5000007 141999 52167 5 2 279871.3 9.3867431 22.1003 23.993375 7197 623787 199713 22820 239 0 0 0 0 0 0 553 155833 9388
24 0.194824 -0.152352 5.99978 21412 0.5000007 142022 52172 5 2 276562.21 9.3867431 22.1003 24 3856 605971 180934 22694 240 0 0 0 0 0 0 553 155855 9277
24.006625 0.194824 -0.151658 5.9998 21413 0.5000007 141958 52109 5 2 277486.37 9.3867431 22.1003 24.006625 2130 593655 170001 22862 241 0 0 0 0 0 0 553 155788 9308
24.013375 0.194824 -0.150951 5.99981 21414 0.5000007 142019 52176 5 2 279930.92 9.3867431 22.1003 24.013375 1648 585474 161625 22774 242 0 0 0 0 0 0 553 155858 9390
24.02 0.194824 -0.150257 5.99983 21415 0.5000007 142009 52183 4 2 278678.84 9.3867431 22.1003 24.02 1455 581565 156283 22852 243 0 0 0 0 0 0 553 155822 9348
24.026625 0.194824 -0.149564 5.99985 21416 0.5000007 142123 52212 4 2 276234.29 9.3867431 22.1003 24.026625 1108 576912 151912 22598 244 0 0 0 0 0 0 553 155968 9266
24.033375 0.194824 -0.148857 5.99987 21417 0.5000007 141922 52071 5 2 278857.71 9.3867431 22.1003 24.033375 982 571299 148722 22705 245 0 0 0 0 0 0 553 155759 9354
24.04 0.194824 -0.148163 5.99988 21418 0.5000007 142025 52161 3 2 273730.11 9.3867431 22.1003 24.04 636 568440 144886 22614 246 0 0 0 0 0 0 553 155858 9182
24.046625 0.194824 -0.147469 5.9999 21419 0.5000007 142008 52161 5 2 273014.63 9.3867431 22.1003 24.046625 506 564675 141975 22166 247 0 0 0 0 0 0 553 155835 9158
24.053375 0.194824 -0.146762 5.99992 21420 0.5000007 141925 52111 4 2 278172.04 9.3867431 22.1003 24.053375 413 563158 140661 22600 248 0 0 0 0 0 0 553 155769 9331
24.06 0.194824 -0.146069 5.99993 21421 0.5000007 141923 52088 5 2 274326.34 9.3867431 22.1003 24.06 443 561238 138343 22350 249 0 0 0 0 0 0 553 155781 9202
24.066625 0.194824 -0.145375 5.99995 21422 0.5000007 141947 52120 4 2 274385.97 9.3867431 22.1003 24.066625 381 559392 137243 22328 250 0 0 0 0 0 0 553 155765 9204
24.073375 0.194824 -0.144668 5.99997 21423 0.5000007 141964 52146 5 2 271166.31 9.3867431 22.1003 24.073375 291 557271 136178 22250 251 0 0 0 0 0 0 553 155811 9096
24.08 0.194824 -0.143974 5.99998 21424 0.5000007 141881 52075 4 2 276919.95 9.3867431 22.1003 24.08 288 556317 134622 22280 252 0 0 0 0 0 0 553 155744 9289
24.086625 0.194824 -0.14328 6 21425 0.5000007 141841 52082 4 2 271136.5 9.3867431 22.1003 24.086625 222 555800 133395 22389 253 0 0 0 0 0 0 553 155677 9095
24.093375 0.194824 -0.142574 6.00002 21426 0.5000007 141952 52126 5 2 271673.11 9.3867431 22.1003 24.093375 218 555709 133178 22252 254 0 0 0 0 0 0 553 155791 9113
24.1 0.194824 -0.14188 6.00003 21427 0.5000007 141826 52057 4 2 271196.13 9.3867431 22.1003 24.1 221 552334 131230 22109 255 0 0 0 0 0 0 553 155663 9097
24.106625 0.194824 -0.141186 6.00005 21428 0.5000007 141983 52138 6 2 274207.1 9.3867431 22.1003 24.106625 184 551451 130555 22457 256 0 0 0 0 0 0 553 155826 9198
24.113375 0.194824 -0.140479 6.00007 21429 0.5000007 141933 52097 5 2 270599.89 9.3867431 22.1003 24.113375 207 550833 129683 22133 257 0 0 0 0 0 0 553 155787 9077
24.12 0.194824 -0.139785 6.00008 21430 0.5000007 141902 52086 4 2 273104.07 9.3867431 22.1003 24.12 177 548868 128736 22052 258 0 0 0 0 0 0 553 155747 9161
24.126625 0.194824 -0.139092 6.0001 21431 0.5000007 141875 52059 5 2 272179.91 9.3867431 22.1003 24.126625 147 549627 128264 21990 259 0 0 0 0 0 0 553 155715 9130
24.133375 0.194824 -0.138385 6.00012 21432 0.5000007 141964 52101 4 2 268781.39 9.3867431 22.1003 24.133375 130 547286 127089 21790 260 0 0 0 0 0 0 553 155782 9016
24.14 0.194824 -0.137691 6.00013 21433 0.5000007 141905 52026 4 2 267290.81 9.3867431 22.1003 24.14 121 547356 126624 21909 261 0 0 0 0 0 0 553 155748 8966
24.146625 0.194824 -0.136997 6.00015 21434 0.5000007 141779 52062 4 2 264905.88 9.3867431 22.1003 24.146625 132 545599 126143 21677 262 0 0 0 0 0 0 553 155616 8886
24.153375 0.194824 -0.13629 6.00016 21435 0.5000007 141854 52103 4 2 269824.79 9.3867431 22.1003 24.153375 123 545255 124992 21713 263 0 0 0 0 0 0 553 155688 9051
24.16 0.194824 -0.135597 6.00018 21436 0.5000007 141879 52056 5 2 261119.8 9.3867431 22.1003 24.16 103 545007 124649 21406 264 0 0 0 0 0 0 553 155730 8759
24.166625 0.194824 -0.134903 6.0002 21437 0.5000007 141815 52031 4 2 270450.84 9.3867431 22.1003 24.166625 103 543853 124017 21599 265 0 0 0 0 0 0 553 155655 9072
24.173375 0.194824 -0.134196 6.00021 21438 0.5000007 141909 52123 5 2 266008.91 9.3867431 22.1003 24.173375 88 543757 124334 21756 266 0 0 0 0 0 0 553 155760 8923
24.18 0.194824 -0.133502 6.00023 21439 0.5000007 141820 51993 5 2 259122.43 9.3867431 22.1003 24.18 77 542347 123191 21358 267 0 0 0 0 0 0 553 155671 8692
24.186625 0.194824 -0.132808 6.00024 21440 0.5000007 141796 52039 3 2 271017.26 9.3867431 22.1003 24.186625 83 543031 123496 21882 268 0 0 0 0 0 0 553 155634 9091
24.193375 0.194824 -0.132101 6.00026 21441 0.5000007 141815 52002 5 2 262997.94 9.3867431 22.1003 24.193375 67 540260 121986 21490 269 0 0 0 0 0 0 553 155659 8822
24.2 0.194824 -0.131408 6.00027 21442 0.5000007 141755 51964 4 2 265353.05 9.3867431 22.1003 24.2 72 540673 122182 21563 270 0 0 0 0 0 0 553 155589 8901
24.206625 0.194824 -0.130714 6.00029 21443 0.5000007 141749 52000 4 2 264548.14 9.3867431 22.1003 24.206625 76 540998 122067 21500 271 0 0 0 0 0 0 553 155599 8874
24.213375 0.194824 -0.130007 6.0003 21444 0.5000007 141723 51984 4 2 262699.82 9.3867431 22.1003 24.213375 83 540310 121484 21526 272 0 0 0 0 0 0 553 155567 8812
24.22 0.194824 -0.129313 6.00032 21445 0.5000007 141720 52034 5 2 263117.18 9.3867431 22.1003 24.22 57 539071 120977 21326 273 0 0 0 0 0 0 553 155559 8826
24.226625 0.194824 -0.128619 6.00033 21446 0.5000007 141759 52027 4 2 260285.08 9.3867431 22.1003 24.226625 68 537238 120764 21356 274 0 0 0 0 0 0 553 155593 8731
24.233375 0.194824 -0.127912 6.00035 21447 0.5000007 141700 51939 4 2 261894.91 9.3867431 22.1003 24.233375 65 538092 120215 21466 275 0 0 0 0 0 0 553 155547 8785
24.24 0.194824 -0.127219 6.00036 21448 0.5000007 141690 51921 5 2 262342.08 9.3867431 22.1003 24.24 61 536405 120182 21366 276 0 0 0 0 0 0 553 155545 8800
24.246625 0.194824 -0.126525 6.00038 21448 0.5000007 141639 51897 5 2 260106.21 9.3867431 22.1003 24.246625 58 536498 119665 21252 277 0 0 0 0 0 0 553 155493 8725
24.253375 0.194824 -0.125818 6.00039 21449 0.5000007 141785 52013 5 2 261179.43 9.3867431 22.1003 24.253375 58 536230 119940 21408 278 0 0 0 0 0 0 553 155633 8761
24.26 0.194824 -0.125124 6.00041 21450 0.5000007 141686 51956 4 2 262461.33 9.3867431 22.1003 24.26 51 534673 119452 21450 279 0 0 0 0 0 0 553 155543 8804
24.266625 0.194824 -0.12443 6.00042 21451 0.5000007 141637 51900 4 2 260493.76 9.3867431 22.1003 24.266625 49 534516 118740 21377 280 0 0 0 0 0 0 553 155485 8738
24.273375 0.194824 -0.123723 6.00044 21452 0.5000007 141611 51873 4 2 262938.31 9.3867431 22.1003 24.273375 51 533499 119105 21362 281 0 0 0 0 0 0 553 155465 8820
24.28 0.194824 -0.123029 6.00045 21453 0.5000007 141659 51943 4 2 255783.53 9.3867431 22.1003 24.28 52 533880 117465 20832 282 0 0 0 0 0 0 553 155480 8580
24.286625 0.194824 -0.122336 6.00047 21454 0.5000007 141765 51932 5 2 259539.79 9.3867431 22.1003 24.286625 51 534350 118655 20995 283 0 0 0 0 0 0 553 155614 8706
24.293375 0.194824 -0.121629 6.00048 21455 0.5000007 141729 51982 4 2 255574.85 9.3867431 22.1003 24.293375 50 532787 117921 20908 284 0 0 0 0 0 0 553 155575 8573
24.3 0.194824 -0.120935 6.00049 21456 0.5000007 141722 51929 6 2 257274.11 9.3867431 22.1003 24.3 55 532385 117964 21052 285 0 0 0 0 0 0 553 155564 8630
24.306625 0.194824 -0.120241 6.00051 21457 0.5000007 141774 51940 4 2 258049.21 9.3867431 22.1003 24.306625 51 532332 117263 20936 286 0 0 0 0 0 0 553 155641 8656
24.313375 0.194824 -0.119534 6.00052 21458 0.5000007 141720 51912 4 2 259211.86 9.3867431 22.1003 24.313375 51 531936 117562 20845 287 0 0 0 0 0 0 553 155574 8695
24.32 0.194824 -0.11884 6.00054 21459 0.5000007 141758 51957 5 2 258138.64 9.3867431 22.1003 24.32 50 531882 117443 21111 288 0 0 0 0 0 0 553 155601 8659
24.326625 0.194824 -0.118147 6.00055 21460 0.5000007 141641 51877 4 2 258824.31 9.3867431 22.1003 24.326625 55 530454 116872 21118 289 0 0 0 0 0 0 553 155486 8682
24.333375 0.194824 -0.11744 6.00056 21461 0.5000007 141639 51833 5 2 254978.61 9.3867431 22.1003 24.333375 52 531275 117009 20850 290 0 0 0 0 0 0 553 155507 8553
24.34 0.194824 -0.116746 6.00058 21462 0.5000007 141580 51791 4 2 254889.18 9.3867431 22.1003 24.34 48 529879 116248 20842 291 0 0 0 0 0 0 553 155417 8550
24.346625 0.194824 -0.116052 6.00059 21463 0.5000007 141562 51799 4 2 262073.78 9.3867431 22.1003 24.346625 54 528231 116254 20942 292 0 0 0 0 0 0 553 155423 8791
24.353375 0.194824 -0.115345 6.0006 21464 0.5000007 141460 51754 5 2 258049.21 9.3867431 22.1003 24.353375 49 529483 116072 20826 293 0 0 0 0 0 0 553 155295 8656
24.36 0.194824 -0.114651 6.00062 21465 0.5000007 141461 51724 5 2 256379.76 9.3867431 22.1003 24.36 51 527463 115194 20712 294 0 0 0 0 0 0 553 155307 8600
24.366625 0.194824 -0.113957 6.00063 21466 0.5000007 141528 51760 4 2 250119.32 9.3867431 22.1003 24.366625 51 527449 115712 20649 295 0 0 0 0 0 0 553 155385 8390
24.373375 0.194824 -0.11325 6.00064 21467 0.5000007 141487 51720 5 2 252504.25 9.3867431 22.1003 24.373375 53 527791 115900 20850 296 0 0 0 0 0 0 553 155326 8470
24.38 0.194824 -0.112557 6.00066 21468 0.5000007 141431 51700 4 2 250536.69 9.3867431 22.1003 24.38 48 527185 115448 20558 297 0 0 0 0 0 0 553 155290 8404
24.386625 0.194824 -0.111863 6.00067 21469 0.5000007 141411 51723 4 2 254650.69 9.3867431 22.1003 24.386625 52 525544 115359 20697 298 0 0 0 0 0 0 553 155268 8542
24.393375 0.194824 -0.111156 6.00068 21470 0.5000007 141290 51627 4 2 256946.18 9.3867431 22.1003 24.393375 50 525473 115537 20684 299 0 0 0 0 0 0 553 155137 8619
24.4 0.194824 -0.110462 6.0007 21471 0.5000007 141390 51625 5 2 254084.27 9.3867431 22.1003 24.4 52 526834 115831 20718 300 0 0 0 0 0 0 553 155262 8523
