Eta  H  K  L  Epoch  Sec  ion1  Hubmon  scan_bar  Filters  Correct  Qmag  Energy  Graze  p_peak  p_total  p_del_s  p_nu_s  p_image  p_xcen  p_xsig  p_ycen  p_ysig  power  tempsp  gun_on  ion0  p_point
23 -0.194824 -0.257039 5.99621 29581 0.5000007 141546 51878 5 2 260851.5 9.3867431 22.1003 23 87 540630 117481 21276 0 0 0 0 0 0 0 553 154907 8750
23.006625 -0.194824 -0.256346 5.99624 29582 0.5000007 141463 51808 4 2 261477.54 9.3867431 22.1003 23.006625 68 538590 117807 21382 1 0 0 0 0 0 0 553 154842 8771
23.013375 -0.194824 -0.255639 5.99627 29583 0.5000007 141442 51778 4 2 260374.51 9.3867431 22.1003 23.013375 75 539886 117613 21296 2 0 0 0 0 0 0 553 154805 8734
23.02 -0.194824 -0.254946 5.99629 29584 0.5000007 141324 51741 7 2 257810.72 9.3867431 22.1003 23.02 92 539612 117372 21112 3 0 0 0 0 0 0 553 154711 8648
23.026625 -0.194824 -0.254253 5.99632 29585 0.5000007 141521 51818 4 2 263474.92 9.3867431 22.1003 23.026625 84 540208 117511 21168 4 0 0 0 0 0 0 553 154893 8838
23.033375 -0.194824 -0.253546 5.99635 29586 0.5000007 141504 51813 5 2 263951.91 9.3867431 22.1003 23.033375 86 540787 118141 21331 5 0 0 0 0 0 0 553 154867 8854
23.04 -0.194824 -0.252853 5.99638 29587 0.5000007 141541 51804 4 2 264160.59 9.3867431 22.1003 23.04 84 540518 117629 21219 6 0 0 0 0 0 0 553 154911 8861
23.046625 -0.194824 -0.252159 5.99641 29588 0.5000007 141435 51768 5 2 263773.04 9.3867431 22.1003 23.046625 86 541448 118057 21465 7 0 0 0 0 0 0 553 154827 8848
23.053375 -0.194824 -0.251453 5.99644 29589 0.5000007 141415 51782 5 2 256111.46 9.3867431 22.1003 23.053375 101 539912 117491 21007 8 0 0 0 0 0 0 553 154775 8591
23.06 -0.194824 -0.25076 5.99647 29590 0.5000007 141411 51808 6 2 261656.41 9.3867431 22.1003 23.06 80 539798 118198 21158 9 0 0 0 0 0 0 553 154774 8777
23.066625 -0.194824 -0.250066 5.9965 29591 0.5000007 141432 51764 4 2 262610.38 9.3867431 22.1003 23.066625 77 540407 117809 21150 10 0 0 0 0 0 0 553 154799 8809
23.073375 -0.194824 -0.24936 5.99653 29592 0.5000007 141422 51737 5 2 262491.14 9.3867431 22.1003 23.073375 89 540427 117729 21333 11 0 0 0 0 0 0 553 154798 8805
23.08 -0.194824 -0.248666 5.99656 29593 0.5000007 141248 51631 5 2 264011.53 9.3867431 22.1003 23.08 79 539678 117643 21521 12 0 0 0 0 0 0 553 154635 8856
23.086625 -0.194824 -0.247973 5.99659 29594 0.5000007 141293 51655 5 2 261537.17 9.3867431 22.1003 23.086625 90 540907 117906 20993 13 0 0 0 0 0 0 553 154663 8773
23.093375 -0.194824 -0.247267 5.99662 29595 0.5000007 141363 51682 4 2 258854.12 9.3867431 22.1003 23.093375 90 542232 118089 21204 14 0 0 0 0 0 0 553 154759 8683
23.1 -0.194824 -0.246573 5.99664 29596 0.5000007 141406 51782 5 2 262938.31 9.3867431 22.1003 23.1 93 541646 118279 21264 15 0 0 0 0 0 0 553 154756 8820
23.106625 -0.194824 -0.24588 5.99667 29597 0.5000007 141278 51638 5 2 261537.17 9.3867431 22.1003 23.106625 77 541197 118249 21312 16 0 0 0 0 0 0 553 154651 8773
23.113375 -0.194824 -0.245173 5.9967 29598 0.5000007 141433 51781 4 2 259688.85 9.3867431 22.1003 23.113375 76 542351 118754 21296 17 0 0 0 0 0 0 553 154806 8711
23.12 -0.194824 -0.24448 5.99673 29599 0.5000007 141270 51691 4 2 263713.41 9.3867431 22.1003 23.12 87 542015 118321 21364 18 0 0 0 0 0 0 553 154636 8846
23.126625 -0.194824 -0.243787 5.99676 29600 0.5000007 141350 51722 5 2 265323.24 9.3867431 22.1003 23.126625 82 542607 118789 21185 19 0 0 0 0 0 0 553 154734 8900
23.133375 -0.194824 -0.24308 5.99679 29601 0.5000007 141275 51672 4 2 263623.98 9.3867431 22.1003 23.133375 70 541158 118307 21145 20 0 0 0 0 0 0 553 154652 8843
23.14 -0.194824 -0.242387 5.99682 29602 0.5000007 141294 51677 4 2 262133.4 9.3867431 22.1003 23.14 82 541360 118510 21243 21 0 0 0 0 0 0 553 154656 8793
23.146625 -0.194824 -0.241693 5.99684 29603 0.5000007 141254 51651 5 2 264488.52 9.3867431 22.1003 23.146625 99 542614 118475 21244 22 0 0 0 0 0 0 553 154617 8872
23.153375 -0.194824 -0.240987 5.99687 29604 0.5000007 141300 51666 4 2 264160.59 9.3867431 22.1003 23.153375 70 542663 118538 21378 23 0 0 0 0 0 0 553 154663 8861
23.16 -0.194824 -0.240293 5.9969 29605 0.5000007 141190 51616 5 2 261298.67 9.3867431 22.1003 23.16 70 542468 118795 21293 24 0 0 0 0 0 0 553 154584 8765
23.166625 -0.194824 -0.2396 5.99693 29606 0.5000007 141311 51676 5 2 266903.25 9.3867431 22.1003 23.166625 88 543439 118981 21357 25 0 0 0 0 0 0 553 154692 8953
23.173375 -0.194824 -0.238894 5.99696 29607 0.5000007 141244 51674 4 2 268423.65 9.3867431 22.1003 23.173375 82 543627 119175 21602 26 0 0 0 0 0 0 553 154635 9004
23.18 -0.194824 -0.2382 5.99698 29608 0.5000007 141152 51579 5 2 261328.49 9.3867431 22.1003 23.18 96 542510 118373 21362 27 0 0 0 0 0 0 553 154515 8766
23.186625 -0.194824 -0.237507 5.99701 29609 0.5000007 141242 51605 4 2 264667.38 9.3867431 22.1003 23.186625 81 544696 119889 21532 28 0 0 0 0 0 0 553 154626 8878
23.193375 -0.194824 -0.2368 5.99704 29610 0.5000007 141282 51609 5 2 261626.6 9.3867431 22.1003 23.193375 71 545195 119161 21388 29 0 0 0 0 0 0 553 154661 8776
23.2 -0.194824 -0.236107 5.99707 29611 0.5000007 141182 51608 5 2 264428.89 9.3867431 22.1003 23.2 86 545942 119667 21604 30 0 0 0 0 0 0 553 154542 8870
23.206625 -0.194824 -0.235413 5.99709 29612 0.5000007 141247 51628 4 2 265442.49 9.3867431 22.1003 23.206625 96 544826 118985 21602 31 0 0 0 0 0 0 553 154621 8904
23.213375 -0.194824 -0.234707 5.99712 29613 0.5000007 141356 51683 5 2 263922.09 9.3867431 22.1003 23.213375 148 546543 119852 21655 32 0 0 0 0 0 0 553 154732 8853
23.22 -0.194824 -0.234013 5.99715 29614 0.5000007 141230 51625 4 2 267946.66 9.3867431 22.1003 23.22 203 547470 120258 21690 33 0 0 0 0 0 0 553 154590 8988
23.226625 -0.194824 -0.23332 5.99718 29615 0.5000007 141251 51621 5 2 268721.76 9.3867431 22.1003 23.226625 216 546987 119583 21551 34 0 0 0 0 0 0 553 154655 9014
23.233375 -0.194824 -0.232613 5.9972 29616 0.5000007 141186 51598 4 2 266813.82 9.3867431 22.1003 23.233375 287 547787 119983 21512 35 0 0 0 0 0 0 553 154553 8950
23.24 -0.194824 -0.23192 5.99723 29617 0.5000007 141262 51665 5 2 267618.73 9.3867431 22.1003 23.24 367 549694 120171 21674 36 0 0 0 0 0 0 553 154612 8977
23.246625 -0.194824 -0.231227 5.99726 29618 0.5000007 141344 51683 5 2 270570.08 9.3867431 22.1003 23.246625 418 551860 120828 21589 37 0 0 0 0 0 0 553 154720 9076
23.253375 -0.194824 -0.23052 5.99728 29619 0.5000007 141313 51665 5 2 263922.09 9.3867431 22.1003 23.253375 446 551303 120319 21601 38 0 0 0 0 0 0 553 154676 8853
23.26 -0.194824 -0.229827 5.99731 29620 0.5000007 141236 51642 5 2 270480.65 9.3867431 22.1003 23.26 402 552674 120945 21935 39 0 0 0 0 0 0 553 154620 9073
23.266625 -0.194824 -0.229133 5.99734 29621 0.5000007 141137 51545 4 2 267439.86 9.3867431 22.1003 23.266625 458 554379 120674 21682 40 0 0 0 0 0 0 553 154517 8971
23.273375 -0.194824 -0.228427 5.99736 29622 0.5000007 141094 51517 4 2 262133.4 9.3867431 22.1003 23.273375 450 554516 120868 21462 41 0 0 0 0 0 0 553 154473 8793
23.28 -0.194824 -0.227733 5.99739 29623 0.5000007 141165 51558 4 2 267111.94 9.3867431 22.1003 23.28 417 555941 121579 21713 42 0 0 0 0 0 0 553 154542 8960
23.286625 -0.194824 -0.22704 5.99742 29624 0.5000007 141092 51504 5 2 263355.67 9.3867431 22.1003 23.286625 390 554357 121028 21834 43 0 0 0 0 0 0 553 154473 8834
23.293375 -0.194824 -0.226333 5.99744 29625 0.5000007 141138 51538 4 2 265979.1 9.3867431 22.1003 23.293375 427 556728 121999 21872 44 0 0 0 0 0 0 553 154531 8922
23.3 -0.194824 -0.22564 5.99747 29626 0.5000007 141117 51557 6 2 274445.59 9.3867431 22.1003 23.3 494 558572 121904 21993 45 0 0 0 0 0 0 553 154503 9206
23.306625 -0.194824 -0.224946 5.9975 29627 0.5000007 141149 51556 4 2 267022.5 9.3867431 22.1003 23.306625 528 559187 122462 21658 46 0 0 0 0 0 0 553 154522 8957
23.313375 -0.194824 -0.22424 5.99752 29628 0.5000007 141190 51600 4 2 265054.94 9.3867431 22.1003 23.313375 642 559929 121968 21799 47 0 0 0 0 0 0 553 154567 8891
23.32 -0.194824 -0.223546 5.99755 29629 0.5000007 141048 51485 5 2 274892.76 9.3867431 22.1003 23.32 629 560076 123178 21872 48 0 0 0 0 0 0 553 154417 9221
23.326625 -0.194824 -0.222853 5.99757 29630 0.5000007 141074 51504 4 2 267827.41 9.3867431 22.1003 23.326625 684 559887 122283 21644 49 0 0 0 0 0 0 553 154443 8984
23.333375 -0.194824 -0.222146 5.9976 29631 0.5000007 141037 51499 5 2 269288.18 9.3867431 22.1003 23.333375 597 560454 123251 22012 50 0 0 0 0 0 0 553 154415 9033
23.34 -0.194824 -0.221452 5.99763 29632 0.5000007 141022 51540 4 2 267231.18 9.3867431 22.1003 23.34 443 558220 123498 21998 51 0 0 0 0 0 0 553 154382 8964
23.346625 -0.194824 -0.220759 5.99765 29633 0.5000007 141009 51516 4 2 270629.7 9.3867431 22.1003 23.346625 350 558673 124227 22115 52 0 0 0 0 0 0 553 154380 9078
23.353375 -0.194824 -0.220052 5.99768 29634 0.5000007 141065 51513 5 2 271255.75 9.3867431 22.1003 23.353375 288 559091 124532 21997 53 0 0 0 0 0 0 553 154451 9099
23.36 -0.194824 -0.219359 5.9977 29635 0.5000007 140929 51432 5 2 268185.15 9.3867431 22.1003 23.36 279 557963 123917 21876 54 0 0 0 0 0 0 553 154296 8996
23.366625 -0.194824 -0.218665 5.99773 29636 0.5000007 141021 51463 4 2 275578.43 9.3867431 22.1003 23.366625 244 557792 124950 22122 55 0 0 0 0 0 0 553 154397 9244
23.373375 -0.194824 -0.217959 5.99775 29637 0.5000007 141109 51537 4 2 282315.85 9.3867431 22.1003 23.373375 221 560332 125772 22343 56 0 0 0 0 0 0 553 154477 9470
23.38 -0.194824 -0.217265 5.99778 29638 0.5000007 141010 51514 4 2 274415.78 9.3867431 22.1003 23.38 168 557012 125741 22324 57 0 0 0 0 0 0 553 154397 9205
23.386625 -0.194824 -0.216572 5.9978 29639 0.5000007 140953 51447 5 2 277844.11 9.3867431 22.1003 23.386625 142 558700 125918 22403 58 0 0 0 0 0 0 553 154336 9320
23.393375 -0.194824 -0.215865 5.99783 29640 0.5000007 140943 51418 4 2 276949.76 9.3867431 22.1003 23.393375 129 557637 126409 22419 59 0 0 0 0 0 0 553 154312 9290
23.4 -0.194824 -0.215172 5.99785 29641 0.5000007 140990 51476 4 2 280348.29 9.3867431 22.1003 23.4 108 558375 126551 22719 60 0 0 0 0 0 0 553 154367 9404
23.406625 -0.194824 -0.214478 5.99788 29642 0.5000007 140979 51481 5 2 280497.34 9.3867431 22.1003 23.406625 86 558370 127485 22501 61 0 0 0 0 0 0 553 154358 9409
23.413375 -0.194824 -0.213772 5.9979 29643 0.5000007 140755 51323 6 2 278470.16 9.3867431 22.1003 23.413375 72 556776 127500 22522 62 0 0 0 0 0 0 553 154137 9341
23.42 -0.194824 -0.213078 5.99793 29644 0.5000007 140988 51455 4 2 278082.6 9.3867431 22.1003 23.42 92 560818 128817 22818 63 0 0 0 0 0 0 553 154349 9328
23.426625 -0.194824 -0.212384 5.99795 29645 0.5000007 140880 51393 4 2 279573.18 9.3867431 22.1003 23.426625 93 559392 128397 22683 64 0 0 0 0 0 0 553 154253 9378
23.433375 -0.194824 -0.211678 5.99798 29646 0.5000007 140891 51412 5 2 282912.08 9.3867431 22.1003 23.433375 78 559967 128425 22927 65 0 0 0 0 0 0 553 154266 9490
23.44 -0.194824 -0.210984 5.998 29647 0.5000007 140930 51468 5 2 286966.46 9.3867431 22.1003 23.44 86 561959 129722 23136 66 0 0 0 0 0 0 553 154314 9626
23.446625 -0.194824 -0.210291 5.99803 29648 0.5000007 140754 51305 5 2 277426.75 9.3867431 22.1003 23.446625 83 560491 129532 22887 67 0 0 0 0 0 0 553 154127 9306
23.453375 -0.194824 -0.209584 5.99805 29648 0.5000007 141007 51504 5 2 288427.23 9.3867431 22.1003 23.453375 86 563147 130058 23262 68 0 0 0 0 0 0 553 154353 9675
23.46 -0.194824 -0.208891 5.99808 29649 0.5000007 140926 51394 5 2 288963.84 9.3867431 22.1003 23.46 91 562845 131041 23428 69 0 0 0 0 0 0 553 154288 9693
23.466625 -0.194824 -0.208197 5.9981 29650 0.5000007 140837 51382 5 2 290543.85 9.3867431 22.1003 23.466625 94 564789 131444 23535 70 0 0 0 0 0 0 553 154185 9746
23.473375 -0.194824 -0.20749 5.99812 29651 0.5000007 140872 51357 5 2 293674.07 9.3867431 22.1003 23.473375 99 565634 132047 23729 71 0 0 0 0 0 0 553 154238 9851
23.48 -0.194824 -0.206797 5.99815 29653 0.5000007 140795 51321 4 2 294687.67 9.3867431 22.1003 23.48 97 567358 132752 23670 72 0 0 0 0 0 0 553 154175 9885
23.486625 -0.194824 -0.206103 5.99817 29653 0.5000007 140827 51384 6 2 291646.88 9.3867431 22.1003 23.486625 157 568797 133112 23670 73 0 0 0 0 0 0 553 154190 9783
23.493375 -0.194824 -0.205397 5.9982 29655 0.5000007 140869 51398 4 2 303273.41 9.3867431 22.1003 23.493375 126 571447 134179 24258 74 0 0 0 0 0 0 553 154248 10173
23.5 -0.194824 -0.204703 5.99822 29655 0.5000007 140837 51359 4 2 299815.26 9.3867431 22.1003 23.5 134 572767 135283 24352 75 0 0 0 0 0 0 553 154193 10057
23.506625 -0.194824 -0.20401 5.99824 29656 0.5000007 140895 51401 5 2 307774.96 9.3867431 22.1003 23.506625 150 574887 136405 24787 76 0 0 0 0 0 0 553 154284 10324
23.513375 -0.194824 -0.203303 5.99827 29657 0.5000007 140752 51306 5 2 308043.26 9.3867431 22.1003 23.513375 131 575135 137277 24863 77 0 0 0 0 0 0 553 154121 10333
23.52 -0.194824 -0.202609 5.99829 29658 0.5000007 140907 51389 5 2 309295.35 9.3867431 22.1003 23.52 119 579907 139540 25070 78 0 0 0 0 0 0 553 154294 10375
23.526625 -0.194824 -0.201916 5.99831 29659 0.5000007 140728 51270 4 2 311292.73 9.3867431 22.1003 23.526625 123 582916 140896 25168 79 0 0 0 0 0 0 553 154087 10442
23.533375 -0.194824 -0.201209 5.99834 29660 0.5000007 140711 51297 5 2 322770.19 9.3867431 22.1003 23.533375 130 588957 144386 25747 80 0 0 0 0 0 0 553 154103 10827
23.54 -0.194824 -0.200516 5.99836 29661 0.5000007 140661 51243 4 2 314631.63 9.3867431 22.1003 23.54 181 593085 145493 25560 81 0 0 0 0 0 0 553 154044 10554
23.546625 -0.194824 -0.199822 5.99838 29662 0.5000007 140755 51349 5 2 317910.9 9.3867431 22.1003 23.546625 236 600887 149397 26319 82 0 0 0 0 0 0 553 154141 10664
23.553375 -0.194824 -0.199115 5.99841 29663 0.5000007 140669 51252 5 2 324886.82 9.3867431 22.1003 23.553375 318 613907 153928 26815 83 0 0 0 0 0 0 553 154042 10898
23.56 -0.194824 -0.198422 5.99843 29664 0.5000007 140763 51333 5 2 332399.34 9.3867431 22.1003 23.56 491 627137 158586 27291 84 0 0 0 0 0 0 553 154129 11150
23.566625 -0.194824 -0.197728 5.99845 29665 0.5000007 140742 51264 5 2 340686.96 9.3867431 22.1003 23.566625 901 647217 165418 28071 85 0 0 0 0 0 0 553 154112 11428
23.573375 -0.194824 -0.197021 5.99848 29666 0.5000007 140696 51254 5 2 347871.56 9.3867431 22.1003 23.573375 1747 671310 173397 28831 86 0 0 0 0 0 0 553 154083 11669
23.58 -0.194824 -0.196328 5.9985 29667 0.5000007 140727 51257 4 2 356636.17 9.3867431 22.1003 23.58 1770 696978 181105 29347 87 0 0 0 0 0 0 553 154127 11963
23.586625 -0.194824 -0.195634 5.99852 29668 0.5000007 140691 51265 4 2 364267.94 9.3867431 22.1003 23.586625 1670 726932 192196 30589 88 0 0 0 0 0 0 553 154071 12219
23.593375 -0.194824 -0.194928 5.99855 29669 0.5000007 140718 51320 5 2 377057.12 9.3867431 22.1003 23.593375 2256 761299 205163 32010 89 0 0 0 0 0 0 553 154094 12648
23.6 -0.194824 -0.194234 5.99857 29670 0.5000007 140753 51300 5 2 391843.67 9.3867431 22.1003 23.6 2850 795071 219484 33023 90 0 0 0 0 0 0 553 154142 13144
23.606625 -0.194824 -0.19354 5.99859 29671 0.5000007 140792 51302 5 2 401651.69 9.3867431 22.1003 23.606625 3393 824855 236187 33834 91 0 0 0 0 0 0 553 154180 13473
23.613375 -0.194824 -0.192834 5.99861 29672 0.5000007 140823 51299 4 2 419270.34 9.3867431 22.1003 23.613375 3988 852172 259200 35024 92 0 0 0 0 0 0 553 154232 14064
23.62 -0.194824 -0.19214 5.99864 29673 0.5000007 140659 51240 5 2 430747.81 9.3867431 22.1003 23.62 4539 885404 293258 36345 93 0 0 0 0 0 0 553 154048 14449
23.626625 -0.194824 -0.191446 5.99866 29674 0.5000007 140825 51331 4 2 454954.83 9.3867431 22.1003 23.626625 8273 942414 350124 38131 94 0 0 0 0 0 0 553 154197 15261
23.633375 -0.194824 -0.19074 5.99868 29675 0.5000007 139372 50741 5 2 463153.02 9.3867431 22.1003 23.633375 17194 996383 416952 39695 95 0 0 0 0 0 0 553 152735 15536
23.64 -0.194824 -0.190046 5.9987 29676 0.5000007 140999 51395 5 2 484140.38 9.3867431 22.1003 23.64 20740 1084459 509361 42532 96 0 0 0 0 0 0 553 154373 16240
23.646625 -0.194824 -0.189352 5.99872 29677 0.5000007 140841 51343 5 2 508645.52 9.3867431 22.1003 23.646625 29554 1180324 618404 45022 97 0 0 0 0 0 0 553 154234 17062
23.653375 -0.194824 -0.188646 5.99875 29678 0.5000007 140977 51441 5 2 538546.55 9.3867431 22.1003 23.653375 57055 1315056 767533 49284 98 0 0 0 0 0 0 553 154366 18065
23.66 -0.194824 -0.187952 5.99877 29679 0.5000007 140813 51351 5 2 579388.45 9.3867431 22.1003 23.66 77261 1408727 869450 54152 99 0 0 0 0 0 0 553 154199 19435
23.666625 -0.194824 -0.187259 5.99879 29680 0.5000007 140940 51413 5 2 655855.2 9.3867431 22.1003 23.666625 87222 1479232 942344 61172 100 0 0 0 0 0 0 553 154313 22000
23.673375 -0.194824 -0.186552 5.99881 29681 0.5000007 140947 51418 4 2 761895.06 9.3867431 22.1003 23.673375 70501 1424219 879132 69979 101 0 0 0 0 0 0 553 154336 25557
23.68 -0.194824 -0.185858 5.99883 29682 0.5000007 140860 51351 5 2 911280.99 9.3867431 22.1003 23.68 60270 1438798 877303 82511 102 0 0 0 0 0 0 553 154237 30568
23.686625 -0.194824 -0.185165 5.99886 29683 0.5000007 140796 51302 5 2 1086901.1 9.3867431 22.1003 23.686625 56500 1535086 952508 101222 103 0 0 0 0 0 0 553 154179 36459
23.693375 -0.194824 -0.184458 5.99888 29684 0.5000007 140865 51328 5 2 1318656.5 9.3867431 22.1003 23.693375 71755 1652214 1046865 128997 104 0 0 0 0 0 0 553 154255 44233
23.7 -0.194824 -0.183764 5.9989 29685 0.5000007 140847 51360 4 2 1564453.1 9.3867431 22.1003 23.7 82798 1730587 1111531 160843 105 0 0 0 0 0 0 553 154240 52478
23.706625 -0.194824 -0.183071 5.99892 29686 0.5000007 140888 51338 4 2 1815556.3 9.3867431 22.1003 23.706625 71346 1711083 1084893 191958 106 0 0 0 0 0 0 553 154289 60901
23.713375 -0.194824 -0.182364 5.99894 29687 0.5000007 140876 51378 4 2 2054943.4 9.3867431 22.1003 23.713375 49021 1594418 976027 221168 107 0 0 0 0 0 0 553 154251 68931
23.72 -0.194824 -0.18167 5.99896 29688 0.5000007 140961 51406 4 2 2186084.6 9.3867431 22.1003 23.72 33556 1449484 852452 245678 108 0 0 0 0 0 0 553 154361 73330
23.726625 -0.194824 -0.180976 5.99898 29689 0.5000007 140816 51293 4 2 2276264.7 9.3867431 22.1003 23.726625 21454 1308710 736743 255230 109 0 0 0 0 0 0 553 154218 76355
23.733375 -0.194824 -0.18027 5.999 29690 0.5000007 140953 51351 5 2 2389161.2 9.3867431 22.1003 23.733375 18680 1210480 666657 258069 110 0 0 0 0 0 0 553 154340 80142
23.74 -0.194824 -0.179576 5.99902 29691 0.5000007 140917 51369 5 2 2468668.8 9.3867431 22.1003 23.74 14211 1144256 623748 256814 111 0 0 0 0 0 0 553 154304 82809
23.746625 -0.194824 -0.178882 5.99905 29692 0.5000007 140946 51387 4 2 2451139.6 9.3867431 22.1003 23.746625 17507 1110950 609170 261914 112 0 0 0 0 0 0 553 154342 82221
23.753375 -0.194824 -0.178176 5.99907 29693 0.5000007 140917 51374 4 2 2377326 9.3867431 22.1003 23.753375 17513 1102629 613165 275463 113 0 0 0 0 0 0 553 154313 79745
23.76 -0.194824 -0.177482 5.99909 29694 0.5000007 140966 51382 5 2 2293674.7 9.3867431 22.1003 23.76 18806 1098657 617915 284587 114 0 0 0 0 0 0 553 154373 76939
23.766625 -0.194824 -0.176788 5.99911 29695 0.5000007 140949 51394 5 2 2207876.9 9.3867431 22.1003 23.766625 20506 1114757 641104 306866 115 0 0 0 0 0 0 553 154345 74061
23.773375 -0.194824 -0.176082 5.99913 29696 0.5000007 140802 51336 5 2 2167064.8 9.3867431 22.1003 23.773375 21085 1115307 646819 310898 116 0 0 0 0 0 0 553 154189 72692
23.78 -0.194824 -0.175388 5.99915 29697 0.5000007 140941 51412 4 2 2189125.4 9.3867431 22.1003 23.78 21099 1123293 654684 316188 117 0 0 0 0 0 0 553 154340 73432
23.786625 -0.194824 -0.174694 5.99917 29698 0.5000007 140815 51280 4 2 2242339.1 9.3867431 22.1003 23.786625 18702 1105932 641250 306491 118 0 0 0 0 0 0 553 154208 75217
23.793375 -0.194824 -0.173988 5.99919 29699 0.5000007 140844 51313 5 2 2348408.8 9.3867431 22.1003 23.793375 16443 1099416 635645 302346 119 0 0 0 0 0 0 553 154243 78775
23.8 -0.194824 -0.173294 5.99921 29700 0.5000007 140916 51392 5 2 2480056.8 9.3867431 22.1003 23.8 16034 1088625 624973 292156 120 0 0 0 0 0 0 553 154310 83191
23.806625 -0.194824 -0.1726 5.99923 29701 0.5000007 140827 51327 6 2 2689542.9 9.3867431 22.1003 23.806625 11460 1074925 611072 278673 121 0 0 0 0 0 0 553 154190 90218
23.813375 -0.194824 -0.171893 5.99925 29702 0.5000007 140879 51375 4 2 2947771 9.3867431 22.1003 23.813375 6048 1065834 602716 265545 122 0 0 0 0 0 0 553 154260 98880
23.82 -0.194824 -0.1712 5.99927 29703 0.5000007 140922 51409 4 2 3175024.8 9.3867431 22.1003 23.82 3849 1076242 613223 266668 123 0 0 0 0 0 0 553 154290 106503
23.826625 -0.194824 -0.170506 5.99929 29704 0.5000007 140883 51388 4 2 3391218.6 9.3867431 22.1003 23.826625 2699 1102271 639461 278537 124 0 0 0 0 0 0 553 154259 113755
23.833375 -0.194824 -0.169799 5.99931 29705 0.5000007 140809 51299 6 2 3607173.8 9.3867431 22.1003 23.833375 3359 1146512 680532 302206 125 0 0 0 0 0 0 553 154199 120999
23.84 -0.194824 -0.169106 5.99933 29706 0.5000007 140793 51338 7 2 3831267.6 9.3867431 22.1003 23.84 5529 1196202 729551 333261 126 0 0 0 0 0 0 553 154189 128516
23.846625 -0.194824 -0.168412 5.99935 29707 0.5000007 140970 51406 4 2 4146495.4 9.3867431 22.1003 23.846625 7911 1263771 795755 376819 127 0 0 0 0 0 0 553 154358 139090
23.853375 -0.194824 -0.167705 5.99937 29708 0.5000007 140894 51363 4 2 4499971.6 9.3867431 22.1003 23.853375 8920 1320509 849476 412844 128 0 0 0 0 0 0 553 154284 150947
23.86 -0.194824 -0.167011 5.99939 29709 0.5000007 141002 51508 5 2 5016934.5 9.3867431 22.1003 23.86 9502 1358651 885366 435261 129 0 0 0 0 0 0 553 154378 168288
23.866625 -0.194824 -0.166318 5.99941 29710 0.5000007 140991 51425 4 2 5443628 9.3867431 22.1003 23.866625 8551 1374400 897666 437379 130 0 0 0 0 0 0 553 154351 182601
23.873375 -0.194824 -0.165611 5.99943 29711 0.5000007 140977 51452 4 2 5725198.5 9.3867431 22.1003 23.873375 7130 1363224 880681 422396 131 0 0 0 0 0 0 553 154364 192046
23.88 -0.194824 -0.164917 5.99945 29712 0.5000007 140956 51444 5 2 5792125.6 9.3867431 22.1003 23.88 5462 1338520 851985 400344 132 0 0 0 0 0 0 553 154332 194291
23.886625 -0.194824 -0.164223 5.99946 29713 0.5000007 140949 51399 5 2 5558909.4 9.3867431 22.1003 23.886625 3974 1294125 801537 365744 133 0 0 0 0 0 0 553 154337 186468
23.893375 -0.194824 -0.163517 5.99948 29714 0.5000007 140918 51388 5 2 5215181.7 9.3867431 22.1003 23.893375 3731 1241960 746437 330335 134 0 0 0 0 0 0 553 154291 174938
23.9 -0.194824 -0.162823 5.9995 29715 0.5000007 140925 51415 5 2 4775788.5 9.3867431 22.1003 23.9 3730 1180884 685627 292244 135 0 0 0 0 0 0 553 154308 160199
23.906625 -0.194824 -0.162129 5.99952 29715 0.5000007 140894 51383 6 2 4216940.3 9.3867431 22.1003 23.906625 3449 1113231 620718 251581 136 0 0 0 0 0 0 553 154287 141453
23.913375 -0.194824 -0.161422 5.99954 29716 0.5000007 140980 51427 5 2 3688261.3 9.3867431 22.1003 23.913375 2811 1058369 573210 217295 137 0 0 0 0 0 0 553 154353 123719
23.92 -0.194824 -0.160729 5.99956 29717 0.5000007 140983 51440 4 2 3162682.8 9.3867431 22.1003 23.92 2075 1019911 540957 188822 138 0 0 0 0 0 0 553 154362 106089
23.926625 -0.194824 -0.160035 5.99958 29718 0.5000007 141000 51479 6 2 2697293.9 9.3867431 22.1003 23.926625 2341 996578 524084 165036 139 0 0 0 0 0 0 553 154378 90478
23.933375 -0.194824 -0.159328 5.9996 29719 0.5000007 140929 51428 5 2 2278530.4 9.3867431 22.1003 23.933375 4024 987329 519192 144860 140 0 0 0 0 0 0 553 154294 76431
23.94 -0.194824 -0.158635 5.99962 29720 0.5000007 140897 51410 4 2 1958145.1 9.3867431 22.1003 23.94 7035 997863 533224 129133 141 0 0 0 0 0 0 553 154264 65684
23.946625 -0.194824 -0.157941 5.99963 29721 0.5000007 140909 51420 4 2 1702242.4 9.3867431 22.1003 23.946625 11930 1021846 559336 116650 142 0 0 0 0 0 0 553 154281 57100
23.953375 -0.194824 -0.157234 5.99965 29722 0.5000007 140822 51330 4 2 1490967.6 9.3867431 22.1003 23.953375 15218 1060632 600360 105435 143 0 0 0 0 0 0 553 154209 50013
23.96 -0.194824 -0.15654 5.99967 29723 0.5000007 140898 51389 4 2 1314482.9 9.3867431 22.1003 23.96 18196 1118582 659722 95887 144 0 0 0 0 0 0 553 154264 44093
23.966625 -0.194824 -0.155846 5.99969 29724 0.5000007 140847 51365 4 2 1179466.1 9.3867431 22.1003 23.966625 25263 1200788 742761 88096 145 0 0 0 0 0 0 553 154222 39564
23.973375 -0.194824 -0.15514 5.99971 29725 0.5000007 140865 51363 5 2 1077868.2 9.3867431 22.1003 23.973375 34831 1254643 796973 81704 146 0 0 0 0 0 0 553 154249 36156
23.98 -0.194824 -0.154446 5.99972 29726 0.5000007 140820 51391 5 2 994813.09 9.3867431 22.1003 23.98 33413 1277264 822155 76174 147 0 0 0 0 0 0 553 154181 33370
23.986625 -0.194824 -0.153752 5.99974 29727 0.5000007 140895 51403 4 2 928422.66 9.3867431 22.1003 23.986625 29843 1249186 793773 71732 148 0 0 0 0 0 0 553 154280 31143
23.993375 -0.194824 -0.153045 5.99976 29728 0.5000007 140854 51384 5 2 874731.97 9.3867431 22.1003 23.993375 20610 1159072 704906 67636 149 0 0 0 0 0 0 553 154215 29342
24 -0.194824 -0.152352 5.99978 29729 0.5000007 140840 51384 4 2 822680.91 9.3867431 22.1003 24 9438 1060192 607356 64393 150 0 0 0 0 0 0 553 154215 27596
24.006625 -0.194824 -0.151658 5.9998 29730 0.5000007 140855 51365 4 2 796565.95 9.3867431 22.1003 24.006625 12095 979764 527803 62181 151 0 0 0 0 0 0 553 154227 26720
24.013375 -0.194824 -0.150951 5.99981 29731 0.5000007 140827 51366 6 2 747704.74 9.3867431 22.1003 24.013375 8329 905651 455459 58981 152 0 0 0 0 0 0 553 154187 25081
24.02 -0.194824 -0.150257 5.99983 29732 0.5000007 140912 51432 4 2 725465.29 9.3867431 22.1003 24.02 4738 837384 386991 56990 153 0 0 0 0 0 0 553 154288 24335
24.026625 -0.194824 -0.149564 5.99985 29733 0.5000007 140810 51377 4 2 699499.38 9.3867431 22.1003 24.026625 4225 792379 343333 55730 154 0 0 0 0 0 0 553 154195 23464
24.033375 -0.194824 -0.148857 5.99987 29734 0.5000007 140809 51361 4 2 670403.26 9.3867431 22.1003 24.033375 1522 751635 304143 53706 155 0 0 0 0 0 0 553 154159 22488
24.04 -0.194824 -0.148163 5.99988 29735 0.5000007 140815 51378 4 2 638981.83 9.3867431 22.1003 24.04 850 732165 284415 51691 156 0 0 0 0 0 0 553 154175 21434
24.046625 -0.194824 -0.147469 5.9999 29736 0.5000007 140815 51315 5 2 620111.09 9.3867431 22.1003 24.046625 635 719079 273416 50425 157 0 0 0 0 0 0 553 154181 20801
24.053375 -0.194824 -0.146762 5.99992 29737 0.5000007 140878 51401 4 2 592952.72 9.3867431 22.1003 24.053375 652 714122 267035 49231 158 0 0 0 0 0 0 553 154257 19890
24.06 -0.194824 -0.146069 5.99993 29738 0.5000007 140882 51408 4 2 560458.08 9.3867431 22.1003 24.06 716 708209 262019 47602 159 0 0 0 0 0 0 553 154267 18800
24.066625 -0.194824 -0.145375 5.99995 29739 0.5000007 140790 51360 6 2 546953.43 9.3867431 22.1003 24.066625 726 704344 256871 46075 160 0 0 0 0 0 0 553 154158 18347
24.073375 -0.194824 -0.144668 5.99997 29740 0.5000007 140929 51424 5 2 529483.83 9.3867431 22.1003 24.073375 710 701873 255398 45994 161 0 0 0 0 0 0 553 154307 17761
24.08 -0.194824 -0.143974 5.99998 29741 0.5000007 140836 51392 5 2 503935.29 9.3867431 22.1003 24.08 753 696796 251807 44436 162 0 0 0 0 0 0 553 154209 16904
24.086625 -0.194824 -0.14328 6 29742 0.5000007 140949 51481 4 2 492040.46 9.3867431 22.1003 24.086625 827 697882 251282 43826 163 0 0 0 0 0 0 553 154307 16505
24.093375 -0.194824 -0.142574 6.00002 29743 0.5000007 140872 51425 4 2 478446.37 9.3867431 22.1003 24.093375 1171 697414 251709 42933 164 0 0 0 0 0 0 553 154252 16049
24.1 -0.194824 -0.14188 6.00003 29744 0.5000007 140885 51467 4 2 467773.82 9.3867431 22.1003 24.1 1503 698230 251752 42027 165 0 0 0 0 0 0 553 154252 15691
24.106625 -0.194824 -0.141186 6.00005 29745 0.5000007 140958 51466 5 2 459009.21 9.3867431 22.1003 24.106625 1831 699555 252838 41696 166 0 0 0 0 0 0 553 154339 15397
24.113375 -0.194824 -0.140479 6.00007 29746 0.5000007 140884 51473 5 2 452122.73 9.3867431 22.1003 24.113375 2143 699928 253848 40581 167 0 0 0 0 0 0 553 154255 15166
24.12 -0.194824 -0.139785 6.00008 29747 0.5000007 141057 51589 4 2 440883.75 9.3867431 22.1003 24.12 2395 702459 257632 40010 168 0 0 0 0 0 0 553 154440 14789
24.126625 -0.194824 -0.139092 6.0001 29748 0.5000007 141013 51554 5 2 427349.29 9.3867431 22.1003 24.126625 2861 706633 261928 39194 169 0 0 0 0 0 0 553 154380 14335
24.133375 -0.194824 -0.138385 6.00012 29749 0.5000007 141078 51611 5 2 424606.62 9.3867431 22.1003 24.133375 3515 711067 266637 38410 170 0 0 0 0 0 0 553 154443 14243
24.14 -0.194824 -0.137691 6.00013 29750 0.5000007 141044 51534 4 2 418018.26 9.3867431 22.1003 24.14 3315 717182 274120 37794 171 0 0 0 0 0 0 553 154417 14022
24.146625 -0.194824 -0.136997 6.00015 29751 0.5000007 141056 51619 5 2 410863.47 9.3867431 22.1003 24.146625 4058 721620 278465 37073 172 0 0 0 0 0 0 553 154414 13782
24.153375 -0.194824 -0.13629 6.00016 29752 0.5000007 141083 51628 4 2 404126.05 9.3867431 22.1003 24.153375 3912 730128 288688 36909 173 0 0 0 0 0 0 553 154448 13556
24.16 -0.194824 -0.135597 6.00018 29753 0.5000007 141175 51680 5 2 401353.57 9.3867431 22.1003 24.16 3377 744416 301983 36486 174 0 0 0 0 0 0 553 154548 13463
24.166625 -0.194824 -0.134903 6.0002 29754 0.5000007 141163 51700 4 2 393185.19 9.3867431 22.1003 24.166625 3832 757670 315045 35802 175 0 0 0 0 0 0 553 154523 13189
24.173375 -0.194824 -0.134196 6.00021 29755 0.5000007 141240 51683 5 2 387968.16 9.3867431 22.1003 24.173375 5247 779946 337732 35431 176 0 0 0 0 0 0 553 154600 13014
24.18 -0.194824 -0.133502 6.00023 29756 0.5000007 141263 51737 6 2 387729.67 9.3867431 22.1003 24.18 7933 818426 376114 35349 177 0 0 0 0 0 0 553 154615 13006
24.186625 -0.194824 -0.132808 6.00024 29757 0.5000007 141322 51791 5 2 387371.93 9.3867431 22.1003 24.186625 14325 872344 430516 34935 178 0 0 0 0 0 0 553 154676 12994
24.193375 -0.194824 -0.132101 6.00026 29758 0.5000007 141300 51803 5 2 375059.74 9.3867431 22.1003 24.193375 21515 944031 503387 34440 179 0 0 0 0 0 0 553 154646 12581
24.2 -0.194824 -0.131408 6.00027 29759 0.5000007 141227 51783 6 2 381320.18 9.3867431 22.1003 24.2 29791 1028069 587770 34660 180 0 0 0 0 0 0 553 154574 12791
24.206625 -0.194824 -0.130714 6.00029 29760 0.5000007 141427 51917 5 2 371899.71 9.3867431 22.1003 24.206625 39164 1121758 682189 34522 181 0 0 0 0 0 0 553 154789 12475
24.213375 -0.194824 -0.130007 6.0003 29761 0.5000007 141427 51865 4 2 373420.1 9.3867431 22.1003 24.213375 62121 1281304 839930 34667 182 0 0 0 0 0 0 553 154778 12526
24.22 -0.194824 -0.129313 6.00032 29762 0.5000007 141443 51949 4 2 378130.33 9.3867431 22.1003 24.22 119725 1518245 1075888 35312 183 0 0 0 0 0 0 553 154783 12684
24.226625 -0.194824 -0.128619 6.00033 29763 0.5000007 141513 52007 4 2 384271.52 9.3867431 22.1003 24.226625 163843 1809548 1367505 36025 184 0 0 0 0 0 0 553 154882 12890
24.233375 -0.194824 -0.127912 6.00035 29764 0.5000007 141485 51996 4 2 379263.18 9.3867431 22.1003 24.233375 172298 1985185 1543635 35994 185 0 0 0 0 0 0 553 154838 12722
24.24 -0.194824 -0.127219 6.00036 29765 0.5000007 141554 52034 4 2 381648.1 9.3867431 22.1003 24.24 229922 2116277 1675011 36515 186 0 0 0 0 0 0 553 154896 12802
24.246625 -0.194824 -0.126525 6.00038 29766 0.5000007 141612 52087 5 2 368680.06 9.3867431 22.1003 24.246625 203164 1833424 1393480 35419 187 0 0 0 0 0 0 553 154957 12367
24.253375 -0.194824 -0.125818 6.00039 29767 0.5000007 141531 52071 5 2 369991.77 9.3867431 22.1003 24.253375 85673 1507293 1067156 35214 188 0 0 0 0 0 0 553 154878 12411
24.26 -0.194824 -0.125124 6.00041 29768 0.5000007 141657 52134 4 2 364029.45 9.3867431 22.1003 24.26 61442 1320784 880132 34624 189 0 0 0 0 0 0 553 155016 12211
24.266625 -0.194824 -0.12443 6.00042 29769 0.5000007 141554 52087 4 2 369693.65 9.3867431 22.1003 24.266625 47941 1178900 740211 34849 190 0 0 0 0 0 0 553 154902 12401
24.273375 -0.194824 -0.123723 6.00044 29770 0.5000007 141685 52162 5 2 365639.27 9.3867431 22.1003 24.273375 38801 1053794 614089 35281 191 0 0 0 0 0 0 553 155026 12265
24.28 -0.194824 -0.123029 6.00045 29771 0.5000007 141759 52278 4 2 371869.9 9.3867431 22.1003 24.28 23339 913585 474604 35551 192 0 0 0 0 0 0 553 155108 12474
24.286625 -0.194824 -0.122336 6.00047 29772 0.5000007 141650 52168 4 2 383377.18 9.3867431 22.1003 24.286625 13563 824883 386592 36869 193 0 0 0 0 0 0 553 154981 12860
24.293375 -0.194824 -0.121629 6.00048 29773 0.5000007 141913 52322 4 2 384808.13 9.3867431 22.1003 24.293375 5596 758451 318308 37499 194 0 0 0 0 0 0 553 155257 12908
24.3 -0.194824 -0.120935 6.00049 29774 0.5000007 141863 52328 5 2 388504.77 9.3867431 22.1003 24.3 3940 727139 288011 38781 195 0 0 0 0 0 0 553 155200 13032
24.306625 -0.194824 -0.120241 6.00051 29775 0.5000007 141807 52333 5 2 380634.51 9.3867431 22.1003 24.306625 3933 709851 270744 39037 196 0 0 0 0 0 0 553 155151 12768
24.313375 -0.194824 -0.119534 6.00052 29776 0.5000007 141806 52295 4 2 379859.41 9.3867431 22.1003 24.313375 3247 689359 251322 38818 197 0 0 0 0 0 0 553 155162 12742
24.32 -0.194824 -0.11884 6.00054 29777 0.5000007 141859 52350 4 2 362777.36 9.3867431 22.1003 24.32 1907 669754 231990 36867 198 0 0 0 0 0 0 553 155199 12169
24.326625 -0.194824 -0.118147 6.00055 29778 0.5000007 141764 52273 5 2 356010.13 9.3867431 22.1003 24.326625 1357 654044 217866 35647 199 0 0 0 0 0 0 553 155118 11942
24.333375 -0.194824 -0.11744 6.00056 29779 0.5000007 141818 52343 4 2 346559.85 9.3867431 22.1003 24.333375 837 637813 200925 33766 200 0 0 0 0 0 0 553 155144 11625
24.34 -0.194824 -0.116746 6.00058 29780 0.5000007 141917 52414 4 2 336692.21 9.3867431 22.1003 24.34 607 624396 187769 31698 201 0 0 0 0 0 0 553 155259 11294
24.346625 -0.194824 -0.116052 6.00059 29781 0.5000007 141930 52423 4 2 331147.25 9.3867431 22.1003 24.346625 432 615642 179593 30315 202 0 0 0 0 0 0 553 155248 11108
24.353375 -0.194824 -0.115345 6.0006 29782 0.5000007 142002 52451 4 2 320981.5 9.3867431 22.1003 24.353375 344 606088 169885 28421 203 0 0 0 0 0 0 553 155328 10767
24.36 -0.194824 -0.114651 6.00062 29783 0.5000007 142062 52478 5 2 318924.5 9.3867431 22.1003 24.36 255 600717 164142 28005 204 0 0 0 0 0 0 553 155419 10698
24.366625 -0.194824 -0.113957 6.00063 29784 0.5000007 141953 52453 4 2 313141.05 9.3867431 22.1003 24.366625 218 596332 160320 27157 205 0 0 0 0 0 0 553 155292 10504
24.373375 -0.194824 -0.11325 6.00064 29785 0.5000007 142028 52485 5 2 320087.15 9.3867431 22.1003 24.373375 183 592277 156482 27060 206 0 0 0 0 0 0 553 155381 10737
24.38 -0.194824 -0.112557 6.00066 29786 0.5000007 142019 52473 5 2 309474.22 9.3867431 22.1003 24.38 159 590169 153734 26394 207 0 0 0 0 0 0 553 155363 10381
24.386625 -0.194824 -0.111863 6.00067 29787 0.5000007 142028 52526 5 2 311531.22 9.3867431 22.1003 24.386625 145 586296 150736 26178 208 0 0 0 0 0 0 553 155376 10450
24.393375 -0.194824 -0.111156 6.00068 29787 0.5000007 141994 52465 5 2 310100.26 9.3867431 22.1003 24.393375 130 584818 148925 25809 209 0 0 0 0 0 0 553 155315 10402
24.4 -0.194824 -0.110462 6.0007 29788 0.5000007 141925 52434 4 2 305270.78 9.3867431 22.1003 24.4 123 581434 146369 25633 210 0 0 0 0 0 0 553 155269 10240
24.406625 -0.194824 -0.109768 6.00071 29789 0.5000007 142019 52500 4 2 303034.91 9.3867431 22.1003 24.406625 107 579659 144861 25323 211 0 0 0 0 0 0 553 155357 10165
24.413375 -0.194824 -0.109061 6.00072 29790 0.5000007 142073 52556 4 2 307148.91 9.3867431 22.1003 24.413375 101 578720 143782 25440 212 0 0 0 0 0 0 553 155409 10303
24.42 -0.194824 -0.108367 6.00073 29791 0.5000007 141981 52476 5 2 297758.26 9.3867431 22.1003 24.42 98 577350 142082 24801 213 0 0 0 0 0 0 553 155321 9988
24.426625 -0.194824 -0.107673 6.00075 29792 0.5000007 141985 52489 6 2 297251.46 9.3867431 22.1003 24.426625 83 573726 139873 24561 214 0 0 0 0 0 0 553 155318 9971
24.433375 -0.194824 -0.106966 6.00076 29793 0.5000007 142037 52529 4 2 302289.62 9.3867431 22.1003 24.433375 87 573353 138995 24699 215 0 0 0 0 0 0 553 155368 10140
24.44 -0.194824 -0.106273 6.00077 29794 0.5000007 141941 52417 4 2 296655.23 9.3867431 22.1003 24.44 183 572102 137812 24610 216 0 0 0 0 0 0 553 155261 9951
24.446625 -0.194824 -0.105579 6.00078 29795 0.5000007 139750 51580 4 2 294300.12 9.3867431 22.1003 24.446625 82 561202 134855 23983 217 0 0 0 0 0 0 553 153014 9872
24.453375 -0.194824 -0.104872 6.0008 29796 0.5000007 142597 52710 5 2 292451.8 9.3867431 22.1003 24.453375 82 572841 136955 24326 218 0 0 0 0 0 0 553 155923 9810
24.46 -0.194824 -0.104178 6.00081 29797 0.5000007 142509 52657 5 2 293465.39 9.3867431 22.1003 24.46 89 571836 136173 24334 219 0 0 0 0 0 0 553 155839 9844
24.466625 -0.194824 -0.103484 6.00082 29798 0.5000007 142616 52740 5 2 290484.23 9.3867431 22.1003 24.466625 91 571660 135282 24137 220 0 0 0 0 0 0 553 155949 9744
24.473375 -0.194824 -0.102777 6.00083 29799 0.5000007 142567 52696 4 2 285893.24 9.3867431 22.1003 24.473375 95 568616 134104 23938 221 0 0 0 0 0 0 553 155895 9590
24.48 -0.194824 -0.102083 6.00084 29800 0.5000007 142546 52701 4 2 291617.07 9.3867431 22.1003 24.48 89 568518 133879 23976 222 0 0 0 0 0 0 553 155889 9782
24.486625 -0.194824 -0.101389 6.00086 29801 0.5000007 142451 52604 5 2 291169.9 9.3867431 22.1003 24.486625 99 567958 133908 23911 223 0 0 0 0 0 0 553 155790 9767
24.493375 -0.194824 -0.100682 6.00087 29802 0.5000007 142545 52692 5 2 288755.16 9.3867431 22.1003 24.493375 87 567836 132654 23581 224 0 0 0 0 0 0 553 155885 9686
24.5 -0.194824 -0.0999886 6.00088 29803 0.5000007 142412 52575 5 2 284790.21 9.3867431 22.1003 24.5 109 566122 132992 23457 225 0 0 0 0 0 0 553 155758 9553
24.506625 -0.194824 -0.0992947 6.00089 29804 0.5000007 142391 52549 4 2 286370.23 9.3867431 22.1003 24.506625 159 565753 132032 23330 226 0 0 0 0 0 0 553 155738 9606
24.513375 -0.194824 -0.0985877 6.0009 29805 0.5000007 142368 52582 5 2 281481.13 9.3867431 22.1003 24.513375 269 567202 132790 23300 227 0 0 0 0 0 0 553 155695 9442
24.52 -0.194824 -0.0978938 6.00091 29806 0.5000007 142365 52516 4 2 281987.92 9.3867431 22.1003 24.52 360 567375 133357 23251 228 0 0 0 0 0 0 553 155705 9459
24.526625 -0.194824 -0.0972 6.00092 29807 0.5000007 142393 52531 4 2 287711.75 9.3867431 22.1003 24.526625 406 567335 132996 23624 229 0 0 0 0 0 0 553 155741 9651
24.533375 -0.194824 -0.096493 6.00094 29808 0.5000007 142278 52444 4 2 282166.79 9.3867431 22.1003 24.533375 481 563611 131649 23053 230 0 0 0 0 0 0 553 155614 9465
24.54 -0.194824 -0.0957991 6.00095 29809 0.5000007 142238 52435 4 2 281033.95 9.3867431 22.1003 24.54 438 563478 131182 23045 231 0 0 0 0 0 0 553 155583 9427
24.546625 -0.194824 -0.0951052 6.00096 29810 0.5000007 142259 52443 5 2 286191.36 9.3867431 22.1003 24.546625 393 563291 130939 23158 232 0 0 0 0 0 0 553 155626 9600
24.553375 -0.194824 -0.0943983 6.00097 29811 0.5000007 142207 52402 5 2 278082.6 9.3867431 22.1003 24.553375 310 561765 129598 22935 233 0 0 0 0 0 0 553 155563 9328
24.56 -0.194824 -0.0937044 6.00098 29812 0.5000007 142160 52359 4 2 279126.01 9.3867431 22.1003 24.56 262 560161 128828 22627 234 0 0 0 0 0 0 553 155494 9363
24.566625 -0.194824 -0.0930105 6.00099 29813 0.5000007 142233 52391 4 2 284134.36 9.3867431 22.1003 24.566625 188 558554 128027 23061 235 0 0 0 0 0 0 553 155577 9531
24.573375 -0.194824 -0.0923035 6.001 29814 0.5000007 142073 52266 5 2 274743.71 9.3867431 22.1003 24.573375 144 556412 126835 22531 236 0 0 0 0 0 0 553 155422 9216
24.58 -0.194824 -0.0916097 6.00101 29815 0.5000007 142072 52248 4 2 276174.66 9.3867431 22.1003 24.58 99 555341 126048 22570 237 0 0 0 0 0 0 553 155408 9264
24.586625 -0.194824 -0.0909158 6.00102 29816 0.5000007 142004 52185 5 2 273253.13 9.3867431 22.1003 24.586625 97 555095 125213 22502 238 0 0 0 0 0 0 553 155344 9166
24.593375 -0.194824 -0.0902088 6.00103 29817 0.5000007 142040 52213 4 2 278947.14 9.3867431 22.1003 24.593375 82 553482 125513 22603 239 0 0 0 0 0 0 553 155398 9357
24.6 -0.194824 -0.0895149 6.00104 29818 0.5000007 141919 52153 4 2 274236.91 9.3867431 22.1003 24.6 77 552734 124073 22217 240 0 0 0 0 0 0 553 155287 9199
24.606625 -0.194824 -0.088821 6.00105 29819 0.5000007 141910 52157 4 2 270838.39 9.3867431 22.1003 24.606625 85 551891 123795 22140 241 0 0 0 0 0 0 553 155274 9085
24.613375 -0.194824 -0.088114 6.00107 29820 0.5000007 141918 52096 4 2 273700.3 9.3867431 22.1003 24.613375 86 552442 124192 22413 242 0 0 0 0 0 0 553 155283 9181
24.62 -0.194824 -0.0874201 6.00108 29821 0.5000007 141924 52169 4 2 272388.59 9.3867431 22.1003 24.62 95 551855 123480 22193 243 0 0 0 0 0 0 553 155279 9137
24.626625 -0.194824 -0.0867262 6.00109 29822 0.5000007 141770 52032 5 2 273253.13 9.3867431 22.1003 24.626625 90 551032 123581 22225 244 0 0 0 0 0 0 553 155134 9166
24.633375 -0.194824 -0.0860193 6.0011 29823 0.5000007 141743 51975 4 2 273133.88 9.3867431 22.1003 24.633375 75 551630 123168 22450 245 0 0 0 0 0 0 553 155119 9162
24.64 -0.194824 -0.0853254 6.00111 29824 0.5000007 141646 51877 3 2 271732.73 9.3867431 22.1003 24.64 91 550129 123051 22134 246 0 0 0 0 0 0 553 155012 9115
24.646625 -0.194824 -0.0846315 6.00112 29825 0.5000007 141768 52033 4 2 277456.56 9.3867431 22.1003 24.646625 88 548156 122557 22403 247 0 0 0 0 0 0 553 155135 9307
24.653375 -0.194824 -0.0839245 6.00113 29826 0.5000007 141508 51864 4 2 268900.63 9.3867431 22.1003 24.653375 84 546367 121572 22023 248 0 0 0 0 0 0 553 154886 9020
24.66 -0.194824 -0.0832306 6.00113 29827 0.5000007 141588 51874 5 2 265561.73 9.3867431 22.1003 24.66 85 547699 121733 21722 249 0 0 0 0 0 0 553 154953 8908
24.666625 -0.194824 -0.0825367 6.00114 29828 0.5000007 141570 51867 4 2 266485.89 9.3867431 22.1003 24.666625 90 546426 121313 22020 250 0 0 0 0 0 0 553 154946 8939
24.673375 -0.194824 -0.0818297 6.00115 29829 0.5000007 141410 51761 4 2 268483.27 9.3867431 22.1003 24.673375 79 545965 121275 21756 251 0 0 0 0 0 0 553 154799 9006
24.68 -0.194824 -0.0811358 6.00116 29830 0.5000007 141446 51768 4 2 266217.59 9.3867431 22.1003 24.68 78 545843 121008 21911 252 0 0 0 0 0 0 553 154813 8930
24.686625 -0.194824 -0.0804419 6.00117 29831 0.5000007 141431 51737 4 2 265144.37 9.3867431 22.1003 24.686625 74 544777 120089 21551 253 0 0 0 0 0 0 553 154820 8894
24.693375 -0.194824 -0.0797349 6.00118 29832 0.5000007 141423 51735 5 2 265889.66 9.3867431 22.1003 24.693375 90 544726 119996 21751 254 0 0 0 0 0 0 553 154784 8919
24.7 -0.194824 -0.079041 6.00119 29833 0.5000007 141409 51722 5 2 272179.91 9.3867431 22.1003 24.7 71 544736 120839 22118 255 0 0 0 0 0 0 553 154786 9130
24.706625 -0.194824 -0.0783471 6.0012 29834 0.5000007 141296 51660 4 2 267767.79 9.3867431 22.1003 24.706625 85 543941 120197 21682 256 0 0 0 0 0 0 553 154669 8982
24.713375 -0.194824 -0.0776401 6.00121 29835 0.5000007 141337 51644 4 2 271374.99 9.3867431 22.1003 24.713375 94 542292 119588 21780 257 0 0 0 0 0 0 553 154701 9103
24.72 -0.194824 -0.0769462 6.00122 29835 0.5000007 141415 51715 4 2 265740.6 9.3867431 22.1003 24.72 83 544016 119850 21627 258 0 0 0 0 0 0 553 154786 8914
24.726625 -0.194824 -0.0762522 6.00123 29836 0.5000007 141270 51625 4 2 268781.39 9.3867431 22.1003 24.726625 108 542654 119608 21791 259 0 0 0 0 0 0 553 154643 9016
24.733375 -0.194824 -0.0755452 6.00124 29837 0.5000007 141242 51609 4 2 265621.36 9.3867431 22.1003 24.733375 83 542725 119459 21552 260 0 0 0 0 0 0 553 154601 8910
24.74 -0.194824 -0.0748513 6.00125 29838 0.5000007 141234 51587 4 2 268364.02 9.3867431 22.1003 24.74 89 543057 119443 21468 261 0 0 0 0 0 0 553 154616 9002
24.746625 -0.194824 -0.0741574 6.00125 29839 0.5000007 141240 51596 4 2 266336.83 9.3867431 22.1003 24.746625 88 542410 119397 21448 262 0 0 0 0 0 0 553 154617 8934
24.753375 -0.194824 -0.0734504 6.00126 29840 0.5000007 141252 51595 4 2 261119.8 9.3867431 22.1003 24.753375 87 542569 119383 21323 263 0 0 0 0 0 0 553 154627 8759
24.76 -0.194824 -0.0727565 6.00127 29841 0.5000007 141311 51637 4 2 267499.49 9.3867431 22.1003 24.76 74 541773 119113 21579 264 0 0 0 0 0 0 553 154682 8973
24.766625 -0.194824 -0.0720626 6.00128 29842 0.5000007 141196 51649 4 2 263087.37 9.3867431 22.1003 24.766625 84 541126 118816 21450 265 0 0 0 0 0 0 553 154572 8825
24.773375 -0.194824 -0.0713556 6.00129 29843 0.5000007 141203 51604 4 2 263862.47 9.3867431 22.1003 24.773375 75 541627 119079 21333 266 0 0 0 0 0 0 553 154585 8851
24.78 -0.194824 -0.0706617 6.0013 29844 0.5000007 141259 51621 5 2 261775.66 9.3867431 22.1003 24.78 89 542602 118842 21435 267 0 0 0 0 0 0 553 154644 8781
24.786625 -0.194824 -0.0699677 6.0013 29845 0.5000007 141213 51520 5 2 263027.75 9.3867431 22.1003 24.786625 85 541027 118500 21295 268 0 0 0 0 0 0 553 154573 8823
24.793375 -0.194824 -0.0692607 6.00131 29846 0.5000007 141359 51678 5 2 259003.18 9.3867431 22.1003 24.793375 87 539593 118628 21283 269 0 0 0 0 0 0 553 154746 8688
24.8 -0.194824 -0.0685668 6.00132 29847 0.5000007 141356 51700 5 2 260314.89 9.3867431 22.1003 24.8 103 540800 118788 21225 270 0 0 0 0 0 0 553 154722 8732
24.806625 -0.194824 -0.0678729 6.00133 29848 0.5000007 141321 51646 5 2 260374.51 9.3867431 22.1003 24.806625 73 541037 118501 21322 271 0 0 0 0 0 0 553 154696 8734
24.813375 -0.194824 -0.0671659 6.00134 29849 0.5000007 141398 51740 5 2 263087.37 9.3867431 22.1003 24.813375 86 538808 118399 21287 272 0 0 0 0 0 0 553 154781 8825
24.82 -0.194824 -0.0664719 6.00134 29850 0.5000007 141345 51687 6 2 257184.67 9.3867431 22.1003 24.82 93 540034 118222 20973 273 0 0 0 0 0 0 553 154748 8627
24.826625 -0.194824 -0.065778 6.00135 29851 0.5000007 141323 51661 4 2 263057.56 9.3867431 22.1003 24.826625 90 538694 118301 21350 274 0 0 0 0 0 0 553 154697 8824
24.833375 -0.194824 -0.065071 6.00136 29852 0.5000007 141343 51670 5 2 262431.51 9.3867431 22.1003 24.833375 86 539589 118611 21309 275 0 0 0 0 0 0 553 154727 8803
24.84 -0.194824 -0.0643771 6.00137 29853 0.5000007 141537 51838 4 2 258347.33 9.3867431 22.1003 24.84 95 538881 117966 21216 276 0 0 0 0 0 0 553 154902 8666
24.846625 -0.194824 -0.0636831 6.00137 29854 0.5000007 141436 51800 4 2 261179.43 9.3867431 22.1003 24.846625 102 539592 118128 21106 277 0 0 0 0 0 0 553 154807 8761
24.853375 -0.194824 -0.0629761 6.00138 29855 0.5000007 141530 51842 5 2 260225.46 9.3867431 22.1003 24.853375 99 540778 118518 21515 278 0 0 0 0 0 0 553 154932 8729
24.86 -0.194824 -0.0622822 6.00139 29856 0.5000007 141649 51881 4 2 265353.05 9.3867431 22.1003 24.86 90 540320 118284 21410 279 0 0 0 0 0 0 553 155040 8901
24.866625 -0.194824 -0.0615883 6.0014 29857 0.5000007 141487 51829 4 2 259986.96 9.3867431 22.1003 24.866625 80 539578 117899 21094 280 0 0 0 0 0 0 553 154877 8721
24.873375 -0.194824 -0.0608812 6.0014 29858 0.5000007 141642 51949 4 2 261537.17 9.3867431 22.1003 24.873375 75 538837 117586 20962 281 0 0 0 0 0 0 553 155039 8773
24.88 -0.194824 -0.0601873 6.00141 29859 0.5000007 141693 51964 5 2 262938.31 9.3867431 22.1003 24.88 85 539119 117857 21357 282 0 0 0 0 0 0 553 155063 8820
24.886625 -0.194824 -0.0594934 6.00142 29860 0.5000007 141687 51911 4 2 260791.88 9.3867431 22.1003 24.886625 91 539522 117965 21145 283 0 0 0 0 0 0 553 155074 8748
24.893375 -0.194824 -0.0587864 6.00142 29861 0.5000007 141644 51976 4 2 261954.53 9.3867431 22.1003 24.893375 93 539055 117279 21135 284 0 0 0 0 0 0 553 155020 8787
24.9 -0.194824 -0.0580924 6.00143 29862 0.5000007 141729 51968 5 2 255902.77 9.3867431 22.1003 24.9 81 539402 117754 21052 285 0 0 0 0 0 0 553 155113 8584
24.906625 -0.194824 -0.0573985 6.00144 29863 0.5000007 141733 52040 4 2 260881.31 9.3867431 22.1003 24.906625 86 539491 118212 21288 286 0 0 0 0 0 0 553 155108 8751
24.913375 -0.194824 -0.0566915 6.00144 29864 0.5000007 141736 52080 4 2 256230.7 9.3867431 22.1003 24.913375 81 539565 117428 21041 287 0 0 0 0 0 0 553 155119 8595
24.92 -0.194824 -0.0559975 6.00145 29865 0.5000007 141707 52031 5 2 263564.36 9.3867431 22.1003 24.92 80 539982 117532 21330 288 0 0 0 0 0 0 553 155075 8841
24.926625 -0.194824 -0.0553036 6.00146 29866 0.5000007 141874 52098 4 2 258913.75 9.3867431 22.1003 24.926625 86 540846 118008 21059 289 0 0 0 0 0 0 553 155240 8685
24.933375 -0.194824 -0.0545966 6.00146 29867 0.5000007 141815 52133 5 2 260762.07 9.3867431 22.1003 24.933375 76 538523 117364 20986 290 0 0 0 0 0 0 553 155165 8747
24.94 -0.194824 -0.0539026 6.00147 29868 0.5000007 141906 52165 4 2 260404.33 9.3867431 22.1003 24.94 92 538053 117306 21218 291 0 0 0 0 0 0 553 155289 8735
24.946625 -0.194824 -0.0532087 6.00148 29869 0.5000007 141810 52158 4 2 263057.56 9.3867431 22.1003 24.946625 77 538319 117551 21305 292 0 0 0 0 0 0 553 155182 8824
24.953375 -0.194824 -0.0525016 6.00148 29870 0.5000007 141925 52232 4 2 257274.11 9.3867431 22.1003 24.953375 98 539186 117485 21010 293 0 0 0 0 0 0 553 155278 8630
24.96 -0.194824 -0.0518077 6.00149 29871 0.5000007 141873 52191 4 2 259808.09 9.3867431 22.1003 24.96 79 539884 117605 21209 294 0 0 0 0 0 0 553 155243 8715
24.966625 -0.194824 -0.0511138 6.00149 29872 0.5000007 141880 52202 5 2 262342.08 9.3867431 22.1003 24.966625 80 538276 117222 21273 295 0 0 0 0 0 0 553 155251 8800
24.973375 -0.194824 -0.0504067 6.0015 29873 0.5000007 142007 52249 4 2 262193.02 9.3867431 22.1003 24.973375 73 538774 117335 21099 296 0 0 0 0 0 0 553 155384 8795
24.98 -0.194824 -0.0497128 6.00151 29874 0.5000007 141947 52266 4 2 262789.25 9.3867431 22.1003 24.98 86 536250 116694 21095 297 0 0 0 0 0 0 553 155297 8815
24.986625 -0.194824 -0.0490188 6.00151 29875 0.5000007 142098 52325 4 2 264130.78 9.3867431 22.1003 24.986625 106 539234 117737 21237 298 0 0 0 0 0 0 553 155466 8860
24.993375 -0.194824 -0.0483118 6.00152 29876 0.5000007 141915 52259 4 2 259867.72 9.3867431 22.1003 24.993375 77 537471 116983 21209 299 0 0 0 0 0 0 553 155276 8717
25 -0.194824 -0.0476179 6.00152 29877 0.5000007 141986 52279 4 2 258675.25 9.3867431 22.1003 25 83 538207 116921 21172 300 0 0 0 0 0 0 553 155342 8677
