Eta  H  K  L  Epoch  Sec  ion1  Hubmon  scan_bar  Filters  Correct  Qmag  Energy  Graze  p_peak  p_total  p_del_s  p_nu_s  p_image  p_xcen  p_xsig  p_ycen  p_ysig  power  tempsp  gun_on  ion0  p_point
23.1 0.194824 -0.246573 5.99664 43506 1.0000007 283489 104482 5 2 500805.07 9.3867431 22.1003 23.1 88 1036992 225851 40562 0 0 0 0 0 0 0 553 311625 16799
23.106625 0.194824 -0.24588 5.99667 43508 1.0000007 283420 104397 5 2 506767.39 9.3867431 22.1003 23.106625 96 1038626 227143 41054 1 0 0 0 0 0 0 553 311563 16999
23.113375 0.194824 -0.245173 5.9967 43509 1.0000007 283471 104451 5 2 493650.28 9.3867431 22.1003 23.113375 93 1038864 226594 40626 2 0 0 0 0 0 0 553 311625 16559
23.12 0.194824 -0.24448 5.99673 43511 1.0000007 283416 104469 5 2 505157.56 9.3867431 22.1003 23.12 87 1038699 226118 40847 3 0 0 0 0 0 0 553 311552 16945
23.126625 0.194824 -0.243787 5.99676 43512 1.0000007 283340 104333 7 2 507184.75 9.3867431 22.1003 23.126625 96 1041014 227605 41120 4 0 0 0 0 0 0 553 311488 17013
23.133375 0.194824 -0.24308 5.99679 43514 1.0000007 283255 104290 6 2 501311.87 9.3867431 22.1003 23.133375 87 1037327 226244 40865 5 0 0 0 0 0 0 553 311376 16816
23.14 0.194824 -0.242387 5.99682 43515 1.0000007 283245 104292 7 2 498002.78 9.3867431 22.1003 23.14 89 1039215 225979 40533 6 0 0 0 0 0 0 553 311388 16705
23.146625 0.194824 -0.241693 5.99684 43517 1.0000007 283323 104370 5 2 502414.89 9.3867431 22.1003 23.146625 92 1040105 226600 40704 7 0 0 0 0 0 0 553 311467 16853
23.153375 0.194824 -0.240987 5.99687 43518 1.0000007 283234 104212 6 2 505217.19 9.3867431 22.1003 23.153375 90 1039842 227377 40999 8 0 0 0 0 0 0 553 311388 16947
23.16 0.194824 -0.240293 5.9969 43519 1.0000007 283185 104295 7 2 501937.91 9.3867431 22.1003 23.16 91 1041606 227698 41167 9 0 0 0 0 0 0 553 311332 16837
23.166625 0.194824 -0.2396 5.99693 43521 1.0000007 283226 104286 6 2 498509.58 9.3867431 22.1003 23.166625 94 1037652 226881 40518 10 0 0 0 0 0 0 553 311363 16722
23.173375 0.194824 -0.238894 5.99696 43522 1.0000007 283189 104250 6 2 504650.76 9.3867431 22.1003 23.173375 90 1040370 226778 41006 11 0 0 0 0 0 0 553 311335 16928
23.18 0.194824 -0.2382 5.99698 43524 1.0000007 283152 104308 7 2 499880.91 9.3867431 22.1003 23.18 91 1038936 226876 40503 12 0 0 0 0 0 0 553 311302 16768
23.186625 0.194824 -0.237507 5.99701 43525 1.0000007 283201 104262 6 2 497406.55 9.3867431 22.1003 23.186625 88 1039105 226569 40705 13 0 0 0 0 0 0 553 311355 16685
23.193375 0.194824 -0.2368 5.99704 43527 1.0000007 283123 104268 6 2 499791.47 9.3867431 22.1003 23.193375 92 1039231 226319 40471 14 0 0 0 0 0 0 553 311269 16765
23.2 0.194824 -0.236107 5.99707 43528 1.0000007 283008 104135 6 2 497734.47 9.3867431 22.1003 23.2 92 1039950 226926 40583 15 0 0 0 0 0 0 553 311159 16696
23.206625 0.194824 -0.235413 5.99709 43530 1.0000007 283173 104297 6 2 501013.75 9.3867431 22.1003 23.206625 91 1038657 227191 40964 16 0 0 0 0 0 0 553 311315 16806
23.213375 0.194824 -0.234707 5.99712 43531 1.0000007 283052 104264 6 2 500000.16 9.3867431 22.1003 23.213375 91 1040871 228369 40923 17 0 0 0 0 0 0 553 311203 16772
23.22 0.194824 -0.234013 5.99715 43533 1.0000007 283080 104237 6 2 505783.61 9.3867431 22.1003 23.22 93 1040769 227442 40975 18 0 0 0 0 0 0 553 311239 16966
23.226625 0.194824 -0.23332 5.99718 43534 1.0000007 282969 104180 5 2 498420.14 9.3867431 22.1003 23.226625 93 1040752 227269 40796 19 0 0 0 0 0 0 553 311123 16719
23.233375 0.194824 -0.232613 5.9972 43536 1.0000007 283002 104174 7 2 499493.36 9.3867431 22.1003 23.233375 91 1041365 226693 40838 20 0 0 0 0 0 0 553 311154 16755
23.24 0.194824 -0.23192 5.99723 43537 1.0000007 282938 104141 5 2 498658.63 9.3867431 22.1003 23.24 85 1040231 227200 40983 21 0 0 0 0 0 0 553 311075 16727
23.246625 0.194824 -0.231227 5.99726 43539 1.0000007 282937 104154 6 2 501967.72 9.3867431 22.1003 23.246625 93 1041329 227689 40913 22 0 0 0 0 0 0 553 311085 16838
23.253375 0.194824 -0.23052 5.99728 43540 1.0000007 282927 104141 6 2 505068.13 9.3867431 22.1003 23.253375 104 1043472 228218 40847 23 0 0 0 0 0 0 553 311055 16942
23.26 0.194824 -0.229827 5.99731 43542 1.0000007 282918 104145 6 2 505366.24 9.3867431 22.1003 23.26 93 1043764 227959 40990 24 0 0 0 0 0 0 553 311068 16952
23.266625 0.194824 -0.229133 5.99734 43543 1.0000007 282869 104202 5 2 506081.72 9.3867431 22.1003 23.266625 92 1043770 228290 41151 25 0 0 0 0 0 0 553 310991 16976
23.273375 0.194824 -0.228427 5.99736 43544 1.0000007 282760 104020 6 2 509510.06 9.3867431 22.1003 23.273375 88 1043556 227076 41283 26 0 0 0 0 0 0 553 310893 17091
23.28 0.194824 -0.227733 5.99739 43546 1.0000007 282794 104102 5 2 500775.26 9.3867431 22.1003 23.28 93 1043388 227738 40741 27 0 0 0 0 0 0 553 310952 16798
23.286625 0.194824 -0.22704 5.99742 43547 1.0000007 282948 104215 7 2 502653.39 9.3867431 22.1003 23.286625 87 1043796 227198 40701 28 0 0 0 0 0 0 553 311102 16861
23.293375 0.194824 -0.226333 5.99744 43549 1.0000007 282877 104142 6 2 515889.74 9.3867431 22.1003 23.293375 89 1043963 228242 41395 29 0 0 0 0 0 0 553 311038 17305
23.3 0.194824 -0.22564 5.99747 43550 1.0000007 282797 104139 5 2 506022.1 9.3867431 22.1003 23.3 90 1042111 228174 41225 30 0 0 0 0 0 0 553 310935 16974
23.306625 0.194824 -0.224946 5.9975 43552 1.0000007 282799 104065 6 2 505604.74 9.3867431 22.1003 23.306625 88 1042881 227758 40928 31 0 0 0 0 0 0 553 310937 16960
23.313375 0.194824 -0.22424 5.99752 43553 1.0000007 282800 104129 5 2 499910.72 9.3867431 22.1003 23.313375 96 1046048 229912 41085 32 0 0 0 0 0 0 553 310942 16769
23.32 0.194824 -0.223546 5.99755 43555 1.0000007 282783 104066 5 2 502832.26 9.3867431 22.1003 23.32 94 1045376 228751 40971 33 0 0 0 0 0 0 553 310925 16867
23.326625 0.194824 -0.222853 5.99757 43556 1.0000007 282739 104108 5 2 505932.66 9.3867431 22.1003 23.326625 91 1045681 228475 41130 34 0 0 0 0 0 0 553 310893 16971
23.333375 0.194824 -0.222146 5.9976 43558 1.0000007 282791 104084 6 2 508645.52 9.3867431 22.1003 23.333375 94 1046711 228656 40915 35 0 0 0 0 0 0 553 310932 17062
23.34 0.194824 -0.221452 5.99763 43559 1.0000007 282894 104155 5 2 506379.84 9.3867431 22.1003 23.34 91 1047665 229470 41046 36 0 0 0 0 0 0 553 311034 16986
23.346625 0.194824 -0.220759 5.99765 43561 1.0000007 282743 104081 7 2 502504.33 9.3867431 22.1003 23.346625 94 1046145 228867 41041 37 0 0 0 0 0 0 553 310874 16856
23.353375 0.194824 -0.220052 5.99768 43562 1.0000007 282672 104058 6 2 510314.97 9.3867431 22.1003 23.353375 92 1046939 229197 41265 38 0 0 0 0 0 0 553 310812 17118
23.36 0.194824 -0.219359 5.9977 43564 1.0000007 282715 104030 5 2 516813.9 9.3867431 22.1003 23.36 90 1047291 229004 41607 39 0 0 0 0 0 0 553 310837 17336
23.366625 0.194824 -0.218665 5.99773 43565 1.0000007 282664 104037 6 2 511388.19 9.3867431 22.1003 23.366625 93 1048581 230003 41696 40 0 0 0 0 0 0 553 310813 17154
23.373375 0.194824 -0.217959 5.99775 43567 1.0000007 282679 104030 6 2 511447.81 9.3867431 22.1003 23.373375 87 1048945 230061 41568 41 0 0 0 0 0 0 553 310824 17156
23.38 0.194824 -0.217265 5.99778 43568 1.0000007 282622 103991 5 2 508675.33 9.3867431 22.1003 23.38 90 1049513 230393 41492 42 0 0 0 0 0 0 553 310741 17063
23.386625 0.194824 -0.216572 5.9978 43570 1.0000007 282564 103909 5 2 506081.72 9.3867431 22.1003 23.386625 88 1047921 229428 41339 43 0 0 0 0 0 0 553 310699 16976
23.393375 0.194824 -0.215865 5.99783 43571 1.0000007 282564 103959 5 2 510046.66 9.3867431 22.1003 23.393375 90 1049507 230395 41590 44 0 0 0 0 0 0 553 310711 17109
23.4 0.194824 -0.215172 5.99785 43573 1.0000007 282554 103947 5 2 511567.06 9.3867431 22.1003 23.4 86 1049770 229780 41323 45 0 0 0 0 0 0 553 310681 17160
23.406625 0.194824 -0.214478 5.99788 43574 1.0000007 282592 103936 5 2 509271.56 9.3867431 22.1003 23.406625 161 1052880 231108 41582 46 0 0 0 0 0 0 553 310738 17083
23.413375 0.194824 -0.213772 5.9979 43576 1.0000007 282440 103954 5 2 510314.97 9.3867431 22.1003 23.413375 90 1052101 230072 41727 47 0 0 0 0 0 0 553 310570 17118
23.42 0.194824 -0.213078 5.99793 43577 1.0000007 282449 103855 6 2 511030.45 9.3867431 22.1003 23.42 87 1051248 230572 41593 48 0 0 0 0 0 0 553 310583 17142
23.426625 0.194824 -0.212384 5.99795 43579 1.0000007 282453 103863 6 2 507631.92 9.3867431 22.1003 23.426625 86 1052879 231003 41794 49 0 0 0 0 0 0 553 310589 17028
23.433375 0.194824 -0.211678 5.99798 43580 1.0000007 282476 103894 5 2 512103.66 9.3867431 22.1003 23.433375 92 1052656 231746 41707 50 0 0 0 0 0 0 553 310604 17178
23.44 0.194824 -0.210984 5.998 43582 1.0000007 282392 103909 6 2 512073.85 9.3867431 22.1003 23.44 91 1050715 230536 41552 51 0 0 0 0 0 0 553 310538 17177
23.446625 0.194824 -0.210291 5.99803 43583 1.0000007 282446 103863 6 2 518960.33 9.3867431 22.1003 23.446625 93 1052551 231066 41729 52 0 0 0 0 0 0 553 310582 17408
23.453375 0.194824 -0.209584 5.99805 43584 1.0000007 282221 103743 5 2 511745.93 9.3867431 22.1003 23.453375 88 1053348 231766 42007 53 0 0 0 0 0 0 553 310353 17166
23.46 0.194824 -0.208891 5.99808 43586 1.0000007 282304 103884 6 2 513445.19 9.3867431 22.1003 23.46 89 1052407 231604 41758 54 0 0 0 0 0 0 553 310468 17223
23.466625 0.194824 -0.208197 5.9981 43587 1.0000007 282212 103803 6 2 521196.2 9.3867431 22.1003 23.466625 86 1053095 232267 42167 55 0 0 0 0 0 0 553 310364 17483
23.473375 0.194824 -0.20749 5.99812 43589 1.0000007 282168 103776 5 2 520122.99 9.3867431 22.1003 23.473375 91 1055007 232584 41916 56 0 0 0 0 0 0 553 310314 17447
23.48 0.194824 -0.206797 5.99815 43590 1.0000007 282180 103741 6 2 517112.01 9.3867431 22.1003 23.48 92 1055288 232711 42145 57 0 0 0 0 0 0 553 310329 17346
23.486625 0.194824 -0.206103 5.99817 43592 1.0000007 282202 103740 5 2 513117.26 9.3867431 22.1003 23.486625 89 1056202 233032 41861 58 0 0 0 0 0 0 553 310350 17212
23.493375 0.194824 -0.205397 5.9982 43593 1.0000007 282167 103738 5 2 510493.84 9.3867431 22.1003 23.493375 90 1056776 232285 41931 59 0 0 0 0 0 0 553 310304 17124
23.5 0.194824 -0.204703 5.99822 43595 1.0000007 282047 103713 5 2 523700.38 9.3867431 22.1003 23.5 87 1057435 232348 42155 60 0 0 0 0 0 0 553 310194 17567
23.506625 0.194824 -0.20401 5.99824 43596 1.0000007 282489 103814 5 2 517261.07 9.3867431 22.1003 23.506625 91 1058021 233426 42166 61 0 0 0 0 0 0 553 310650 17351
23.513375 0.194824 -0.203303 5.99827 43598 1.0000007 282353 103836 5 2 516187.85 9.3867431 22.1003 23.513375 89 1058936 233688 41962 62 0 0 0 0 0 0 553 310505 17315
23.52 0.194824 -0.202609 5.99829 43599 1.0000007 282372 103871 6 2 518721.84 9.3867431 22.1003 23.52 87 1059534 233707 42455 63 0 0 0 0 0 0 553 310521 17400
23.526625 0.194824 -0.201916 5.99831 43601 1.0000007 282283 103763 5 2 524594.73 9.3867431 22.1003 23.526625 90 1059631 234206 42341 64 0 0 0 0 0 0 553 310415 17597
23.533375 0.194824 -0.201209 5.99834 43602 1.0000007 282269 103745 6 2 522895.46 9.3867431 22.1003 23.533375 95 1061362 234623 42613 65 0 0 0 0 0 0 553 310430 17540
23.54 0.194824 -0.200516 5.99836 43604 1.0000007 282223 103718 6 2 519467.13 9.3867431 22.1003 23.54 90 1062753 235211 42438 66 0 0 0 0 0 0 553 310371 17425
23.546625 0.194824 -0.199822 5.99838 43605 1.0000007 282195 103734 4 2 521017.33 9.3867431 22.1003 23.546625 93 1062660 234793 42533 67 0 0 0 0 0 0 553 310331 17477
23.553375 0.194824 -0.199115 5.99841 43607 1.0000007 282209 103721 6 2 523968.68 9.3867431 22.1003 23.553375 97 1062895 235629 42781 68 0 0 0 0 0 0 553 310382 17576
23.56 0.194824 -0.198422 5.99843 43608 1.0000007 282202 103710 5 2 527188.33 9.3867431 22.1003 23.56 86 1065237 236906 43075 69 0 0 0 0 0 0 553 310363 17684
23.566625 0.194824 -0.197728 5.99845 43610 1.0000007 282124 103662 6 2 535386.52 9.3867431 22.1003 23.566625 90 1064038 236587 43075 70 0 0 0 0 0 0 553 310286 17959
23.573375 0.194824 -0.197021 5.99848 43611 1.0000007 282123 103653 6 2 531332.15 9.3867431 22.1003 23.573375 91 1065934 236739 43075 71 0 0 0 0 0 0 553 310270 17823
23.58 0.194824 -0.196328 5.9985 43613 1.0000007 282140 103609 6 2 526830.6 9.3867431 22.1003 23.58 93 1067069 236410 42802 72 0 0 0 0 0 0 553 310299 17672
23.586625 0.194824 -0.195634 5.99852 43614 1.0000007 282025 103597 6 2 530348.36 9.3867431 22.1003 23.586625 99 1066873 237834 42925 73 0 0 0 0 0 0 553 310185 17790
23.593375 0.194824 -0.194928 5.99855 43616 1.0000007 282026 103566 6 2 529632.89 9.3867431 22.1003 23.593375 91 1067045 237529 43050 74 0 0 0 0 0 0 553 310179 17766
23.6 0.194824 -0.194234 5.99857 43617 1.0000007 281971 103559 4 2 528827.97 9.3867431 22.1003 23.6 86 1068528 238743 43238 75 0 0 0 0 0 0 553 310143 17739
23.606625 0.194824 -0.19354 5.99859 43618 1.0000007 281899 103483 6 2 541259.41 9.3867431 22.1003 23.606625 87 1068699 238915 43512 76 0 0 0 0 0 0 553 310056 18156
23.613375 0.194824 -0.192834 5.99861 43620 1.0000007 281931 103494 5 2 536310.68 9.3867431 22.1003 23.613375 86 1073527 240276 43703 77 0 0 0 0 0 0 553 310090 17990
23.62 0.194824 -0.19214 5.99864 43621 1.0000007 281801 103461 6 2 539232.22 9.3867431 22.1003 23.62 89 1072104 239354 43646 78 0 0 0 0 0 0 553 309954 18088
23.626625 0.194824 -0.191446 5.99866 43623 1.0000007 281922 103482 5 2 535088.41 9.3867431 22.1003 23.626625 86 1072471 239688 43287 79 0 0 0 0 0 0 553 310100 17949
23.633375 0.194824 -0.19074 5.99868 43624 1.0000007 281753 103401 6 2 540901.67 9.3867431 22.1003 23.633375 87 1073573 240307 43844 80 0 0 0 0 0 0 553 309901 18144
23.64 0.194824 -0.190046 5.9987 43626 1.0000007 281710 103326 6 2 539083.16 9.3867431 22.1003 23.64 89 1074082 240358 43877 81 0 0 0 0 0 0 553 309867 18083
23.646625 0.194824 -0.189352 5.99872 43627 1.0000007 281611 103318 5 2 535416.34 9.3867431 22.1003 23.646625 90 1074290 240810 43878 82 0 0 0 0 0 0 553 309782 17960
23.653375 0.194824 -0.188646 5.99875 43629 1.0000007 281657 103323 5 2 545075.29 9.3867431 22.1003 23.653375 97 1076990 242685 44350 83 0 0 0 0 0 0 553 309823 18284
23.66 0.194824 -0.187952 5.99877 43630 1.0000007 281548 103190 5 2 541438.28 9.3867431 22.1003 23.66 99 1079257 242453 44134 84 0 0 0 0 0 0 553 309703 18162
23.666625 0.194824 -0.187259 5.99879 43632 1.0000007 281403 103147 6 2 551335.73 9.3867431 22.1003 23.666625 94 1078658 243091 44567 85 0 0 0 0 0 0 553 309564 18494
23.673375 0.194824 -0.186552 5.99881 43633 1.0000007 281451 103145 6 2 550262.51 9.3867431 22.1003 23.673375 90 1078604 244053 44739 86 0 0 0 0 0 0 553 309610 18458
23.68 0.194824 -0.185858 5.99883 43635 1.0000007 281469 103177 7 2 554734.25 9.3867431 22.1003 23.68 88 1081892 245502 44970 87 0 0 0 0 0 0 553 309623 18608
23.686625 0.194824 -0.185165 5.99886 43636 1.0000007 281404 103090 6 2 554197.64 9.3867431 22.1003 23.686625 94 1083753 245823 44652 88 0 0 0 0 0 0 553 309573 18590
23.693375 0.194824 -0.184458 5.99888 43638 1.0000007 281161 102975 5 2 554197.64 9.3867431 22.1003 23.693375 84 1085227 247146 45231 89 0 0 0 0 0 0 553 309329 18590
23.7 0.194824 -0.183764 5.9989 43639 1.0000007 281234 103016 6 2 560309.02 9.3867431 22.1003 23.7 87 1088076 248341 45369 90 0 0 0 0 0 0 553 309405 18795
23.706625 0.194824 -0.183071 5.99892 43641 1.0000007 281121 102923 6 2 560875.44 9.3867431 22.1003 23.706625 90 1089512 249488 45703 91 0 0 0 0 0 0 553 309292 18814
23.713375 0.194824 -0.182364 5.99894 43642 1.0000007 281089 102864 6 2 563677.73 9.3867431 22.1003 23.713375 94 1090544 249933 45862 92 0 0 0 0 0 0 553 309250 18908
23.72 0.194824 -0.18167 5.99896 43644 1.0000007 281032 102844 5 2 561859.23 9.3867431 22.1003 23.72 100 1094773 252035 45607 93 0 0 0 0 0 0 553 309205 18847
23.726625 0.194824 -0.180976 5.99898 43645 1.0000007 281028 102854 5 2 573962.73 9.3867431 22.1003 23.726625 97 1094507 254113 46628 94 0 0 0 0 0 0 553 309199 19253
23.733375 0.194824 -0.18027 5.999 43647 1.0000007 280930 102759 5 2 570385.34 9.3867431 22.1003 23.733375 106 1096908 255625 46378 95 0 0 0 0 0 0 553 309109 19133
23.74 0.194824 -0.179576 5.99902 43648 1.0000007 280792 102711 6 2 569550.62 9.3867431 22.1003 23.74 104 1099656 257411 46952 96 0 0 0 0 0 0 553 308955 19105
23.746625 0.194824 -0.178882 5.99905 43650 1.0000007 280810 102697 6 2 587228.9 9.3867431 22.1003 23.746625 111 1104191 260816 47511 97 0 0 0 0 0 0 553 308979 19698
23.753375 0.194824 -0.178176 5.99907 43651 1.0000007 280758 102641 6 2 580729.97 9.3867431 22.1003 23.753375 112 1105147 262454 47415 98 0 0 0 0 0 0 553 308943 19480
23.76 0.194824 -0.177482 5.99909 43653 1.0000007 280781 102616 5 2 586364.36 9.3867431 22.1003 23.76 120 1110314 264766 48099 99 0 0 0 0 0 0 553 308972 19669
23.766625 0.194824 -0.176788 5.99911 43654 1.0000007 280589 102526 5 2 595904.07 9.3867431 22.1003 23.766625 109 1112201 267498 48974 100 0 0 0 0 0 0 553 308752 19989
23.773375 0.194824 -0.176082 5.99913 43656 1.0000007 280630 102481 5 2 605831.34 9.3867431 22.1003 23.773375 112 1116272 271780 49483 101 0 0 0 0 0 0 553 308798 20322
23.78 0.194824 -0.175388 5.99915 43657 1.0000007 280503 102451 6 2 607947.96 9.3867431 22.1003 23.78 125 1120241 273450 49742 102 0 0 0 0 0 0 553 308691 20393
23.786625 0.194824 -0.174694 5.99917 43659 1.0000007 280630 102471 5 2 610243.45 9.3867431 22.1003 23.786625 134 1126619 279162 50902 103 0 0 0 0 0 0 553 308811 20470
23.793375 0.194824 -0.173988 5.99919 43660 1.0000007 280327 102294 6 2 627504.37 9.3867431 22.1003 23.793375 138 1129877 283067 51588 104 0 0 0 0 0 0 553 308479 21049
23.8 0.194824 -0.173294 5.99921 43662 1.0000007 280186 102214 6 2 630753.83 9.3867431 22.1003 23.8 157 1134531 287774 52131 105 0 0 0 0 0 0 553 308343 21158
23.806625 0.194824 -0.1726 5.99923 43663 1.0000007 280280 102244 5 2 642559.23 9.3867431 22.1003 23.806625 180 1142157 293493 53410 106 0 0 0 0 0 0 553 308444 21554
23.813375 0.194824 -0.171893 5.99925 43665 1.0000007 280075 102197 6 2 658389.19 9.3867431 22.1003 23.813375 204 1152141 302473 54896 107 0 0 0 0 0 0 553 308247 22085
23.82 0.194824 -0.1712 5.99927 43666 1.0000007 280083 102113 5 2 667630.78 9.3867431 22.1003 23.82 245 1162720 311321 55986 108 0 0 0 0 0 0 553 308280 22395
23.826625 0.194824 -0.170506 5.99929 43668 1.0000007 280178 102169 5 2 675650.1 9.3867431 22.1003 23.826625 296 1174105 321460 57504 109 0 0 0 0 0 0 553 308374 22664
23.833375 0.194824 -0.169799 5.99931 43669 1.0000007 279992 102016 6 2 694699.71 9.3867431 22.1003 23.833375 395 1190077 336038 59475 110 0 0 0 0 0 0 553 308165 23303
23.84 0.194824 -0.169106 5.99933 43671 1.0000007 279917 102000 5 2 713182.91 9.3867431 22.1003 23.84 513 1202458 351320 61426 111 0 0 0 0 0 0 553 308094 23923
23.846625 0.194824 -0.168412 5.99935 43672 1.0000007 279856 101939 5 2 732321.95 9.3867431 22.1003 23.846625 694 1224254 371237 63615 112 0 0 0 0 0 0 553 308039 24565
23.853375 0.194824 -0.167705 5.99937 43674 1.0000007 279843 101905 6 2 765979.25 9.3867431 22.1003 23.853375 995 1249543 396762 67008 113 0 0 0 0 0 0 553 308023 25694
23.86 0.194824 -0.167011 5.99939 43675 1.0000007 279777 101842 6 2 778678.99 9.3867431 22.1003 23.86 1446 1283525 429332 70162 114 0 0 0 0 0 0 553 307969 26120
23.866625 0.194824 -0.166318 5.99941 43677 1.0000007 279746 101865 5 2 817851.43 9.3867431 22.1003 23.866625 2167 1326763 474561 75122 115 0 0 0 0 0 0 553 307935 27434
23.873375 0.194824 -0.165611 5.99943 43678 1.0000007 279686 101847 5 2 848438.14 9.3867431 22.1003 23.873375 3048 1388324 535066 81776 116 0 0 0 0 0 0 553 307873 28460
23.88 0.194824 -0.164917 5.99945 43680 1.0000007 279572 101777 5 2 884182.24 9.3867431 22.1003 23.88 4513 1463104 610016 89073 117 0 0 0 0 0 0 553 307759 29659
23.886625 0.194824 -0.164223 5.99946 43681 1.0000007 279646 101816 5 2 920641.83 9.3867431 22.1003 23.886625 6510 1558200 705324 97666 118 0 0 0 0 0 0 553 307848 30882
23.893375 0.194824 -0.163517 5.99948 43683 1.0000007 279609 101788 6 2 967177.74 9.3867431 22.1003 23.893375 9749 1685922 834203 109368 119 0 0 0 0 0 0 553 307801 32443
23.9 0.194824 -0.162823 5.9995 43684 1.0000007 279722 101927 5 2 1030736.1 9.3867431 22.1003 23.9 14943 1850147 998577 124391 120 0 0 0 0 0 0 553 307911 34575
23.906625 0.194824 -0.162129 5.99952 43686 1.0000007 279640 101772 5 2 1082638.1 9.3867431 22.1003 23.906625 22157 2055288 1202135 141245 121 0 0 0 0 0 0 553 307808 36316
23.913375 0.194824 -0.161422 5.99954 43687 1.0000007 279581 101790 5 2 1148640.9 9.3867431 22.1003 23.913375 33168 2321375 1468974 162374 122 0 0 0 0 0 0 553 307768 38530
23.92 0.194824 -0.160729 5.99956 43688 1.0000007 279688 101905 6 2 1213183.1 9.3867431 22.1003 23.92 50889 2676327 1824260 189803 123 0 0 0 0 0 0 553 307883 40695
23.926625 0.194824 -0.160035 5.99958 43690 1.0000007 279760 101939 6 2 1303482.4 9.3867431 22.1003 23.926625 79832 3158471 2304715 223764 124 0 0 0 0 0 0 553 307941 43724
23.933375 0.194824 -0.159328 5.9996 43691 1.0000007 279607 101802 5 2 1415365.3 9.3867431 22.1003 23.933375 125377 3873830 3018895 272620 125 0 0 0 0 0 0 553 307789 47477
23.94 0.194824 -0.158635 5.99962 43693 1.0000007 279766 101902 5 2 1514548.5 9.3867431 22.1003 23.94 184942 4773918 3920857 327290 126 0 0 0 0 0 0 553 307966 50804
23.946625 0.194824 -0.157941 5.99963 43694 1.0000007 279757 101878 6 2 1631469.6 9.3867431 22.1003 23.946625 325115 5924161 5069083 407040 127 0 0 0 0 0 0 553 307953 54726
23.953375 0.194824 -0.157234 5.99965 43696 1.0000007 279823 101953 6 2 1755187.8 9.3867431 22.1003 23.953375 470778 7225869 6368529 512597 128 0 0 0 0 0 0 553 308003 58876
23.96 0.194824 -0.15654 5.99967 43697 1.0000007 279805 102037 5 2 1891367.2 9.3867431 22.1003 23.96 513052 8136282 7279761 627726 129 0 0 0 0 0 0 553 307979 63444
23.966625 0.194824 -0.155846 5.99969 43699 1.0000007 279845 102018 6 2 1978089.1 9.3867431 22.1003 23.966625 571284 8236450 7378446 719525 130 0 0 0 0 0 0 553 308014 66353
23.973375 0.194824 -0.15514 5.99971 43700 1.0000007 279895 102059 6 2 2044986.3 9.3867431 22.1003 23.973375 532586 7541769 6683469 773266 131 0 0 0 0 0 0 553 308074 68597
23.98 0.194824 -0.154446 5.99972 43702 1.0000007 280018 102166 6 2 2028440.9 9.3867431 22.1003 23.98 419951 6265165 5407780 750934 132 0 0 0 0 0 0 553 308209 68042
23.986625 0.194824 -0.153752 5.99974 43703 1.0000007 280126 102240 5 2 2037205.5 9.3867431 22.1003 23.986625 280569 4858544 4001953 680524 133 0 0 0 0 0 0 553 308303 68336
23.993375 0.194824 -0.153045 5.99976 43705 1.0000007 279984 102193 6 2 2039024 9.3867431 22.1003 23.993375 162778 3701686 2847470 594511 134 0 0 0 0 0 0 553 308166 68397
24 0.194824 -0.152352 5.99978 43706 1.0000007 280238 102350 5 2 2052379.6 9.3867431 22.1003 24 87583 2935082 2082712 520414 135 0 0 0 0 0 0 553 308428 68845
24.006625 0.194824 -0.151658 5.9998 43708 1.0000007 280240 102353 7 2 2076705.9 9.3867431 22.1003 24.006625 46995 2421019 1568192 440353 136 0 0 0 0 0 0 553 308415 69661
24.013375 0.194824 -0.150951 5.99981 43709 1.0000007 280248 102346 5 2 2116742.8 9.3867431 22.1003 24.013375 27435 2090175 1237284 376775 137 0 0 0 0 0 0 553 308423 71004
24.02 0.194824 -0.150257 5.99983 43710 1.0000007 280276 102440 5 2 2165633.9 9.3867431 22.1003 24.02 16259 1861934 1009385 327115 138 0 0 0 0 0 0 553 308427 72644
24.026625 0.194824 -0.149564 5.99985 43712 1.0000007 280285 102429 7 2 2227552.6 9.3867431 22.1003 24.026625 10375 1711825 859278 291463 139 0 0 0 0 0 0 553 308459 74721
24.033375 0.194824 -0.148857 5.99987 43713 1.0000007 280386 102502 5 2 2282167.4 9.3867431 22.1003 24.033375 6868 1601705 748625 261377 140 0 0 0 0 0 0 553 308529 76553
24.04 0.194824 -0.148163 5.99988 43715 1.0000007 280423 102508 5 2 2357233 9.3867431 22.1003 24.04 4383 1529520 674815 240429 141 0 0 0 0 0 0 553 308581 79071
24.046625 0.194824 -0.147469 5.9999 43716 1.0000007 281473 103008 5 2 2440735.3 9.3867431 22.1003 24.046625 2843 1483946 625778 225970 142 0 0 0 0 0 0 553 309643 81872
24.053375 0.194824 -0.146762 5.99992 43718 1.0000007 281657 103121 6 2 2570445.6 9.3867431 22.1003 24.053375 1857 1448209 589392 215243 143 0 0 0 0 0 0 553 309814 86223
24.06 0.194824 -0.146069 5.99993 43719 1.0000007 281551 103047 7 2 2686651.2 9.3867431 22.1003 24.06 1354 1418671 563698 207814 144 0 0 0 0 0 0 553 309714 90121
24.066625 0.194824 -0.145375 5.99995 43721 1.0000007 281562 103070 5 2 2828286.1 9.3867431 22.1003 24.066625 1020 1405151 548218 205490 145 0 0 0 0 0 0 553 309713 94872
24.073375 0.194824 -0.144668 5.99997 43722 1.0000007 281710 103193 7 2 2978000 9.3867431 22.1003 24.073375 840 1394489 536713 202957 146 0 0 0 0 0 0 553 309858 99894
24.08 0.194824 -0.143974 5.99998 43724 1.0000007 281665 103185 5 2 3195893 9.3867431 22.1003 24.08 938 1388453 530534 205487 147 0 0 0 0 0 0 553 309813 107203
24.086625 0.194824 -0.14328 6 43725 1.0000007 281822 103270 5 2 3405736.8 9.3867431 22.1003 24.086625 1083 1385740 527377 209221 148 0 0 0 0 0 0 553 309984 114242
24.093375 0.194824 -0.142574 6.00002 43727 1.0000007 281764 103254 6 2 3629562.3 9.3867431 22.1003 24.093375 1258 1385766 526855 213220 149 0 0 0 0 0 0 553 309893 121750
24.1 0.194824 -0.14188 6.00003 43728 1.0000007 281777 103271 6 2 3913189.9 9.3867431 22.1003 24.1 1452 1388674 531127 220260 150 0 0 0 0 0 0 553 309934 131264
24.106625 0.194824 -0.141186 6.00005 43730 1.0000007 281899 103401 6 2 4143752.8 9.3867431 22.1003 24.106625 1639 1394545 537297 226802 151 0 0 0 0 0 0 553 310045 138998
24.113375 0.194824 -0.140479 6.00007 43731 1.0000007 281926 103451 5 2 4380039.5 9.3867431 22.1003 24.113375 1865 1401720 542494 233778 152 0 0 0 0 0 0 553 310080 146924
24.12 0.194824 -0.139785 6.00008 43733 1.0000007 281902 103363 7 2 4587647.5 9.3867431 22.1003 24.12 1882 1407315 548788 240054 153 0 0 0 0 0 0 553 310029 153888
24.126625 0.194824 -0.139092 6.0001 43734 1.0000007 282013 103508 5 2 4723469.2 9.3867431 22.1003 24.126625 2067 1414279 554097 244350 154 0 0 0 0 0 0 553 310146 158444
24.133375 0.194824 -0.138385 6.00012 43736 1.0000007 282041 103430 5 2 4831715.1 9.3867431 22.1003 24.133375 2091 1418889 559011 248681 155 0 0 0 0 0 0 553 310195 162075
24.14 0.194824 -0.137691 6.00013 43737 1.0000007 281937 103420 6 2 4987868.2 9.3867431 22.1003 24.14 1963 1425635 565948 253941 156 0 0 0 0 0 0 553 310087 167313
24.146625 0.194824 -0.136997 6.00015 43739 1.0000007 281952 103439 6 2 5079449.5 9.3867431 22.1003 24.146625 2014 1431425 571753 257860 157 0 0 0 0 0 0 553 310106 170385
24.153375 0.194824 -0.13629 6.00016 43740 1.0000007 282086 103567 5 2 5097038.3 9.3867431 22.1003 24.153375 2106 1434147 575269 259665 158 0 0 0 0 0 0 553 310247 170975
24.16 0.194824 -0.135597 6.00018 43741 1.0000007 282083 103540 6 2 5087737.1 9.3867431 22.1003 24.16 2086 1439384 580030 261125 159 0 0 0 0 0 0 553 310240 170663
24.166625 0.194824 -0.134903 6.0002 43743 1.0000007 282046 103539 7 2 5062695.3 9.3867431 22.1003 24.166625 2003 1444589 584989 262416 160 0 0 0 0 0 0 553 310192 169823
24.173375 0.194824 -0.134196 6.00021 43744 1.0000007 282138 103531 6 2 4994724.9 9.3867431 22.1003 24.173375 1906 1448107 590072 262766 161 0 0 0 0 0 0 553 310306 167543
24.18 0.194824 -0.133502 6.00023 43746 1.0000007 282136 103604 5 2 4907317.3 9.3867431 22.1003 24.18 1751 1453315 594181 262587 162 0 0 0 0 0 0 553 310277 164611
24.186625 0.194824 -0.132808 6.00024 43747 1.0000007 282208 103639 7 2 4821430.1 9.3867431 22.1003 24.186625 1716 1462131 602242 263362 163 0 0 0 0 0 0 553 310350 161730
24.193375 0.194824 -0.132101 6.00026 43749 1.0000007 282260 103656 6 2 4666409.7 9.3867431 22.1003 24.193375 1551 1464545 605346 261179 164 0 0 0 0 0 0 553 310397 156530
24.2 0.194824 -0.131408 6.00027 43750 1.0000007 282270 103660 6 2 4551456.2 9.3867431 22.1003 24.2 1375 1472164 612270 260050 165 0 0 0 0 0 0 553 310411 152674
24.206625 0.194824 -0.130714 6.00029 43752 1.0000007 282116 103618 6 2 4405677.5 9.3867431 22.1003 24.206625 1196 1477787 618669 259317 166 0 0 0 0 0 0 553 310244 147784
24.213375 0.194824 -0.130007 6.0003 43753 1.0000007 282165 103644 6 2 4283241.3 9.3867431 22.1003 24.213375 1258 1489222 630918 259135 167 0 0 0 0 0 0 553 310306 143677
24.22 0.194824 -0.129313 6.00032 43755 1.0000007 282338 103772 6 2 4168973.4 9.3867431 22.1003 24.22 1518 1501334 641817 259433 168 0 0 0 0 0 0 553 310466 139844
24.226625 0.194824 -0.128619 6.00033 43756 1.0000007 282263 103727 7 2 4061293.9 9.3867431 22.1003 24.226625 1741 1514661 656081 260049 169 0 0 0 0 0 0 553 310399 136232
24.233375 0.194824 -0.127912 6.00035 43758 1.0000007 282318 103786 6 2 4014072.3 9.3867431 22.1003 24.233375 2039 1535156 677195 265362 170 0 0 0 0 0 0 553 310447 134648
24.24 0.194824 -0.127219 6.00036 43759 1.0000007 282455 103845 5 2 3943150.5 9.3867431 22.1003 24.24 2317 1558604 699246 268283 171 0 0 0 0 0 0 553 310609 132269
24.246625 0.194824 -0.126525 6.00038 43761 1.0000007 282416 103822 5 2 3915425.7 9.3867431 22.1003 24.246625 2716 1580490 722162 273938 172 0 0 0 0 0 0 553 310549 131339
24.253375 0.194824 -0.125818 6.00039 43762 1.0000007 282447 103863 5 2 3871871 9.3867431 22.1003 24.253375 2958 1609200 751090 279858 173 0 0 0 0 0 0 553 310592 129878
24.26 0.194824 -0.125124 6.00041 43763 1.0000007 282275 103813 5 2 3831684.9 9.3867431 22.1003 24.26 3303 1632833 777014 284281 174 0 0 0 0 0 0 553 310392 128530
24.266625 0.194824 -0.12443 6.00042 43765 1.0000007 282271 103862 7 2 3768394.9 9.3867431 22.1003 24.266625 3657 1661309 804339 290304 175 0 0 0 0 0 0 553 310400 126407
24.273375 0.194824 -0.123723 6.00044 43766 1.0000007 282327 103826 6 2 3757871.4 9.3867431 22.1003 24.273375 4072 1696587 838373 298481 176 0 0 0 0 0 0 553 310461 126054
24.28 0.194824 -0.123029 6.00045 43768 1.0000007 282384 103924 5 2 3692405.2 9.3867431 22.1003 24.28 4149 1721259 865192 304182 177 0 0 0 0 0 0 553 310511 123858
24.286625 0.194824 -0.122336 6.00047 43769 1.0000007 282502 103977 6 2 3688171.9 9.3867431 22.1003 24.286625 4166 1757830 899509 314248 178 0 0 0 0 0 0 553 310633 123716
24.293375 0.194824 -0.121629 6.00048 43771 1.0000007 282461 103919 5 2 3625835.8 9.3867431 22.1003 24.293375 4368 1787962 930314 319801 179 0 0 0 0 0 0 553 310603 121625
24.3 0.194824 -0.120935 6.00049 43772 1.0000007 282543 104000 6 2 3610602.1 9.3867431 22.1003 24.3 4120 1825563 967089 330507 180 0 0 0 0 0 0 553 310660 121114
24.306625 0.194824 -0.120241 6.00051 43774 1.0000007 282528 104056 5 2 3571548.9 9.3867431 22.1003 24.306625 3716 1857148 999398 337950 181 0 0 0 0 0 0 553 310655 119804
24.313375 0.194824 -0.119534 6.00052 43775 1.0000007 282585 104083 7 2 3499822.2 9.3867431 22.1003 24.313375 4179 1895894 1038310 344453 182 0 0 0 0 0 0 553 310694 117398
24.32 0.194824 -0.11884 6.00054 43777 1.0000007 282635 104163 5 2 3438052.6 9.3867431 22.1003 24.32 4966 1940916 1085036 350156 183 0 0 0 0 0 0 553 310750 115326
24.326625 0.194824 -0.118147 6.00055 43778 1.0000007 282584 104106 6 2 3348170.6 9.3867431 22.1003 24.326625 6104 1995382 1140551 354703 184 0 0 0 0 0 0 553 310692 112311
24.333375 0.194824 -0.11744 6.00056 43780 1.0000007 282687 104218 6 2 3283658.3 9.3867431 22.1003 24.333375 7724 2071983 1214787 359265 185 0 0 0 0 0 0 553 310802 110147
24.34 0.194824 -0.116746 6.00058 43781 1.0000007 282824 104291 6 2 3225555.5 9.3867431 22.1003 24.34 9584 2161321 1303923 361648 186 0 0 0 0 0 0 553 310945 108198
24.346625 0.194824 -0.116052 6.00059 43783 1.0000007 282713 104272 5 2 3148760.8 9.3867431 22.1003 24.346625 12358 2271780 1415794 364254 187 0 0 0 0 0 0 553 310818 105622
24.353375 0.194824 -0.115345 6.0006 43784 1.0000007 282617 104216 6 2 3026443.8 9.3867431 22.1003 24.353375 17006 2425280 1569185 364608 188 0 0 0 0 0 0 553 310727 101519
24.36 0.194824 -0.114651 6.00062 43785 1.0000007 282849 104401 6 2 2969533.5 9.3867431 22.1003 24.36 23220 2627907 1771873 365626 189 0 0 0 0 0 0 553 310960 99610
24.366625 0.194824 -0.113957 6.00063 43787 1.0000007 282947 104382 5 2 2898760.7 9.3867431 22.1003 24.366625 32388 2871441 2014209 363828 190 0 0 0 0 0 0 553 311052 97236
24.373375 0.194824 -0.11325 6.00064 43788 1.0000007 282964 104446 5 2 2840270.4 9.3867431 22.1003 24.373375 45109 3194926 2338065 363223 191 0 0 0 0 0 0 553 311067 95274
24.38 0.194824 -0.112557 6.00066 43790 1.0000007 283011 104518 5 2 2796506.9 9.3867431 22.1003 24.38 66972 3585178 2727562 359410 192 0 0 0 0 0 0 553 311102 93806
24.386625 0.194824 -0.111863 6.00067 43791 1.0000007 283037 104482 5 2 2754651.5 9.3867431 22.1003 24.386625 96572 4056936 3198778 355856 193 0 0 0 0 0 0 553 311130 92402
24.393375 0.194824 -0.111156 6.00068 43793 1.0000007 283026 104480 6 2 2726539.1 9.3867431 22.1003 24.393375 137942 4603923 3746422 348475 194 0 0 0 0 0 0 553 311124 91459
24.4 0.194824 -0.110462 6.0007 43794 1.0000007 283066 104571 6 2 2698665.3 9.3867431 22.1003 24.4 203726 5175487 4317074 341930 195 0 0 0 0 0 0 553 311175 90524
24.406625 0.194824 -0.109768 6.00071 43796 1.0000007 283065 104502 6 2 2704299.7 9.3867431 22.1003 24.406625 282400 5701484 4843221 333263 196 0 0 0 0 0 0 553 311159 90713
24.413375 0.194824 -0.109061 6.00072 43797 1.0000007 283219 104626 5 2 2691927.9 9.3867431 22.1003 24.413375 368387 6124467 5266634 322123 197 0 0 0 0 0 0 553 311325 90298
24.42 0.194824 -0.108367 6.00073 43799 1.0000007 283120 104609 5 2 2692494.3 9.3867431 22.1003 24.42 404020 6285708 5425980 312097 198 0 0 0 0 0 0 553 311208 90317
24.426625 0.194824 -0.107673 6.00075 43800 1.0000007 283050 104562 6 2 2704776.7 9.3867431 22.1003 24.426625 353300 6026046 5166552 301089 199 0 0 0 0 0 0 553 311141 90729
24.433375 0.194824 -0.106966 6.00076 43802 1.0000007 283110 104629 5 2 2665574.4 9.3867431 22.1003 24.433375 294549 5393017 4535850 288711 200 0 0 0 0 0 0 553 311197 89414
24.44 0.194824 -0.106273 6.00077 43803 1.0000007 283083 104584 6 2 2663308.7 9.3867431 22.1003 24.44 238568 4653309 3797801 279482 201 0 0 0 0 0 0 553 311172 89338
24.446625 0.194824 -0.105579 6.00078 43805 1.0000007 283041 104553 5 2 2668615.2 9.3867431 22.1003 24.446625 175840 3872739 3016308 268842 202 0 0 0 0 0 0 553 311137 89516
24.453375 0.194824 -0.104872 6.0008 43806 1.0000007 283189 104632 5 2 2653470.9 9.3867431 22.1003 24.453375 111802 3126816 2272484 258494 203 0 0 0 0 0 0 553 311328 89008
24.46 0.194824 -0.104178 6.00081 43807 1.0000007 283205 104659 5 2 2626849.1 9.3867431 22.1003 24.46 73717 2555473 1702499 245077 204 0 0 0 0 0 0 553 311313 88115
24.466625 0.194824 -0.103484 6.00082 43809 1.0000007 283038 104530 6 2 2565586.3 9.3867431 22.1003 24.466625 45899 2158342 1306104 229643 205 0 0 0 0 0 0 553 311130 86060
24.473375 0.194824 -0.102777 6.00083 43810 1.0000007 283075 104558 5 2 2479281.7 9.3867431 22.1003 24.473375 18985 1900364 1047690 214032 206 0 0 0 0 0 0 553 311163 83165
24.48 0.194824 -0.102083 6.00084 43812 1.0000007 282923 104539 6 2 2380903.4 9.3867431 22.1003 24.48 7865 1739470 886523 198936 207 0 0 0 0 0 0 553 311007 79865
24.486625 0.194824 -0.101389 6.00086 43813 1.0000007 283003 104596 5 2 2281004.8 9.3867431 22.1003 24.486625 5207 1633091 782357 186132 208 0 0 0 0 0 0 553 311135 76514
24.493375 0.194824 -0.100682 6.00087 43815 1.0000007 282998 104542 5 2 2175382.3 9.3867431 22.1003 24.493375 3491 1552367 700498 173545 209 0 0 0 0 0 0 553 311093 72971
24.5 0.194824 -0.0999886 6.00088 43816 1.0000007 282963 104482 6 2 2110333.4 9.3867431 22.1003 24.5 2648 1493720 640907 164232 210 0 0 0 0 0 0 553 311064 70789
24.506625 0.194824 -0.0992947 6.00089 43818 1.0000007 282926 104494 5 2 2019974.4 9.3867431 22.1003 24.506625 2069 1439205 589101 153065 211 0 0 0 0 0 0 553 311022 67758
24.513375 0.194824 -0.0985877 6.0009 43819 1.0000007 282786 104392 6 2 1891635.5 9.3867431 22.1003 24.513375 1654 1392798 543223 141015 212 0 0 0 0 0 0 553 310898 63453
24.52 0.194824 -0.0978938 6.00091 43821 1.0000007 282963 104500 5 2 1725078 9.3867431 22.1003 24.52 1318 1354124 504564 128717 213 0 0 0 0 0 0 553 311057 57866
24.526625 0.194824 -0.0972 6.00092 43822 1.0000007 282884 104397 6 2 1554824 9.3867431 22.1003 24.526625 1141 1322726 471473 116111 214 0 0 0 0 0 0 553 310967 52155
24.533375 0.194824 -0.096493 6.00094 43824 1.0000007 282836 104473 7 2 1376580.4 9.3867431 22.1003 24.533375 905 1292175 441687 104322 215 0 0 0 0 0 0 553 310938 46176
24.54 0.194824 -0.0957991 6.00095 43825 1.0000007 282707 104410 6 2 1243650.5 9.3867431 22.1003 24.54 793 1266142 417014 95671 216 0 0 0 0 0 0 553 310779 41717
24.546625 0.194824 -0.0951052 6.00096 43827 1.0000007 282761 104389 6 2 1144318.3 9.3867431 22.1003 24.546625 641 1248856 400730 88512 217 0 0 0 0 0 0 553 310876 38385
24.553375 0.194824 -0.0943983 6.00097 43828 1.0000007 282719 104336 5 2 1059504.3 9.3867431 22.1003 24.553375 549 1230863 382317 82876 218 0 0 0 0 0 0 553 310820 35540
24.56 0.194824 -0.0937044 6.00098 43830 1.0000007 282798 104380 5 2 999135.77 9.3867431 22.1003 24.56 480 1215393 368305 78330 219 0 0 0 0 0 0 553 310902 33515
24.566625 0.194824 -0.0930105 6.00099 43831 1.0000007 282663 104337 5 2 946637.55 9.3867431 22.1003 24.566625 421 1204832 357807 74169 220 0 0 0 0 0 0 553 310769 31754
24.573375 0.194824 -0.0923035 6.001 43833 1.0000007 282579 104268 5 2 891814.01 9.3867431 22.1003 24.573375 381 1194129 347128 70792 221 0 0 0 0 0 0 553 310678 29915
24.58 0.194824 -0.0916097 6.00101 43834 1.0000007 282648 104270 6 2 851031.75 9.3867431 22.1003 24.58 358 1184176 337815 67679 222 0 0 0 0 0 0 553 310748 28547
24.586625 0.194824 -0.0909158 6.00102 43835 1.0000007 280591 103514 6 2 807655.87 9.3867431 22.1003 24.586625 309 1167547 327786 64490 223 0 0 0 0 0 0 553 308547 27092
24.593375 0.194824 -0.0902088 6.00103 43837 1.0000007 283777 104792 5 2 786251.14 9.3867431 22.1003 24.593375 279 1173796 324527 63109 224 0 0 0 0 0 0 553 311885 26374
24.6 0.194824 -0.0895149 6.00104 43839 1.0000007 283705 104723 6 2 754859.52 9.3867431 22.1003 24.6 270 1167253 317791 61150 225 0 0 0 0 0 0 553 311786 25321
24.606625 0.194824 -0.088821 6.00105 43840 1.0000007 283730 104734 5 2 729400.42 9.3867431 22.1003 24.606625 243 1162180 312607 59369 226 0 0 0 0 0 0 553 311820 24467
24.613375 0.194824 -0.088114 6.00107 43842 1.0000007 283613 104630 6 2 707876.44 9.3867431 22.1003 24.613375 222 1153268 306550 57495 227 0 0 0 0 0 0 553 311701 23745
24.62 0.194824 -0.0874201 6.00108 43843 1.0000007 283609 104631 5 2 689989.48 9.3867431 22.1003 24.62 185 1148923 302074 56523 228 0 0 0 0 0 0 553 311720 23145
24.626625 0.194824 -0.0867262 6.00109 43845 1.0000007 283513 104596 5 2 672072.71 9.3867431 22.1003 24.626625 194 1145992 299555 55423 229 0 0 0 0 0 0 553 311619 22544
24.633375 0.194824 -0.0860193 6.0011 43846 1.0000007 283463 104488 5 2 659104.66 9.3867431 22.1003 24.633375 182 1136863 292608 54091 230 0 0 0 0 0 0 553 311570 22109
24.64 0.194824 -0.0853254 6.00111 43848 1.0000007 283467 104497 5 2 656421.62 9.3867431 22.1003 24.64 168 1138245 291462 53815 231 0 0 0 0 0 0 553 311591 22019
24.646625 0.194824 -0.0846315 6.00112 43849 1.0000007 283424 104436 5 2 643483.39 9.3867431 22.1003 24.646625 159 1131608 286683 52701 232 0 0 0 0 0 0 553 311505 21585
24.653375 0.194824 -0.0839245 6.00113 43851 1.0000007 283209 104378 7 2 632900.27 9.3867431 22.1003 24.653375 145 1128359 283854 51963 233 0 0 0 0 0 0 553 311298 21230
24.66 0.194824 -0.0832306 6.00113 43852 1.0000007 283258 104343 5 2 622376.77 9.3867431 22.1003 24.66 145 1122197 280456 50995 234 0 0 0 0 0 0 553 311379 20877
24.666625 0.194824 -0.0825367 6.00114 43854 1.0000007 283269 104341 5 2 617338.61 9.3867431 22.1003 24.666625 136 1120680 277669 50689 235 0 0 0 0 0 0 553 311388 20708
24.673375 0.194824 -0.0818297 6.00115 43855 1.0000007 283140 104244 5 2 606457.38 9.3867431 22.1003 24.673375 140 1118043 276493 49566 236 0 0 0 0 0 0 553 311237 20343
24.68 0.194824 -0.0811358 6.00116 43857 1.0000007 283029 104186 6 2 611227.23 9.3867431 22.1003 24.68 122 1115387 273645 49940 237 0 0 0 0 0 0 553 311135 20503
24.686625 0.194824 -0.0804419 6.00117 43858 1.0000007 283077 104139 6 2 605503.41 9.3867431 22.1003 24.686625 120 1112563 271409 49245 238 0 0 0 0 0 0 553 311202 20311
24.693375 0.194824 -0.0797349 6.00118 43860 1.0000007 282946 104059 5 2 607262.29 9.3867431 22.1003 24.693375 121 1111113 269554 49445 239 0 0 0 0 0 0 553 311082 20370
24.7 0.194824 -0.079041 6.00119 43861 1.0000007 282795 104014 7 2 596232 9.3867431 22.1003 24.7 114 1105829 266799 48662 240 0 0 0 0 0 0 553 310913 20000
24.706625 0.194824 -0.0783471 6.0012 43863 1.0000007 282904 104096 5 2 593847.07 9.3867431 22.1003 24.706625 108 1105439 266245 48334 241 0 0 0 0 0 0 553 311018 19920
24.713375 0.194824 -0.0776401 6.00121 43864 1.0000007 282782 103973 6 2 583681.32 9.3867431 22.1003 24.713375 105 1102919 263531 47696 242 0 0 0 0 0 0 553 310926 19579
24.72 0.194824 -0.0769462 6.00122 43865 1.0000007 282767 103978 5 2 586423.98 9.3867431 22.1003 24.72 104 1101897 263421 47788 243 0 0 0 0 0 0 553 310883 19671
24.726625 0.194824 -0.0762522 6.00123 43867 1.0000007 282540 103800 6 2 571846.11 9.3867431 22.1003 24.726625 99 1098375 260666 46991 244 0 0 0 0 0 0 553 310663 19182
24.733375 0.194824 -0.0755452 6.00124 43868 1.0000007 282439 103725 5 2 580074.11 9.3867431 22.1003 24.733375 100 1094290 259412 47038 245 0 0 0 0 0 0 553 310547 19458
24.74 0.194824 -0.0748513 6.00125 43870 1.0000007 282487 103801 5 2 580521.29 9.3867431 22.1003 24.74 103 1097042 259691 47266 246 0 0 0 0 0 0 553 310618 19473
24.746625 0.194824 -0.0741574 6.00125 43871 1.0000007 282449 103742 7 2 576586.16 9.3867431 22.1003 24.746625 99 1090959 256653 46480 247 0 0 0 0 0 0 553 310582 19341
24.753375 0.194824 -0.0734504 6.00126 43873 1.0000007 282308 103659 6 2 575363.88 9.3867431 22.1003 24.753375 98 1090421 255378 46596 248 0 0 0 0 0 0 553 310453 19300
24.76 0.194824 -0.0727565 6.00127 43874 1.0000007 282194 103560 5 2 575244.63 9.3867431 22.1003 24.76 94 1089041 254299 46455 249 0 0 0 0 0 0 553 310322 19296
24.766625 0.194824 -0.0720626 6.00128 43876 1.0000007 282122 103497 6 2 567404.18 9.3867431 22.1003 24.766625 91 1086737 252541 45883 250 0 0 0 0 0 0 553 310254 19033
24.773375 0.194824 -0.0713556 6.00129 43877 1.0000007 282143 103525 5 2 559355.05 9.3867431 22.1003 24.773375 94 1085404 252300 45267 251 0 0 0 0 0 0 553 310290 18763
24.78 0.194824 -0.0706617 6.0013 43879 1.0000007 282133 103467 6 2 558102.96 9.3867431 22.1003 24.78 97 1084704 251211 45457 252 0 0 0 0 0 0 553 310279 18721
24.786625 0.194824 -0.0699677 6.0013 43880 1.0000007 282013 103354 6 2 559861.85 9.3867431 22.1003 24.786625 96 1081833 250462 45236 253 0 0 0 0 0 0 553 310154 18780
24.793375 0.194824 -0.0692607 6.00131 43882 1.0000007 281821 103265 6 2 557178.8 9.3867431 22.1003 24.793375 91 1079446 249210 45317 254 0 0 0 0 0 0 553 309966 18690
24.8 0.194824 -0.0685668 6.00132 43883 1.0000007 281934 103369 5 2 549904.77 9.3867431 22.1003 24.8 90 1080443 248463 44874 255 0 0 0 0 0 0 553 310062 18446
24.806625 0.194824 -0.0678729 6.00133 43885 1.0000007 281711 103206 7 2 545939.83 9.3867431 22.1003 24.806625 93 1077347 247147 44697 256 0 0 0 0 0 0 553 309856 18313
24.813375 0.194824 -0.0671659 6.00134 43886 1.0000007 281799 103151 6 2 542362.44 9.3867431 22.1003 24.813375 89 1073783 246216 44409 257 0 0 0 0 0 0 553 309937 18193
24.82 0.194824 -0.0664719 6.00134 43888 1.0000007 281586 103078 6 2 549785.53 9.3867431 22.1003 24.82 86 1073683 245763 44632 258 0 0 0 0 0 0 553 309727 18442
24.826625 0.194824 -0.065778 6.00135 43889 1.0000007 281453 102968 6 2 543346.22 9.3867431 22.1003 24.826625 89 1070223 243510 44206 259 0 0 0 0 0 0 553 309572 18226
24.833375 0.194824 -0.065071 6.00136 43891 1.0000007 281589 103005 6 2 540633.37 9.3867431 22.1003 24.833375 89 1071336 244224 44009 260 0 0 0 0 0 0 553 309710 18135
24.84 0.194824 -0.0643771 6.00137 43892 1.0000007 281429 102851 6 2 538397.5 9.3867431 22.1003 24.84 94 1068676 242981 43779 261 0 0 0 0 0 0 553 309547 18060
24.846625 0.194824 -0.0636831 6.00137 43894 1.0000007 281252 102816 6 2 535148.03 9.3867431 22.1003 24.846625 89 1066272 242159 43804 262 0 0 0 0 0 0 553 309360 17951
24.853375 0.194824 -0.0629761 6.00138 43895 1.0000007 281163 102800 5 2 540931.48 9.3867431 22.1003 24.853375 93 1066683 241796 43605 263 0 0 0 0 0 0 553 309308 18145
24.86 0.194824 -0.0622822 6.00139 43897 1.0000007 281314 102833 5 2 539411.09 9.3867431 22.1003 24.86 89 1065677 240798 43587 264 0 0 0 0 0 0 553 309429 18094
24.866625 0.194824 -0.0615883 6.0014 43898 1.0000007 281279 102793 6 2 529215.52 9.3867431 22.1003 24.866625 88 1064047 240101 43192 265 0 0 0 0 0 0 553 309427 17752
24.873375 0.194824 -0.0608812 6.0014 43900 1.0000007 281243 102705 5 2 534939.35 9.3867431 22.1003 24.873375 87 1063226 239503 42993 266 0 0 0 0 0 0 553 309364 17944
24.88 0.194824 -0.0601873 6.00141 43901 1.0000007 281179 102752 5 2 532226.49 9.3867431 22.1003 24.88 86 1061609 239851 43154 267 0 0 0 0 0 0 553 309320 17853
24.886625 0.194824 -0.0594934 6.00142 43903 1.0000007 281089 102678 5 2 530199.31 9.3867431 22.1003 24.886625 90 1062254 239189 43319 268 0 0 0 0 0 0 553 309235 17785
24.893375 0.194824 -0.0587864 6.00142 43904 1.0000007 281033 102620 6 2 528350.99 9.3867431 22.1003 24.893375 90 1059492 238313 43251 269 0 0 0 0 0 0 553 309177 17723
24.9 0.194824 -0.0580924 6.00143 43906 1.0000007 281001 102501 5 2 526800.78 9.3867431 22.1003 24.9 89 1056584 236907 42718 270 0 0 0 0 0 0 553 309133 17671
24.906625 0.194824 -0.0573985 6.00144 43907 1.0000007 280841 102467 5 2 528798.16 9.3867431 22.1003 24.906625 96 1059726 237848 42934 271 0 0 0 0 0 0 553 308978 17738
24.913375 0.194824 -0.0566915 6.00144 43909 1.0000007 280792 102496 6 2 527098.9 9.3867431 22.1003 24.913375 88 1058250 236673 42500 272 0 0 0 0 0 0 553 308938 17681
24.92 0.194824 -0.0559975 6.00145 43910 1.0000007 280737 102435 5 2 527754.75 9.3867431 22.1003 24.92 90 1056631 237119 42621 273 0 0 0 0 0 0 553 308859 17703
24.926625 0.194824 -0.0553036 6.00146 43912 1.0000007 280672 102392 5 2 516635.03 9.3867431 22.1003 24.926625 93 1055885 235456 42168 274 0 0 0 0 0 0 553 308798 17330
24.933375 0.194824 -0.0545966 6.00146 43913 1.0000007 280730 102418 6 2 520927.9 9.3867431 22.1003 24.933375 94 1053099 235366 42677 275 0 0 0 0 0 0 553 308877 17474
24.94 0.194824 -0.0539026 6.00147 43915 1.0000007 280721 102405 6 2 518990.14 9.3867431 22.1003 24.94 85 1053095 235043 42197 276 0 0 0 0 0 0 553 308864 17409
24.946625 0.194824 -0.0532087 6.00148 43916 1.0000007 280583 102268 6 2 523760 9.3867431 22.1003 24.946625 92 1052482 233912 42368 277 0 0 0 0 0 0 553 308691 17569
24.953375 0.194824 -0.0525016 6.00148 43918 1.0000007 280561 102326 5 2 515293.51 9.3867431 22.1003 24.953375 91 1050346 233182 42137 278 0 0 0 0 0 0 553 308692 17285
24.96 0.194824 -0.0518077 6.00149 43919 1.0000007 280591 102294 6 2 516903.33 9.3867431 22.1003 24.96 85 1051892 233548 42336 279 0 0 0 0 0 0 553 308745 17339
24.966625 0.194824 -0.0511138 6.00149 43921 1.0000007 280556 102330 7 2 514399.16 9.3867431 22.1003 24.966625 87 1048924 232405 42149 280 0 0 0 0 0 0 553 308695 17255
24.973375 0.194824 -0.0504067 6.0015 43922 1.0000007 280566 102283 5 2 516992.77 9.3867431 22.1003 24.973375 91 1049976 232845 41730 281 0 0 0 0 0 0 553 308721 17342
24.98 0.194824 -0.0497128 6.00151 43924 1.0000007 280532 102299 5 2 515293.51 9.3867431 22.1003 24.98 96 1047264 232241 41825 282 0 0 0 0 0 0 553 308653 17285
24.986625 0.194824 -0.0490188 6.00151 43925 1.0000007 280490 102281 5 2 509301.37 9.3867431 22.1003 24.986625 89 1049373 231998 41679 283 0 0 0 0 0 0 553 308625 17084
24.993375 0.194824 -0.0483118 6.00152 43926 1.0000007 280652 102369 6 2 518781.46 9.3867431 22.1003 24.993375 92 1047342 231668 42001 284 0 0 0 0 0 0 553 308795 17402
25 0.194824 -0.0476179 6.00152 43928 1.0000007 280619 102343 6 2 517648.62 9.3867431 22.1003 25 94 1046420 231126 41745 285 0 0 0 0 0 0 553 308769 17364
25.006625 0.194824 -0.0469239 6.00153 43929 1.0000007 280549 102329 5 2 514667.46 9.3867431 22.1003 25.006625 93 1044424 231696 41675 286 0 0 0 0 0 0 553 308704 17264
25.013375 0.194824 -0.0462169 6.00153 43931 1.0000007 280668 102390 5 2 512431.59 9.3867431 22.1003 25.013375 102 1045421 231548 41890 287 0 0 0 0 0 0 553 308804 17189
25.02 0.194824 -0.0455229 6.00154 43932 1.0000007 280615 102330 5 2 509718.74 9.3867431 22.1003 25.02 91 1043824 231098 41306 288 0 0 0 0 0 0 553 308745 17098
25.026625 0.194824 -0.044829 6.00154 43934 1.0000007 280652 102421 5 2 510911.2 9.3867431 22.1003 25.026625 89 1045395 230579 41704 289 0 0 0 0 0 0 553 308784 17138
25.033375 0.194824 -0.0441219 6.00155 43935 1.0000007 280631 102399 7 2 504799.82 9.3867431 22.1003 25.033375 100 1042816 229611 41251 290 0 0 0 0 0 0 553 308778 16933
25.04 0.194824 -0.043428 6.00155 43937 1.0000007 280769 102494 6 2 506827.01 9.3867431 22.1003 25.04 89 1044221 229909 41209 291 0 0 0 0 0 0 553 308889 17001
25.046625 0.194824 -0.042734 6.00156 43938 1.0000007 280743 102487 6 2 512699.9 9.3867431 22.1003 25.046625 88 1042096 230037 41643 292 0 0 0 0 0 0 553 308863 17198
25.053375 0.194824 -0.042027 6.00156 43940 1.0000007 280940 102632 5 2 510225.53 9.3867431 22.1003 25.053375 91 1041107 229256 41436 293 0 0 0 0 0 0 553 309094 17115
25.06 0.194824 -0.0413331 6.00157 43941 1.0000007 280983 102671 5 2 509420.62 9.3867431 22.1003 25.06 92 1041988 229501 41304 294 0 0 0 0 0 0 553 309120 17088
25.066625 0.194824 -0.0406391 6.00157 43943 1.0000007 280954 102618 5 2 507542.49 9.3867431 22.1003 25.066625 87 1041008 229211 41209 295 0 0 0 0 0 0 553 309086 17025
25.073375 0.194824 -0.0399321 6.00158 43944 1.0000007 281049 102757 5 2 509092.69 9.3867431 22.1003 25.073375 89 1041856 229692 41583 296 0 0 0 0 0 0 553 309183 17077
25.08 0.194824 -0.0392381 6.00158 43946 1.0000007 281130 102811 7 2 509033.07 9.3867431 22.1003 25.08 86 1041740 229220 41402 297 0 0 0 0 0 0 553 309252 17075
25.086625 0.194824 -0.0385442 6.00159 43947 1.0000007 281185 102853 5 2 506081.72 9.3867431 22.1003 25.086625 88 1040747 229108 41382 298 0 0 0 0 0 0 553 309296 16976
25.093375 0.194824 -0.0378371 6.00159 43949 1.0000007 281280 102909 5 2 502802.45 9.3867431 22.1003 25.093375 86 1041600 228935 41221 299 0 0 0 0 0 0 553 309403 16866
25.1 0.194824 -0.0371432 6.0016 43950 1.0000007 281329 102975 6 2 506827.01 9.3867431 22.1003 25.1 88 1041163 228753 41472 300 0 0 0 0 0 0 553 309449 17001