Eta  H  K  L  Epoch  Sec  ion1  Hubmon  scan_bar  Filters  Correct  Qmag  Energy  Graze  p_peak  p_total  p_del_s  p_nu_s  p_image  p_xcen  p_xsig  p_ycen  p_ysig  power  tempsp  gun_on  ion0  p_point
23.1 0.194824 -0.246573 5.99664 46702 1.0000007 284912 105422 4 2 500983.94 9.3867431 22.1003 23.1 90 1041292 227122 40856 0 0 0 0 0 0 0 553 312839 16805
23.106625 0.194824 -0.24588 5.99667 46703 1.0000007 284881 105348 5 2 510672.71 9.3867431 22.1003 23.106625 100 1043033 226812 41180 1 0 0 0 0 0 0 553 312859 17130
23.113375 0.194824 -0.245173 5.9967 46705 1.0000007 284747 105277 6 2 505604.74 9.3867431 22.1003 23.113375 89 1043259 227369 40986 2 0 0 0 0 0 0 553 312690 16960
23.12 0.194824 -0.24448 5.99673 46706 1.0000007 284823 105256 6 2 496989.18 9.3867431 22.1003 23.12 91 1043651 227578 41095 3 0 0 0 0 0 0 553 312787 16671
23.126625 0.194824 -0.243787 5.99676 46708 1.0000007 284620 105148 5 2 505097.94 9.3867431 22.1003 23.126625 92 1044104 227594 41241 4 0 0 0 0 0 0 553 312559 16943
23.133375 0.194824 -0.24308 5.99679 46709 1.0000007 284730 105236 5 2 502325.46 9.3867431 22.1003 23.133375 97 1043242 227141 40680 5 0 0 0 0 0 0 553 312686 16850
23.14 0.194824 -0.242387 5.99682 46711 1.0000007 284557 105137 6 2 505634.55 9.3867431 22.1003 23.14 94 1043230 227541 41232 6 0 0 0 0 0 0 553 312498 16961
23.146625 0.194824 -0.241693 5.99684 46712 1.0000007 284614 105196 5 2 503458.3 9.3867431 22.1003 23.146625 92 1041337 226826 40893 7 0 0 0 0 0 0 553 312582 16888
23.153375 0.194824 -0.240987 5.99687 46714 1.0000007 284560 105168 5 2 506260.59 9.3867431 22.1003 23.153375 88 1043511 227542 41087 8 0 0 0 0 0 0 553 312515 16982
23.16 0.194824 -0.240293 5.9969 46715 1.0000007 284304 104966 5 2 506260.59 9.3867431 22.1003 23.16 95 1042987 227677 41265 9 0 0 0 0 0 0 553 312258 16982
23.166625 0.194824 -0.2396 5.99693 46717 1.0000007 284389 105079 6 2 503666.98 9.3867431 22.1003 23.166625 91 1041987 227551 40998 10 0 0 0 0 0 0 553 312342 16895
23.173375 0.194824 -0.238894 5.99696 46718 1.0000007 284426 105020 5 2 506439.46 9.3867431 22.1003 23.173375 89 1042951 227155 40982 11 0 0 0 0 0 0 553 312382 16988
23.18 0.194824 -0.2382 5.99698 46719 1.0000007 284488 105076 6 2 500775.26 9.3867431 22.1003 23.18 88 1041564 226816 40923 12 0 0 0 0 0 0 553 312451 16798
23.186625 0.194824 -0.237507 5.99701 46721 1.0000007 284457 105111 5 2 504889.26 9.3867431 22.1003 23.186625 90 1043487 227437 40776 13 0 0 0 0 0 0 553 312417 16936
23.193375 0.194824 -0.2368 5.99704 46722 1.0000007 284437 105077 5 2 508466.65 9.3867431 22.1003 23.193375 94 1043261 228209 40941 14 0 0 0 0 0 0 553 312387 17056
23.2 0.194824 -0.236107 5.99707 46724 1.0000007 284310 104996 5 2 509480.24 9.3867431 22.1003 23.2 92 1043546 227682 41086 15 0 0 0 0 0 0 553 312276 17090
23.206625 0.194824 -0.235413 5.99709 46725 1.0000007 284182 104906 5 2 503130.37 9.3867431 22.1003 23.206625 96 1045110 227786 40931 16 0 0 0 0 0 0 553 312132 16877
23.213375 0.194824 -0.234707 5.99712 46727 1.0000007 284380 104993 4 2 502057.16 9.3867431 22.1003 23.213375 92 1044805 227791 40917 17 0 0 0 0 0 0 553 312337 16841
23.22 0.194824 -0.234013 5.99715 46729 1.0000007 284150 104828 5 2 506976.07 9.3867431 22.1003 23.22 90 1042720 227451 40790 18 0 0 0 0 0 0 553 312104 17006
23.226625 0.194824 -0.23332 5.99718 46730 1.0000007 284178 104893 6 2 509331.19 9.3867431 22.1003 23.226625 92 1044730 227827 41263 19 0 0 0 0 0 0 553 312128 17085
23.233375 0.194824 -0.232613 5.9972 46732 1.0000007 284201 104909 5 2 500357.89 9.3867431 22.1003 23.233375 86 1043409 227717 40895 20 0 0 0 0 0 0 553 312141 16784
23.24 0.194824 -0.23192 5.99723 46733 1.0000007 284183 104878 5 2 501222.43 9.3867431 22.1003 23.24 100 1045022 228314 41051 21 0 0 0 0 0 0 553 312137 16813
23.246625 0.194824 -0.231227 5.99726 46735 1.0000007 284109 104774 4 2 504770.01 9.3867431 22.1003 23.246625 99 1044154 226928 41070 22 0 0 0 0 0 0 553 312076 16932
23.253375 0.194824 -0.23052 5.99728 46736 1.0000007 284054 104782 6 2 508079.1 9.3867431 22.1003 23.253375 94 1044099 228901 41472 23 0 0 0 0 0 0 553 312016 17043
23.26 0.194824 -0.229827 5.99731 46737 1.0000007 284211 104887 6 2 505932.66 9.3867431 22.1003 23.26 97 1045431 228290 41114 24 0 0 0 0 0 0 553 312187 16971
23.266625 0.194824 -0.229133 5.99734 46739 1.0000007 283941 104731 5 2 502474.52 9.3867431 22.1003 23.266625 95 1043007 227125 40935 25 0 0 0 0 0 0 553 311918 16855
23.273375 0.194824 -0.228427 5.99736 46740 1.0000007 284037 104756 6 2 497048.81 9.3867431 22.1003 23.273375 89 1045341 227957 40939 26 0 0 0 0 0 0 553 311991 16673
23.28 0.194824 -0.227733 5.99739 46742 1.0000007 283771 104612 5 2 504471.9 9.3867431 22.1003 23.28 89 1043886 227855 41024 27 0 0 0 0 0 0 553 311730 16922
23.286625 0.194824 -0.22704 5.99742 46743 1.0000007 283832 104619 5 2 502295.65 9.3867431 22.1003 23.286625 96 1044940 227194 40941 28 0 0 0 0 0 0 553 311797 16849
23.293375 0.194824 -0.226333 5.99744 46745 1.0000007 283871 104673 5 2 502653.39 9.3867431 22.1003 23.293375 92 1045737 228630 41223 29 0 0 0 0 0 0 553 311828 16861
23.3 0.194824 -0.22564 5.99747 46746 1.0000007 283858 104628 6 2 505455.68 9.3867431 22.1003 23.3 93 1045235 228591 41235 30 0 0 0 0 0 0 553 311824 16955
23.306625 0.194824 -0.224946 5.9975 46748 1.0000007 283856 104642 5 2 504620.95 9.3867431 22.1003 23.306625 90 1044445 227637 40899 31 0 0 0 0 0 0 553 311819 16927
23.313375 0.194824 -0.22424 5.99752 46749 1.0000007 283853 104640 6 2 501282.05 9.3867431 22.1003 23.313375 88 1046537 228515 40961 32 0 0 0 0 0 0 553 311812 16815
23.32 0.194824 -0.223546 5.99755 46751 1.0000007 283697 104490 6 2 506290.4 9.3867431 22.1003 23.32 86 1045360 228119 41099 33 0 0 0 0 0 0 553 311662 16983
23.326625 0.194824 -0.222853 5.99757 46752 1.0000007 283774 104578 5 2 513355.75 9.3867431 22.1003 23.326625 96 1045323 228760 41354 34 0 0 0 0 0 0 553 311752 17220
23.333375 0.194824 -0.222146 5.9976 46754 1.0000007 283642 104437 6 2 502921.69 9.3867431 22.1003 23.333375 90 1047061 228823 40881 35 0 0 0 0 0 0 553 311614 16870
23.34 0.194824 -0.221452 5.99763 46755 1.0000007 283640 104461 5 2 511507.43 9.3867431 22.1003 23.34 91 1048153 229412 41184 36 0 0 0 0 0 0 553 311590 17158
23.346625 0.194824 -0.220759 5.99765 46757 1.0000007 283935 104617 4 2 513027.82 9.3867431 22.1003 23.346625 85 1048046 228742 41259 37 0 0 0 0 0 0 553 311912 17209
23.353375 0.194824 -0.220052 5.99768 46758 1.0000007 283612 104416 5 2 512014.23 9.3867431 22.1003 23.353375 90 1046686 228508 41264 38 0 0 0 0 0 0 553 311561 17175
23.36 0.194824 -0.219359 5.9977 46760 1.0000007 283383 104324 6 2 508913.82 9.3867431 22.1003 23.36 93 1046030 228516 41338 39 0 0 0 0 0 0 553 311341 17071
23.366625 0.194824 -0.218665 5.99773 46761 1.0000007 283518 104368 5 2 510076.48 9.3867431 22.1003 23.366625 89 1049024 230059 41374 40 0 0 0 0 0 0 553 311480 17110
23.373375 0.194824 -0.217959 5.99775 46763 1.0000007 283525 104340 6 2 502563.95 9.3867431 22.1003 23.373375 88 1049730 229189 41127 41 0 0 0 0 0 0 553 311513 16858
23.38 0.194824 -0.217265 5.99778 46764 1.0000007 283223 104247 6 2 509808.17 9.3867431 22.1003 23.38 90 1047121 229247 41431 42 0 0 0 0 0 0 553 311193 17101
23.386625 0.194824 -0.216572 5.9978 46766 1.0000007 283535 104414 5 2 504591.14 9.3867431 22.1003 23.386625 86 1048818 229312 41080 43 0 0 0 0 0 0 553 311474 16926
23.393375 0.194824 -0.215865 5.99783 46767 1.0000007 283485 104306 5 2 511179.51 9.3867431 22.1003 23.393375 89 1048231 229578 41367 44 0 0 0 0 0 0 553 311456 17147
23.4 0.194824 -0.215172 5.99785 46769 1.0000007 283365 104285 6 2 510613.08 9.3867431 22.1003 23.4 91 1047860 229439 41336 45 0 0 0 0 0 0 553 311317 17128
23.406625 0.194824 -0.214478 5.99788 46770 1.0000007 283157 104176 4 2 505097.94 9.3867431 22.1003 23.406625 90 1048108 229126 41013 46 0 0 0 0 0 0 553 311131 16943
23.413375 0.194824 -0.213772 5.9979 46772 1.0000007 283101 104125 6 2 509331.19 9.3867431 22.1003 23.413375 89 1047038 229747 41569 47 0 0 0 0 0 0 553 311075 17085
23.42 0.194824 -0.213078 5.99793 46773 1.0000007 283127 104118 5 2 508407.03 9.3867431 22.1003 23.42 88 1048932 229043 41437 48 0 0 0 0 0 0 553 311095 17054
23.426625 0.194824 -0.212384 5.99795 46775 1.0000007 282929 104043 6 2 507631.92 9.3867431 22.1003 23.426625 99 1047966 229634 41229 49 0 0 0 0 0 0 553 310884 17028
23.433375 0.194824 -0.211678 5.99798 46776 1.0000007 282866 103989 5 2 513176.88 9.3867431 22.1003 23.433375 93 1051428 230636 41355 50 0 0 0 0 0 0 553 310844 17214
23.44 0.194824 -0.210984 5.998 46778 1.0000007 282920 104007 5 2 501371.49 9.3867431 22.1003 23.44 91 1048444 229077 41090 51 0 0 0 0 0 0 553 310940 16818
23.446625 0.194824 -0.210291 5.99803 46779 1.0000007 282850 103999 6 2 511268.94 9.3867431 22.1003 23.446625 101 1049955 230278 41447 52 0 0 0 0 0 0 553 310868 17150
23.453375 0.194824 -0.209584 5.99805 46780 1.0000007 282806 103954 5 2 507989.66 9.3867431 22.1003 23.453375 90 1052049 231160 41599 53 0 0 0 0 0 0 553 310798 17040
23.46 0.194824 -0.208891 5.99808 46782 1.0000007 283001 104030 5 2 510493.84 9.3867431 22.1003 23.46 88 1052149 230938 41586 54 0 0 0 0 0 0 553 311004 17124
23.466625 0.194824 -0.208197 5.9981 46783 1.0000007 283123 104089 5 2 513892.36 9.3867431 22.1003 23.466625 103 1052292 230315 41538 55 0 0 0 0 0 0 553 311122 17238
23.473375 0.194824 -0.20749 5.99812 46785 1.0000007 283033 103999 6 2 507095.32 9.3867431 22.1003 23.473375 92 1054324 230969 41314 56 0 0 0 0 0 0 553 311026 17010
23.48 0.194824 -0.206797 5.99815 46786 1.0000007 283215 104049 6 2 512848.95 9.3867431 22.1003 23.48 97 1053836 231353 41612 57 0 0 0 0 0 0 553 311207 17203
23.486625 0.194824 -0.206103 5.99817 46788 1.0000007 283176 104005 5 2 511477.62 9.3867431 22.1003 23.486625 91 1053841 231389 41520 58 0 0 0 0 0 0 553 311188 17157
23.493375 0.194824 -0.205397 5.9982 46789 1.0000007 282990 103919 4 2 512580.65 9.3867431 22.1003 23.493375 86 1054031 231444 41498 59 0 0 0 0 0 0 553 310994 17194
23.5 0.194824 -0.204703 5.99822 46791 1.0000007 282877 103914 5 2 514607.84 9.3867431 22.1003 23.5 88 1053435 231096 41738 60 0 0 0 0 0 0 553 310883 17262
23.506625 0.194824 -0.20401 5.99824 46792 1.0000007 282795 103856 5 2 517320.69 9.3867431 22.1003 23.506625 89 1054871 231898 41671 61 0 0 0 0 0 0 553 310812 17353
23.513375 0.194824 -0.203303 5.99827 46794 1.0000007 282602 103791 6 2 516933.14 9.3867431 22.1003 23.513375 92 1054647 231538 41854 62 0 0 0 0 0 0 553 310614 17340
23.52 0.194824 -0.202609 5.99829 46795 1.0000007 282290 103634 5 2 517887.12 9.3867431 22.1003 23.52 92 1053293 232006 41919 63 0 0 0 0 0 0 553 310327 17372
23.526625 0.194824 -0.201916 5.99831 46797 1.0000007 282234 103583 5 2 510523.65 9.3867431 22.1003 23.526625 90 1052660 231823 41597 64 0 0 0 0 0 0 553 310250 17125
23.533375 0.194824 -0.201209 5.99834 46798 1.0000007 282122 103562 5 2 513296.13 9.3867431 22.1003 23.533375 91 1054380 231698 41538 65 0 0 0 0 0 0 553 310137 17218
23.54 0.194824 -0.200516 5.99836 46800 1.0000007 282133 103548 6 2 518304.48 9.3867431 22.1003 23.54 90 1053360 231833 42111 66 0 0 0 0 0 0 553 310158 17386
23.546625 0.194824 -0.199822 5.99838 46801 1.0000007 282029 103473 5 2 513743.3 9.3867431 22.1003 23.546625 91 1053370 232330 41403 67 0 0 0 0 0 0 553 310069 17233
23.553375 0.194824 -0.199115 5.99841 46803 1.0000007 282043 103398 5 2 518185.23 9.3867431 22.1003 23.553375 90 1054544 232566 42150 68 0 0 0 0 0 0 553 310075 17382
23.56 0.194824 -0.198422 5.99843 46804 1.0000007 282152 103478 6 2 519496.94 9.3867431 22.1003 23.56 92 1055074 233044 42455 69 0 0 0 0 0 0 553 310195 17426
23.566625 0.194824 -0.197728 5.99845 46806 1.0000007 282050 103392 6 2 517618.81 9.3867431 22.1003 23.566625 93 1055709 232403 42109 70 0 0 0 0 0 0 553 310050 17363
23.573375 0.194824 -0.197021 5.99848 46807 1.0000007 282007 103348 6 2 518036.17 9.3867431 22.1003 23.573375 89 1057833 232979 41907 71 0 0 0 0 0 0 553 310031 17377
23.58 0.194824 -0.196328 5.9985 46809 1.0000007 281922 103302 6 2 518751.65 9.3867431 22.1003 23.58 92 1057888 234241 42088 72 0 0 0 0 0 0 553 309927 17401
23.586625 0.194824 -0.195634 5.99852 46810 1.0000007 281853 103299 6 2 515681.06 9.3867431 22.1003 23.586625 89 1055431 233892 42135 73 0 0 0 0 0 0 553 309868 17298
23.593375 0.194824 -0.194928 5.99855 46812 1.0000007 281801 103262 6 2 521375.07 9.3867431 22.1003 23.593375 92 1058574 233741 42436 74 0 0 0 0 0 0 553 309826 17489
23.6 0.194824 -0.194234 5.99857 46813 1.0000007 281792 103216 4 2 518781.46 9.3867431 22.1003 23.6 87 1058338 234541 42507 75 0 0 0 0 0 0 553 309809 17402
23.606625 0.194824 -0.19354 5.99859 46814 1.0000007 281705 103131 5 2 528201.93 9.3867431 22.1003 23.606625 89 1058553 235083 42495 76 0 0 0 0 0 0 553 309748 17718
23.613375 0.194824 -0.192834 5.99861 46816 1.0000007 281623 103118 5 2 523402.26 9.3867431 22.1003 23.613375 91 1058940 234826 42529 77 0 0 0 0 0 0 553 309636 17557
23.62 0.194824 -0.19214 5.99864 46817 1.0000007 281633 103102 6 2 525101.52 9.3867431 22.1003 23.62 94 1057070 234214 42561 78 0 0 0 0 0 0 553 309648 17614
23.626625 0.194824 -0.191446 5.99866 46819 1.0000007 281500 102991 6 2 520331.67 9.3867431 22.1003 23.626625 93 1057708 234275 42636 79 0 0 0 0 0 0 553 309513 17454
23.633375 0.194824 -0.19074 5.99868 46820 1.0000007 281651 103156 6 2 527218.15 9.3867431 22.1003 23.633375 94 1060195 235386 42739 80 0 0 0 0 0 0 553 309683 17685
23.64 0.194824 -0.190046 5.9987 46822 1.0000007 281520 103038 6 2 522209.8 9.3867431 22.1003 23.64 89 1059445 234993 42432 81 0 0 0 0 0 0 553 309547 17517
23.646625 0.194824 -0.189352 5.99872 46823 1.0000007 281543 103085 6 2 527754.75 9.3867431 22.1003 23.646625 90 1062816 236558 42775 82 0 0 0 0 0 0 553 309558 17703
23.653375 0.194824 -0.188646 5.99875 46825 1.0000007 281536 103073 5 2 528350.99 9.3867431 22.1003 23.653375 90 1062033 236327 42699 83 0 0 0 0 0 0 553 309569 17723
23.66 0.194824 -0.187952 5.99877 46826 1.0000007 281455 102971 6 2 526085.31 9.3867431 22.1003 23.66 87 1064227 236591 42668 84 0 0 0 0 0 0 553 309464 17647
23.666625 0.194824 -0.187259 5.99879 46828 1.0000007 281432 103019 4 2 529036.65 9.3867431 22.1003 23.666625 88 1064939 237195 42769 85 0 0 0 0 0 0 553 309471 17746
23.673375 0.194824 -0.186552 5.99881 46829 1.0000007 281491 103057 4 2 527307.58 9.3867431 22.1003 23.673375 87 1067375 238392 43249 86 0 0 0 0 0 0 553 309496 17688
23.68 0.194824 -0.185858 5.99883 46831 1.0000007 281430 102980 5 2 538308.06 9.3867431 22.1003 23.68 92 1066662 238444 43501 87 0 0 0 0 0 0 553 309444 18057
23.686625 0.194824 -0.185165 5.99886 46832 1.0000007 281456 102928 6 2 530706.1 9.3867431 22.1003 23.686625 88 1066835 238150 42907 88 0 0 0 0 0 0 553 309504 17802
23.693375 0.194824 -0.184458 5.99888 46834 1.0000007 281316 102880 5 2 533925.76 9.3867431 22.1003 23.693375 92 1067518 238562 43453 89 0 0 0 0 0 0 553 309328 17910
23.7 0.194824 -0.183764 5.9989 46835 1.0000007 281274 102913 5 2 535267.28 9.3867431 22.1003 23.7 90 1068269 238500 43237 90 0 0 0 0 0 0 553 309290 17955
23.706625 0.194824 -0.183071 5.99892 46837 1.0000007 281315 102919 5 2 536936.73 9.3867431 22.1003 23.706625 88 1068122 239065 43640 91 0 0 0 0 0 0 553 309337 18011
23.713375 0.194824 -0.182364 5.99894 46838 1.0000007 281369 102933 5 2 537980.13 9.3867431 22.1003 23.713375 92 1070430 239988 43782 92 0 0 0 0 0 0 553 309411 18046
23.72 0.194824 -0.18167 5.99896 46840 1.0000007 281279 102897 5 2 544061.7 9.3867431 22.1003 23.72 91 1072870 241327 44020 93 0 0 0 0 0 0 553 309310 18250
23.726625 0.194824 -0.180976 5.99898 46841 1.0000007 281362 102928 5 2 538188.81 9.3867431 22.1003 23.726625 89 1073803 241833 43845 94 0 0 0 0 0 0 553 309389 18053
23.733375 0.194824 -0.18027 5.999 46843 1.0000007 281247 102829 5 2 543525.09 9.3867431 22.1003 23.733375 87 1073738 241396 43876 95 0 0 0 0 0 0 553 309282 18232
23.74 0.194824 -0.179576 5.99902 46844 1.0000007 281234 102862 5 2 545582.09 9.3867431 22.1003 23.74 87 1075794 242277 44074 96 0 0 0 0 0 0 553 309269 18301
23.746625 0.194824 -0.178882 5.99905 46846 1.0000007 281304 102902 6 2 551574.22 9.3867431 22.1003 23.746625 89 1078029 243976 44499 97 0 0 0 0 0 0 553 309342 18502
23.753375 0.194824 -0.178176 5.99907 46847 1.0000007 281227 102839 5 2 538546.55 9.3867431 22.1003 23.753375 94 1077033 243951 44291 98 0 0 0 0 0 0 553 309247 18065
23.76 0.194824 -0.177482 5.99909 46849 1.0000007 281161 102788 6 2 550501.01 9.3867431 22.1003 23.76 89 1078208 244197 44550 99 0 0 0 0 0 0 553 309167 18466
23.766625 0.194824 -0.176788 5.99911 46850 1.0000007 281144 102792 5 2 552528.19 9.3867431 22.1003 23.766625 91 1080138 245008 44758 100 0 0 0 0 0 0 553 309187 18534
23.773375 0.194824 -0.176082 5.99913 46852 1.0000007 281367 102898 5 2 553720.66 9.3867431 22.1003 23.773375 90 1082662 245903 44741 101 0 0 0 0 0 0 553 309400 18574
23.78 0.194824 -0.175388 5.99915 46853 1.0000007 281369 102901 5 2 556314.27 9.3867431 22.1003 23.78 90 1083608 247531 44936 102 0 0 0 0 0 0 553 309402 18661
23.786625 0.194824 -0.174694 5.99917 46855 1.0000007 281234 102776 6 2 555926.72 9.3867431 22.1003 23.786625 86 1081795 246584 44900 103 0 0 0 0 0 0 553 309259 18648
23.793375 0.194824 -0.173988 5.99919 46856 1.0000007 281159 102825 5 2 555062.18 9.3867431 22.1003 23.793375 88 1085405 248535 45439 104 0 0 0 0 0 0 553 309177 18619
23.8 0.194824 -0.173294 5.99921 46858 1.0000007 281194 102771 5 2 564184.53 9.3867431 22.1003 23.8 89 1087532 249717 45383 105 0 0 0 0 0 0 553 309238 18925
23.806625 0.194824 -0.1726 5.99923 46859 1.0000007 281209 102811 5 2 568477.4 9.3867431 22.1003 23.806625 93 1090024 251452 46100 106 0 0 0 0 0 0 553 309242 19069
23.813375 0.194824 -0.171893 5.99925 46861 1.0000007 281010 102674 6 2 561203.37 9.3867431 22.1003 23.813375 89 1090568 251822 45753 107 0 0 0 0 0 0 553 309031 18825
23.82 0.194824 -0.1712 5.99927 46862 1.0000007 281188 102821 5 2 572024.98 9.3867431 22.1003 23.82 90 1092913 253117 46347 108 0 0 0 0 0 0 553 309203 19188
23.826625 0.194824 -0.170506 5.99929 46864 1.0000007 281153 102723 4 2 579120.14 9.3867431 22.1003 23.826625 88 1092326 252958 46551 109 0 0 0 0 0 0 553 309192 19426
23.833375 0.194824 -0.169799 5.99931 46865 1.0000007 281056 102715 6 2 569163.07 9.3867431 22.1003 23.833375 93 1098758 256395 46698 110 0 0 0 0 0 0 553 309102 19092
23.84 0.194824 -0.169106 5.99933 46867 1.0000007 281065 102749 5 2 587914.56 9.3867431 22.1003 23.84 91 1102581 259307 47704 111 0 0 0 0 0 0 553 309093 19721
23.846625 0.194824 -0.168412 5.99935 46868 1.0000007 280988 102704 5 2 594711.61 9.3867431 22.1003 23.846625 122 1102046 260775 47947 112 0 0 0 0 0 0 553 309023 19949
23.853375 0.194824 -0.167705 5.99937 46870 1.0000007 280915 102588 5 2 589733.07 9.3867431 22.1003 23.853375 174 1108090 263852 47719 113 0 0 0 0 0 0 553 308932 19782
23.86 0.194824 -0.167011 5.99939 46871 1.0000007 280979 102667 5 2 593131.59 9.3867431 22.1003 23.86 237 1111356 267785 48514 114 0 0 0 0 0 0 553 309024 19896
23.866625 0.194824 -0.166318 5.99941 46873 1.0000007 280953 102686 6 2 606457.38 9.3867431 22.1003 23.866625 352 1115782 271358 49172 115 0 0 0 0 0 0 553 308978 20343
23.873375 0.194824 -0.165611 5.99943 46874 1.0000007 280977 102697 6 2 600852.8 9.3867431 22.1003 23.873375 485 1120697 276161 48977 116 0 0 0 0 0 0 553 309028 20155
23.88 0.194824 -0.164917 5.99945 46876 1.0000007 280924 102601 5 2 613194.8 9.3867431 22.1003 23.88 625 1127802 283200 50622 117 0 0 0 0 0 0 553 308964 20569
23.886625 0.194824 -0.164223 5.99946 46877 1.0000007 280954 102644 5 2 618262.77 9.3867431 22.1003 23.886625 720 1135512 287153 50795 118 0 0 0 0 0 0 553 308985 20739
23.893375 0.194824 -0.163517 5.99948 46879 1.0000007 281004 102707 6 2 624254.9 9.3867431 22.1003 23.893375 768 1139606 292745 51219 119 0 0 0 0 0 0 553 309052 20940
23.9 0.194824 -0.162823 5.9995 46880 1.0000007 280928 102661 5 2 627862.11 9.3867431 22.1003 23.9 788 1147577 298746 52025 120 0 0 0 0 0 0 553 308975 21061
23.906625 0.194824 -0.162129 5.99952 46881 1.0000007 280860 102575 6 2 634748.59 9.3867431 22.1003 23.906625 602 1154081 304336 52721 121 0 0 0 0 0 0 553 308918 21292
23.913375 0.194824 -0.161422 5.99954 46883 1.0000007 280916 102614 5 2 649654.39 9.3867431 22.1003 23.913375 701 1165689 315182 54011 122 0 0 0 0 0 0 553 308958 21792
23.92 0.194824 -0.160729 5.99956 46884 1.0000007 280987 102661 4 2 659939.39 9.3867431 22.1003 23.92 632 1179243 327673 55479 123 0 0 0 0 0 0 553 309026 22137
23.926625 0.194824 -0.160035 5.99958 46886 1.0000007 280884 102562 5 2 664947.74 9.3867431 22.1003 23.926625 733 1194034 342518 56197 124 0 0 0 0 0 0 553 308924 22305
23.933375 0.194824 -0.159328 5.9996 46887 1.0000007 281031 102704 5 2 673593.1 9.3867431 22.1003 23.933375 1411 1217166 364860 57590 125 0 0 0 0 0 0 553 309066 22595
23.94 0.194824 -0.158635 5.99962 46889 1.0000007 280979 102699 5 2 693268.76 9.3867431 22.1003 23.94 2054 1245644 391528 59363 126 0 0 0 0 0 0 553 309010 23255
23.946625 0.194824 -0.157941 5.99963 46890 1.0000007 280939 102668 5 2 710470.05 9.3867431 22.1003 23.946625 2264 1279214 426110 61511 127 0 0 0 0 0 0 553 308990 23832
23.953375 0.194824 -0.157234 5.99965 46892 1.0000007 280902 102652 5 2 718519.18 9.3867431 22.1003 23.953375 3246 1320748 466161 63695 128 0 0 0 0 0 0 553 308930 24102
23.96 0.194824 -0.15654 5.99967 46893 1.0000007 280831 102609 5 2 735481.98 9.3867431 22.1003 23.96 3730 1373996 519743 66506 129 0 0 0 0 0 0 553 308880 24671
23.966625 0.194824 -0.155846 5.99969 46895 1.0000007 280760 102613 5 2 758496.54 9.3867431 22.1003 23.966625 5272 1437746 582603 70269 130 0 0 0 0 0 0 553 308782 25443
23.973375 0.194824 -0.15514 5.99971 46896 1.0000007 280882 102656 5 2 782942.05 9.3867431 22.1003 23.973375 5966 1511521 655112 75210 131 0 0 0 0 0 0 553 308939 26263
23.98 0.194824 -0.154446 5.99972 46898 1.0000007 280904 102642 5 2 797162.18 9.3867431 22.1003 23.98 5546 1599023 743121 80112 132 0 0 0 0 0 0 553 308927 26740
23.986625 0.194824 -0.153752 5.99974 46899 1.0000007 280864 102606 6 2 820743.16 9.3867431 22.1003 23.986625 5478 1710220 854352 86921 133 0 0 0 0 0 0 553 308891 27531
23.993375 0.194824 -0.153045 5.99976 46901 1.0000007 280887 102635 6 2 854996.69 9.3867431 22.1003 23.993375 8211 1858132 1002466 95947 134 0 0 0 0 0 0 553 308922 28680
24 0.194824 -0.152352 5.99978 46902 1.0000007 280837 102650 6 2 879770.13 9.3867431 22.1003 24 12396 2068856 1211619 107925 135 0 0 0 0 0 0 553 308857 29511
24.006625 0.194824 -0.151658 5.9998 46904 1.0000007 280811 102693 5 2 907793.03 9.3867431 22.1003 24.006625 20010 2349086 1489986 123343 136 0 0 0 0 0 0 553 308844 30451
24.013375 0.194824 -0.150951 5.99981 46905 1.0000007 280754 102585 5 2 956147.45 9.3867431 22.1003 24.013375 36175 2799769 1939954 146189 137 0 0 0 0 0 0 553 308793 32073
24.02 0.194824 -0.150257 5.99983 46907 1.0000007 280767 102637 4 2 995677.63 9.3867431 22.1003 24.02 70587 3426977 2565687 177776 138 0 0 0 0 0 0 553 308804 33399
24.026625 0.194824 -0.149564 5.99985 46908 1.0000007 280845 102679 6 2 1065198.3 9.3867431 22.1003 24.026625 147244 4417823 3554576 223107 139 0 0 0 0 0 0 553 308882 35731
24.033375 0.194824 -0.148857 5.99987 46909 1.0000007 280894 102699 6 2 1153142.5 9.3867431 22.1003 24.033375 325833 5874429 5009308 291580 140 0 0 0 0 0 0 553 308941 38681
24.04 0.194824 -0.148163 5.99988 46911 1.0000007 280857 102681 6 2 1229400.6 9.3867431 22.1003 24.04 527586 7304556 6435227 381155 141 0 0 0 0 0 0 553 308886 41239
24.046625 0.194824 -0.147469 5.9999 46912 1.0000007 280909 102768 6 2 1273790 9.3867431 22.1003 24.046625 452675 7200724 6333974 495810 142 0 0 0 0 0 0 553 308931 42728
24.053375 0.194824 -0.146762 5.99992 46914 1.0000007 280838 102692 5 2 1292273.2 9.3867431 22.1003 24.053375 208205 5720449 4851989 607695 143 0 0 0 0 0 0 553 308876 43348
24.06 0.194824 -0.146069 5.99993 46915 1.0000007 280922 102750 5 2 1294717.8 9.3867431 22.1003 24.06 102076 4340984 3471090 666426 144 0 0 0 0 0 0 553 308952 43430
24.066625 0.194824 -0.145375 5.99995 46917 1.0000007 280813 102663 5 2 1319491.2 9.3867431 22.1003 24.066625 73224 3609596 2741086 681974 145 0 0 0 0 0 0 553 308825 44261
24.073375 0.194824 -0.144668 5.99997 46918 1.0000007 280814 102691 6 2 1353834.2 9.3867431 22.1003 24.073375 57536 3188318 2317955 686118 146 0 0 0 0 0 0 553 308831 45413
24.08 0.194824 -0.143974 5.99998 46920 1.0000007 280812 102737 5 2 1396584 9.3867431 22.1003 24.08 47540 2859763 1988232 662660 147 0 0 0 0 0 0 553 308842 46847
24.086625 0.194824 -0.14328 6 46921 1.0000007 280918 102800 5 2 1418078.2 9.3867431 22.1003 24.086625 43810 2622610 1749626 635945 148 0 0 0 0 0 0 553 308942 47568
24.093375 0.194824 -0.142574 6.00002 46923 1.0000007 280871 102710 6 2 1457310.3 9.3867431 22.1003 24.093375 33528 2382369 1508104 564896 149 0 0 0 0 0 0 553 308903 48884
24.1 0.194824 -0.14188 6.00003 46924 1.0000007 280896 102792 5 2 1460857.8 9.3867431 22.1003 24.1 22039 2160013 1284011 465540 150 0 0 0 0 0 0 553 308934 49003
24.106625 0.194824 -0.141186 6.00005 46926 1.0000007 280972 102830 5 2 1447353.2 9.3867431 22.1003 24.106625 14268 1981280 1106911 381998 151 0 0 0 0 0 0 553 309003 48550
24.113375 0.194824 -0.140479 6.00007 46927 1.0000007 281042 102802 5 2 1459128.8 9.3867431 22.1003 24.113375 8614 1846265 970761 318471 152 0 0 0 0 0 0 553 309046 48945
24.12 0.194824 -0.139785 6.00008 46929 1.0000007 281139 102871 5 2 1480742.2 9.3867431 22.1003 24.12 5570 1746421 873728 274322 153 0 0 0 0 0 0 553 309175 49670
24.126625 0.194824 -0.139092 6.0001 46930 1.0000007 280951 102855 5 2 1496244.2 9.3867431 22.1003 24.126625 4309 1673604 802284 244773 154 0 0 0 0 0 0 553 308951 50190
24.133375 0.194824 -0.138385 6.00012 46932 1.0000007 280921 102852 5 2 1518364.4 9.3867431 22.1003 24.133375 3627 1616554 745778 223168 155 0 0 0 0 0 0 553 308948 50932
24.14 0.194824 -0.137691 6.00013 46933 1.0000007 281095 102922 5 2 1556553.1 9.3867431 22.1003 24.14 3090 1574476 706296 209359 156 0 0 0 0 0 0 553 309108 52213
24.146625 0.194824 -0.136997 6.00015 46935 1.0000007 280959 102840 6 2 1586394.5 9.3867431 22.1003 24.146625 2467 1540828 673784 197106 157 0 0 0 0 0 0 553 308988 53214
24.153375 0.194824 -0.13629 6.00016 46936 1.0000007 281109 102966 6 2 1634450.8 9.3867431 22.1003 24.153375 1942 1516131 649154 187655 158 0 0 0 0 0 0 553 309133 54826
24.16 0.194824 -0.135597 6.00018 46938 1.0000007 280996 102862 5 2 1692523.8 9.3867431 22.1003 24.16 1663 1491472 625986 181249 159 0 0 0 0 0 0 553 309011 56774
24.166625 0.194824 -0.134903 6.0002 46939 1.0000007 281115 102912 5 2 1721858.4 9.3867431 22.1003 24.166625 1444 1479349 612523 176167 160 0 0 0 0 0 0 553 309130 57758
24.173375 0.194824 -0.134196 6.00021 46941 1.0000007 281171 102992 6 2 1779037 9.3867431 22.1003 24.173375 1390 1466957 601337 173372 161 0 0 0 0 0 0 553 309197 59676
24.18 0.194824 -0.133502 6.00023 46942 1.0000007 280941 102845 6 2 1844354.3 9.3867431 22.1003 24.18 1254 1458443 594449 172271 162 0 0 0 0 0 0 553 308950 61867
24.186625 0.194824 -0.132808 6.00024 46944 1.0000007 281005 102960 4 2 1893066.4 9.3867431 22.1003 24.186625 1122 1453268 591082 172717 163 0 0 0 0 0 0 553 309044 63501
24.193375 0.194824 -0.132101 6.00026 46945 1.0000007 281080 102980 6 2 1972872.1 9.3867431 22.1003 24.193375 1074 1458286 593015 175743 164 0 0 0 0 0 0 553 309102 66178
24.2 0.194824 -0.131408 6.00027 46947 1.0000007 281143 103020 5 2 2073605.5 9.3867431 22.1003 24.2 1068 1459612 596364 180454 165 0 0 0 0 0 0 553 309164 69557
24.206625 0.194824 -0.130714 6.00029 46948 1.0000007 281110 103026 6 2 2184355.6 9.3867431 22.1003 24.206625 1090 1470069 603851 186993 166 0 0 0 0 0 0 553 309125 73272
24.213375 0.194824 -0.130007 6.0003 46950 1.0000007 281042 102920 4 2 2346053.7 9.3867431 22.1003 24.213375 1108 1477014 615076 195415 167 0 0 0 0 0 0 553 309082 78696
24.22 0.194824 -0.129313 6.00032 46951 1.0000007 281094 102981 5 2 2477016 9.3867431 22.1003 24.22 1150 1486974 623785 202412 168 0 0 0 0 0 0 553 309129 83089
24.226625 0.194824 -0.128619 6.00033 46953 1.0000007 280968 102969 5 2 2632006.5 9.3867431 22.1003 24.226625 1066 1495731 633474 210097 169 0 0 0 0 0 0 553 308981 88288
24.233375 0.194824 -0.127912 6.00035 46954 1.0000007 280919 102859 4 2 2830999 9.3867431 22.1003 24.233375 1056 1507726 644711 219147 170 0 0 0 0 0 0 553 308957 94963
24.24 0.194824 -0.127219 6.00036 46956 1.0000007 278952 102149 5 2 2959337.9 9.3867431 22.1003 24.24 1022 1506221 649208 224458 171 0 0 0 0 0 0 553 306867 99268
24.246625 0.194824 -0.126525 6.00038 46957 1.0000007 282159 103463 5 2 3165842.9 9.3867431 22.1003 24.246625 956 1533924 667898 234576 172 0 0 0 0 0 0 553 310171 106195
24.253375 0.194824 -0.125818 6.00039 46959 1.0000007 282166 103455 5 2 3275519.7 9.3867431 22.1003 24.253375 904 1541309 674467 239742 173 0 0 0 0 0 0 553 310211 109874
24.26 0.194824 -0.125124 6.00041 46960 1.0000007 282311 103519 6 2 3335947.9 9.3867431 22.1003 24.26 875 1548671 682384 243730 174 0 0 0 0 0 0 553 310331 111901
24.266625 0.194824 -0.12443 6.00042 46962 1.0000007 282194 103462 5 2 3386895.9 9.3867431 22.1003 24.266625 797 1552756 686684 245571 175 0 0 0 0 0 0 553 310222 113610
24.273375 0.194824 -0.123723 6.00044 46963 1.0000007 282204 103429 4 2 3385256.2 9.3867431 22.1003 24.273375 773 1557040 691913 247203 176 0 0 0 0 0 0 553 310225 113555
24.28 0.194824 -0.123029 6.00045 46964 1.0000007 282081 103370 6 2 3379055.4 9.3867431 22.1003 24.28 768 1561992 697885 248743 177 0 0 0 0 0 0 553 310091 113347
24.286625 0.194824 -0.122336 6.00047 46966 1.0000007 282197 103423 6 2 3421298.5 9.3867431 22.1003 24.286625 842 1576438 711679 253403 178 0 0 0 0 0 0 553 310240 114764
24.293375 0.194824 -0.121629 6.00048 46967 1.0000007 282241 103474 5 2 3410029.7 9.3867431 22.1003 24.293375 900 1586664 720734 256265 179 0 0 0 0 0 0 553 310255 114386
24.3 0.194824 -0.120935 6.00049 46969 1.0000007 282212 103479 5 2 3405677.2 9.3867431 22.1003 24.3 1150 1598855 734508 260293 180 0 0 0 0 0 0 553 310251 114240
24.306625 0.194824 -0.120241 6.00051 46970 1.0000007 282066 103325 6 2 3425859.6 9.3867431 22.1003 24.306625 1251 1612817 749362 265100 181 0 0 0 0 0 0 553 310071 114917
24.313375 0.194824 -0.119534 6.00052 46972 1.0000007 282125 103366 5 2 3479639.8 9.3867431 22.1003 24.313375 1477 1639494 774966 272250 182 0 0 0 0 0 0 553 310142 116721
24.32 0.194824 -0.11884 6.00054 46973 1.0000007 282129 103404 5 2 3474959.3 9.3867431 22.1003 24.32 1766 1660106 799296 278785 183 0 0 0 0 0 0 553 310153 116564
24.326625 0.194824 -0.118147 6.00055 46975 1.0000007 282009 103290 5 2 3512879.7 9.3867431 22.1003 24.326625 2188 1692796 829391 287757 184 0 0 0 0 0 0 553 310003 117836
24.333375 0.194824 -0.11744 6.00056 46976 1.0000007 282073 103365 4 2 3533747.8 9.3867431 22.1003 24.333375 2794 1730686 865797 296545 185 0 0 0 0 0 0 553 310082 118536
24.34 0.194824 -0.116746 6.00058 46978 1.0000007 282008 103261 5 2 3567196.4 9.3867431 22.1003 24.34 3746 1780986 918589 308502 186 0 0 0 0 0 0 553 310028 119658
24.346625 0.194824 -0.116052 6.00059 46979 1.0000007 281983 103405 5 2 3569939.1 9.3867431 22.1003 24.346625 4770 1841510 978515 320049 187 0 0 0 0 0 0 553 310001 119750
24.353375 0.194824 -0.115345 6.0006 46981 1.0000007 282003 103330 5 2 3597395.6 9.3867431 22.1003 24.353375 6436 1913650 1051072 331892 188 0 0 0 0 0 0 553 310020 120671
24.36 0.194824 -0.114651 6.00062 46982 1.0000007 281959 103254 6 2 3587438.5 9.3867431 22.1003 24.36 8769 2012264 1149045 344430 189 0 0 0 0 0 0 553 309966 120337
24.366625 0.194824 -0.113957 6.00063 46984 1.0000007 281973 103294 5 2 3595666.5 9.3867431 22.1003 24.366625 12579 2128955 1266633 358328 190 0 0 0 0 0 0 553 309979 120613
24.373375 0.194824 -0.11325 6.00064 46985 1.0000007 281827 103256 5 2 3568746.6 9.3867431 22.1003 24.373375 16452 2265179 1403233 371524 191 0 0 0 0 0 0 553 309834 119710
24.38 0.194824 -0.112557 6.00066 46987 1.0000007 281938 103239 4 2 3537206 9.3867431 22.1003 24.38 19909 2434546 1573375 385791 192 0 0 0 0 0 0 553 309965 118652
24.386625 0.194824 -0.111863 6.00067 46988 1.0000007 282007 103322 5 2 3477582.8 9.3867431 22.1003 24.386625 19909 2626069 1762774 398295 193 0 0 0 0 0 0 553 310040 116652
24.393375 0.194824 -0.111156 6.00068 46990 1.0000007 281811 103215 5 2 3396733.7 9.3867431 22.1003 24.393375 29078 2870998 2008803 410007 194 0 0 0 0 0 0 553 309817 113940
24.4 0.194824 -0.110462 6.0007 46991 1.0000007 281704 103123 4 2 3341254.3 9.3867431 22.1003 24.4 42634 3208149 2346663 423829 195 0 0 0 0 0 0 553 309720 112079
24.406625 0.194824 -0.109768 6.00071 46993 1.0000007 281804 103200 5 2 3277666.2 9.3867431 22.1003 24.406625 64895 3678318 2816773 436579 196 0 0 0 0 0 0 553 309836 109946
24.413375 0.194824 -0.109061 6.00072 46994 1.0000007 281931 103274 4 2 3238106.2 9.3867431 22.1003 24.413375 91138 4316415 3453487 450778 197 0 0 0 0 0 0 553 309972 108619
24.42 0.194824 -0.108367 6.00073 46996 1.0000007 281875 103245 5 2 3232173.7 9.3867431 22.1003 24.42 129460 5013839 4152287 464080 198 0 0 0 0 0 0 553 309909 108420
24.426625 0.194824 -0.107673 6.00075 46997 1.0000007 281916 103239 4 2 3228924.2 9.3867431 22.1003 24.426625 165644 5664835 4801376 476918 199 0 0 0 0 0 0 553 309939 108311
24.433375 0.194824 -0.106966 6.00076 46999 1.0000007 281792 103161 5 2 3249434.6 9.3867431 22.1003 24.433375 193260 5834380 4971644 485708 200 0 0 0 0 0 0 553 309807 108999
24.44 0.194824 -0.106273 6.00077 47000 1.0000007 281907 103296 6 2 3277815.2 9.3867431 22.1003 24.44 206674 5794782 4931922 492958 201 0 0 0 0 0 0 553 309934 109951
24.446625 0.194824 -0.105579 6.00078 47002 1.0000007 281880 103275 5 2 3351002.7 9.3867431 22.1003 24.446625 181320 5561891 4698962 497071 202 0 0 0 0 0 0 553 309916 112406
24.453375 0.194824 -0.104872 6.0008 47003 1.0000007 281786 103224 6 2 3425531.7 9.3867431 22.1003 24.453375 163013 5270486 4408495 495560 203 0 0 0 0 0 0 553 309810 114906
24.46 0.194824 -0.104178 6.00081 47005 1.0000007 281853 103241 5 2 3565974.2 9.3867431 22.1003 24.46 141606 5154243 4289661 495170 204 0 0 0 0 0 0 553 309866 119617
24.466625 0.194824 -0.103484 6.00082 47006 1.0000007 281964 103325 6 2 3730236.1 9.3867431 22.1003 24.466625 129502 5264634 4400598 498479 205 0 0 0 0 0 0 553 309994 125127
24.473375 0.194824 -0.102777 6.00083 47008 1.0000007 282066 103438 6 2 3900311.3 9.3867431 22.1003 24.473375 177277 5566924 4701941 499438 206 0 0 0 0 0 0 553 310099 130832
24.48 0.194824 -0.102083 6.00084 47009 1.0000007 281963 103372 5 2 4051605.1 9.3867431 22.1003 24.48 193406 5688396 4823686 497882 207 0 0 0 0 0 0 553 309986 135907
24.486625 0.194824 -0.101389 6.00086 47011 1.0000007 281916 103307 6 2 4190586.8 9.3867431 22.1003 24.486625 168437 5436787 4571416 494237 208 0 0 0 0 0 0 553 309940 140569
24.493375 0.194824 -0.100682 6.00087 47012 1.0000007 282012 103379 6 2 4241087.7 9.3867431 22.1003 24.493375 162951 4938194 4075358 480089 209 0 0 0 0 0 0 553 310037 142263
24.5 0.194824 -0.0999886 6.00088 47014 1.0000007 282105 103506 6 2 4190050.2 9.3867431 22.1003 24.5 121394 4353832 3492542 452638 210 0 0 0 0 0 0 553 310136 140551
24.506625 0.194824 -0.0992947 6.00089 47015 1.0000007 281970 103461 6 2 4042870.3 9.3867431 22.1003 24.506625 76370 3789716 2926517 416611 211 0 0 0 0 0 0 553 309984 135614
24.513375 0.194824 -0.0985877 6.0009 47016 1.0000007 282058 103464 6 2 3828882.7 9.3867431 22.1003 24.513375 53106 3285419 2424268 377918 212 0 0 0 0 0 0 553 310057 128436
24.52 0.194824 -0.0978938 6.00091 47018 1.0000007 282230 103605 5 2 3601479.8 9.3867431 22.1003 24.52 37343 2894373 2033758 341307 213 0 0 0 0 0 0 553 310270 120808
24.526625 0.194824 -0.0972 6.00092 47019 1.0000007 282301 103650 5 2 3423474.7 9.3867431 22.1003 24.526625 30950 2595535 1735516 315120 214 0 0 0 0 0 0 553 310324 114837
24.533375 0.194824 -0.096493 6.00094 47021 1.0000007 282354 103710 6 2 3363016.8 9.3867431 22.1003 24.533375 25628 2364595 1503560 302101 215 0 0 0 0 0 0 553 310398 112809
24.54 0.194824 -0.0957991 6.00095 47022 1.0000007 282366 103737 4 2 3376342.6 9.3867431 22.1003 24.54 18439 2179015 1319740 298380 216 0 0 0 0 0 0 553 310393 113256
24.546625 0.194824 -0.0951052 6.00096 47024 1.0000007 282472 103854 6 2 3401294.9 9.3867431 22.1003 24.546625 10559 2031615 1171968 295399 217 0 0 0 0 0 0 553 310488 114093
24.553375 0.194824 -0.0943983 6.00097 47025 1.0000007 282470 103803 5 2 3269915.2 9.3867431 22.1003 24.553375 5777 1902433 1043969 278288 218 0 0 0 0 0 0 553 310480 109686
24.56 0.194824 -0.0937044 6.00098 47027 1.0000007 282441 103856 4 2 2974512 9.3867431 22.1003 24.56 4811 1782510 924840 246135 219 0 0 0 0 0 0 553 310448 99777
24.566625 0.194824 -0.0930105 6.00099 47028 1.0000007 282590 103902 5 2 2622019.7 9.3867431 22.1003 24.566625 3999 1677403 819407 211498 220 0 0 0 0 0 0 553 310608 87953
24.573375 0.194824 -0.0923035 6.001 47030 1.0000007 282774 104062 4 2 2256350.6 9.3867431 22.1003 24.573375 3036 1586615 727220 180846 221 0 0 0 0 0 0 553 310763 75687
24.58 0.194824 -0.0916097 6.00101 47031 1.0000007 282814 104094 4 2 1958055.7 9.3867431 22.1003 24.58 2178 1512774 653461 156662 222 0 0 0 0 0 0 553 310813 65681
24.586625 0.194824 -0.0909158 6.00102 47033 1.0000007 282833 104172 5 2 1711782.1 9.3867431 22.1003 24.586625 1697 1456716 597343 138632 223 0 0 0 0 0 0 553 310838 57420
24.593375 0.194824 -0.0902088 6.00103 47034 1.0000007 282825 104160 6 2 1530140 9.3867431 22.1003 24.593375 1147 1408082 550930 124959 224 0 0 0 0 0 0 553 310829 51327
24.6 0.194824 -0.0895149 6.00104 47036 1.0000007 282923 104234 4 2 1391933.4 9.3867431 22.1003 24.6 905 1370465 513957 114249 225 0 0 0 0 0 0 553 310942 46691
24.606625 0.194824 -0.088821 6.00105 47037 1.0000007 282898 104240 6 2 1265532.2 9.3867431 22.1003 24.606625 701 1336795 479751 105351 226 0 0 0 0 0 0 553 310900 42451
24.613375 0.194824 -0.088114 6.00107 47038 1.0000007 282974 104300 5 2 1180092.2 9.3867431 22.1003 24.613375 583 1309077 451751 97142 227 0 0 0 0 0 0 553 310977 39585
24.62 0.194824 -0.0874201 6.00108 47040 1.0000007 283071 104367 5 2 1111585.1 9.3867431 22.1003 24.62 517 1283380 426921 91073 228 0 0 0 0 0 0 553 311065 37287
24.626625 0.194824 -0.0867262 6.00109 47041 1.0000007 283165 104447 5 2 1043614.7 9.3867431 22.1003 24.626625 425 1263885 406261 85693 229 0 0 0 0 0 0 553 311168 35007
24.633375 0.194824 -0.0860193 6.0011 47043 1.0000007 283112 104433 4 2 991951.18 9.3867431 22.1003 24.633375 369 1245356 388520 81295 230 0 0 0 0 0 0 553 311098 33274
24.64 0.194824 -0.0853254 6.00111 47044 1.0000007 283200 104555 5 2 943596.76 9.3867431 22.1003 24.64 334 1230552 374325 77384 231 0 0 0 0 0 0 553 311184 31652
24.646625 0.194824 -0.0846315 6.00112 47046 1.0000007 283169 104507 5 2 888594.36 9.3867431 22.1003 24.646625 304 1218961 362770 73389 232 0 0 0 0 0 0 553 311142 29807
24.653375 0.194824 -0.0839245 6.00113 47047 1.0000007 283210 104553 6 2 857411.43 9.3867431 22.1003 24.653375 268 1207707 351182 70177 233 0 0 0 0 0 0 553 311180 28761
24.66 0.194824 -0.0832306 6.00113 47049 1.0000007 283332 104599 6 2 826019.81 9.3867431 22.1003 24.66 246 1200765 343067 67856 234 0 0 0 0 0 0 553 311320 27708
24.666625 0.194824 -0.0825367 6.00114 47050 1.0000007 283208 104500 5 2 794538.76 9.3867431 22.1003 24.666625 232 1189086 334646 65249 235 0 0 0 0 0 0 553 311198 26652
24.673375 0.194824 -0.0818297 6.00115 47052 1.0000007 283434 104705 4 2 770570.24 9.3867431 22.1003 24.673375 217 1183921 328263 63476 236 0 0 0 0 0 0 553 311422 25848
24.68 0.194824 -0.0811358 6.00116 47053 1.0000007 283273 104628 5 2 742696.39 9.3867431 22.1003 24.68 193 1176205 321761 61629 237 0 0 0 0 0 0 553 311257 24913
24.686625 0.194824 -0.0804419 6.00117 47055 1.0000007 283318 104639 4 2 729638.91 9.3867431 22.1003 24.686625 179 1169227 316711 60208 238 0 0 0 0 0 0 553 311287 24475
24.693375 0.194824 -0.0797349 6.00118 47056 1.0000007 283324 104667 6 2 716730.49 9.3867431 22.1003 24.693375 171 1166724 312167 58777 239 0 0 0 0 0 0 553 311303 24042
24.7 0.194824 -0.079041 6.00119 47058 1.0000007 283376 104734 5 2 696100.86 9.3867431 22.1003 24.7 158 1160693 307045 57650 240 0 0 0 0 0 0 553 311334 23350
24.706625 0.194824 -0.0783471 6.0012 47059 1.0000007 283271 104660 5 2 688588.34 9.3867431 22.1003 24.706625 162 1156428 303197 56659 241 0 0 0 0 0 0 553 311260 23098
24.713375 0.194824 -0.0776401 6.00121 47061 1.0000007 283299 104660 5 2 676991.62 9.3867431 22.1003 24.713375 150 1151568 299635 55590 242 0 0 0 0 0 0 553 311267 22709
24.72 0.194824 -0.0769462 6.00122 47062 1.0000007 283313 104706 5 2 662920.55 9.3867431 22.1003 24.72 151 1150581 296375 54792 243 0 0 0 0 0 0 553 311292 22237
24.726625 0.194824 -0.0762522 6.00123 47064 1.0000007 283523 104819 4 2 659074.85 9.3867431 22.1003 24.726625 137 1146479 291927 54109 244 0 0 0 0 0 0 553 311518 22108
24.733375 0.194824 -0.0755452 6.00124 47065 1.0000007 283535 104773 5 2 649535.14 9.3867431 22.1003 24.733375 143 1142391 289941 53072 245 0 0 0 0 0 0 553 311510 21788
24.74 0.194824 -0.0748513 6.00125 47067 1.0000007 283239 104633 6 2 635493.88 9.3867431 22.1003 24.74 123 1138998 286732 52536 246 0 0 0 0 0 0 553 311198 21317
24.746625 0.194824 -0.0741574 6.00125 47068 1.0000007 283470 104800 5 2 634211.98 9.3867431 22.1003 24.746625 121 1134171 284345 52099 247 0 0 0 0 0 0 553 311453 21274
24.753375 0.194824 -0.0734504 6.00126 47070 1.0000007 283273 104629 4 2 628011.17 9.3867431 22.1003 24.753375 111 1131769 281821 51763 248 0 0 0 0 0 0 553 311257 21066
24.76 0.194824 -0.0727565 6.00127 47071 1.0000007 283423 104753 6 2 628249.66 9.3867431 22.1003 24.76 114 1129570 278955 51129 249 0 0 0 0 0 0 553 311402 21074
24.766625 0.194824 -0.0720626 6.00128 47073 1.0000007 283357 104649 6 2 619097.5 9.3867431 22.1003 24.766625 113 1127770 277449 50577 250 0 0 0 0 0 0 553 311334 20767
24.773375 0.194824 -0.0713556 6.00129 47074 1.0000007 283368 104714 6 2 610183.83 9.3867431 22.1003 24.773375 113 1122981 275447 49928 251 0 0 0 0 0 0 553 311339 20468
24.78 0.194824 -0.0706617 6.0013 47076 1.0000007 281910 104141 5 2 600763.36 9.3867431 22.1003 24.78 106 1115974 272282 49383 252 0 0 0 0 0 0 553 309864 20152
24.786625 0.194824 -0.0699677 6.0013 47077 1.0000007 283596 104840 5 2 610750.25 9.3867431 22.1003 24.786625 107 1121387 272290 49835 253 0 0 0 0 0 0 553 311596 20487
24.793375 0.194824 -0.0692607 6.00131 47079 1.0000007 283485 104784 6 2 605324.54 9.3867431 22.1003 24.793375 103 1120278 271180 49448 254 0 0 0 0 0 0 553 311479 20305
24.8 0.194824 -0.0685668 6.00132 47080 1.0000007 283490 104753 6 2 592207.43 9.3867431 22.1003 24.8 100 1117138 268309 48475 255 0 0 0 0 0 0 553 311470 19865
24.806625 0.194824 -0.0678729 6.00133 47082 1.0000007 283544 104802 5 2 599719.96 9.3867431 22.1003 24.806625 99 1115563 267373 48822 256 0 0 0 0 0 0 553 311556 20117
24.813375 0.194824 -0.0671659 6.00134 47083 1.0000007 283529 104865 5 2 600912.42 9.3867431 22.1003 24.813375 101 1113806 266638 48565 257 0 0 0 0 0 0 553 311549 20157
24.82 0.194824 -0.0664719 6.00134 47085 1.0000007 283529 104747 5 2 591104.4 9.3867431 22.1003 24.82 94 1111082 264530 47924 258 0 0 0 0 0 0 553 311535 19828
24.826625 0.194824 -0.065778 6.00135 47086 1.0000007 283555 104801 6 2 594353.87 9.3867431 22.1003 24.826625 94 1110846 262873 47789 259 0 0 0 0 0 0 553 311554 19937
24.833375 0.194824 -0.065071 6.00136 47087 1.0000007 283399 104704 5 2 586513.42 9.3867431 22.1003 24.833375 95 1106486 261773 47472 260 0 0 0 0 0 0 553 311404 19674
24.84 0.194824 -0.0643771 6.00137 47089 1.0000007 283426 104753 6 2 586006.62 9.3867431 22.1003 24.84 92 1105373 260611 47580 261 0 0 0 0 0 0 553 311416 19657
24.846625 0.194824 -0.0636831 6.00137 47090 1.0000007 283318 104689 4 2 582339.79 9.3867431 22.1003 24.846625 93 1102115 258406 46996 262 0 0 0 0 0 0 553 311311 19534
24.853375 0.194824 -0.0629761 6.00138 47092 1.0000007 283308 104700 5 2 579090.33 9.3867431 22.1003 24.853375 94 1103427 258586 47061 263 0 0 0 0 0 0 553 311289 19425
24.86 0.194824 -0.0622822 6.00139 47093 1.0000007 283218 104588 5 2 583085.08 9.3867431 22.1003 24.86 94 1100384 256865 47109 264 0 0 0 0 0 0 553 311227 19559
24.866625 0.194824 -0.0615883 6.0014 47095 1.0000007 283225 104560 6 2 572114.42 9.3867431 22.1003 24.866625 88 1099531 256814 46372 265 0 0 0 0 0 0 553 311239 19191
24.873375 0.194824 -0.0608812 6.0014 47096 1.0000007 283197 104608 5 2 565317.37 9.3867431 22.1003 24.873375 91 1097264 253837 46411 266 0 0 0 0 0 0 553 311195 18963
24.88 0.194824 -0.0601873 6.00141 47098 1.0000007 283167 104577 4 2 567523.43 9.3867431 22.1003 24.88 92 1095100 253878 46087 267 0 0 0 0 0 0 553 311149 19037
24.886625 0.194824 -0.0594934 6.00142 47099 1.0000007 283197 104598 5 2 564035.47 9.3867431 22.1003 24.886625 91 1092258 252252 45690 268 0 0 0 0 0 0 553 311185 18920
24.893375 0.194824 -0.0587864 6.00142 47101 1.0000007 283084 104488 5 2 560905.25 9.3867431 22.1003 24.893375 92 1092029 251202 45389 269 0 0 0 0 0 0 553 311059 18815
24.9 0.194824 -0.0580924 6.00143 47102 1.0000007 283051 104451 6 2 563558.49 9.3867431 22.1003 24.9 94 1091739 251099 45382 270 0 0 0 0 0 0 553 311045 18904
24.906625 0.194824 -0.0573985 6.00144 47104 1.0000007 282996 104470 5 2 562515.08 9.3867431 22.1003 24.906625 86 1089656 251107 45466 271 0 0 0 0 0 0 553 311007 18869
24.913375 0.194824 -0.0566915 6.00144 47105 1.0000007 282974 104414 6 2 555300.67 9.3867431 22.1003 24.913375 93 1089160 248849 45108 272 0 0 0 0 0 0 553 310981 18627
24.92 0.194824 -0.0559975 6.00145 47107 1.0000007 283219 104649 4 2 554376.51 9.3867431 22.1003 24.92 87 1086685 248766 45154 273 0 0 0 0 0 0 553 311219 18596
24.926625 0.194824 -0.0553036 6.00146 47108 1.0000007 283023 104395 6 2 555032.37 9.3867431 22.1003 24.926625 87 1086855 248987 45211 274 0 0 0 0 0 0 553 311033 18618
24.933375 0.194824 -0.0545966 6.00146 47110 1.0000007 282981 104384 5 2 553631.22 9.3867431 22.1003 24.933375 94 1084009 247290 44846 275 0 0 0 0 0 0 553 310987 18571
24.94 0.194824 -0.0539026 6.00147 47111 1.0000007 282992 104373 6 2 548652.69 9.3867431 22.1003 24.94 92 1084917 246653 44627 276 0 0 0 0 0 0 553 310977 18404
24.946625 0.194824 -0.0532087 6.00148 47112 1.0000007 282915 104413 6 2 543912.64 9.3867431 22.1003 24.946625 90 1083027 245999 44435 277 0 0 0 0 0 0 553 310921 18245
24.953375 0.194824 -0.0525016 6.00148 47114 1.0000007 282984 104433 5 2 545641.71 9.3867431 22.1003 24.953375 90 1082350 244940 44461 278 0 0 0 0 0 0 553 310997 18303
24.96 0.194824 -0.0518077 6.00149 47115 1.0000007 282899 104369 5 2 546237.95 9.3867431 22.1003 24.96 94 1081444 244429 44137 279 0 0 0 0 0 0 553 310907 18323
24.966625 0.194824 -0.0511138 6.00149 47117 1.0000007 282741 104228 5 2 544538.69 9.3867431 22.1003 24.966625 94 1078309 243483 44100 280 0 0 0 0 0 0 553 310768 18266
24.973375 0.194824 -0.0504067 6.0015 47118 1.0000007 282888 104299 5 2 546834.18 9.3867431 22.1003 24.973375 92 1077000 242427 43692 281 0 0 0 0 0 0 553 310914 18343
24.98 0.194824 -0.0497128 6.00151 47120 1.0000007 282862 104301 6 2 536459.74 9.3867431 22.1003 24.98 88 1076622 242285 43753 282 0 0 0 0 0 0 553 310877 17995
24.986625 0.194824 -0.0490188 6.00151 47121 1.0000007 282601 104140 6 2 541229.6 9.3867431 22.1003 24.986625 92 1074295 241971 43977 283 0 0 0 0 0 0 553 310603 18155
24.993375 0.194824 -0.0483118 6.00152 47123 1.0000007 282815 104264 6 2 538546.55 9.3867431 22.1003 24.993375 87 1076413 242061 43726 284 0 0 0 0 0 0 553 310827 18065
25 0.194824 -0.0476179 6.00152 47124 1.0000007 282877 104343 5 2 539888.08 9.3867431 22.1003 25 93 1074061 241263 43680 285 0 0 0 0 0 0 553 310900 18110
25.006625 0.194824 -0.0469239 6.00153 47126 1.0000007 282691 104178 6 2 530318.55 9.3867431 22.1003 25.006625 88 1072994 240852 43372 286 0 0 0 0 0 0 553 310694 17789
25.013375 0.194824 -0.0462169 6.00153 47127 1.0000007 282651 104117 4 2 536429.93 9.3867431 22.1003 25.013375 89 1071531 239827 43423 287 0 0 0 0 0 0 553 310667 17994
25.02 0.194824 -0.0455229 6.00154 47129 1.0000007 282632 104155 5 2 531272.52 9.3867431 22.1003 25.02 87 1069856 238756 43030 288 0 0 0 0 0 0 553 310651 17821
25.026625 0.194824 -0.044829 6.00154 47130 1.0000007 282648 104105 6 2 536102 9.3867431 22.1003 25.026625 94 1070838 238554 43248 289 0 0 0 0 0 0 553 310686 17983
25.033375 0.194824 -0.0441219 6.00155 47132 1.0000007 282543 104022 6 2 533538.21 9.3867431 22.1003 25.033375 92 1067742 238002 42991 290 0 0 0 0 0 0 553 310550 17897
25.04 0.194824 -0.043428 6.00155 47133 1.0000007 282617 104177 4 2 523044.52 9.3867431 22.1003 25.04 85 1067817 238328 42906 291 0 0 0 0 0 0 553 310621 17545
25.046625 0.194824 -0.042734 6.00156 47135 1.0000007 282326 103971 5 2 530258.93 9.3867431 22.1003 25.046625 93 1064481 236853 42789 292 0 0 0 0 0 0 553 310326 17787
25.053375 0.194824 -0.042027 6.00156 47136 1.0000007 282461 104068 4 2 532017.81 9.3867431 22.1003 25.053375 92 1066002 237356 43069 293 0 0 0 0 0 0 553 310462 17846
25.06 0.194824 -0.0413331 6.00157 47138 1.0000007 282417 104024 6 2 525250.58 9.3867431 22.1003 25.06 90 1064007 236477 42596 294 0 0 0 0 0 0 553 310431 17619
25.066625 0.194824 -0.0406391 6.00157 47139 1.0000007 282352 103987 5 2 531093.65 9.3867431 22.1003 25.066625 86 1062252 236481 42852 295 0 0 0 0 0 0 553 310365 17815
25.073375 0.194824 -0.0399321 6.00158 47141 1.0000007 282399 104036 6 2 518841.09 9.3867431 22.1003 25.073375 91 1062976 235704 42092 296 0 0 0 0 0 0 553 310439 17404
25.08 0.194824 -0.0392381 6.00158 47142 1.0000007 282303 103983 5 2 530258.93 9.3867431 22.1003 25.08 86 1060902 236010 43150 297 0 0 0 0 0 0 553 310319 17787
25.086625 0.194824 -0.0385442 6.00159 47144 1.0000007 282319 103956 6 2 527367.2 9.3867431 22.1003 25.086625 86 1062631 235633 42918 298 0 0 0 0 0 0 553 310348 17690
25.093375 0.194824 -0.0378371 6.00159 47145 1.0000007 282327 103955 5 2 524177.36 9.3867431 22.1003 25.093375 86 1058885 234002 42173 299 0 0 0 0 0 0 553 310347 17583
25.1 0.194824 -0.0371432 6.0016 47147 1.0000007 282346 103901 6 2 528410.61 9.3867431 22.1003 25.1 91 1060402 234908 42570 300 0 0 0 0 0 0 553 310355 17725