Eta  H  K  L  Epoch  Sec  ion1  Hubmon  scan_bar  Filters  Correct  Qmag  Energy  Graze  p_peak  p_total  p_del_s  p_nu_s  p_image  p_xcen  p_xsig  p_ycen  p_ysig  power  tempsp  gun_on  ion0  p_point
23.1 0.194824 -0.246573 5.99664 41678 1.0000007 282066 103588 7 2 560636.95 9.3867431 22.1003 23.1 107 1167914 254198 45446 0 0 0 0 0 0 0 553 309932 18806
23.106625 0.194824 -0.24588 5.99667 41679 1.0000007 282104 103620 6 2 549278.73 9.3867431 22.1003 23.106625 102 1169570 253635 45391 1 0 0 0 0 0 0 553 309925 18425
23.113375 0.194824 -0.245173 5.9967 41681 1.0000007 282237 103735 7 2 560726.38 9.3867431 22.1003 23.113375 95 1172172 254958 45698 2 0 0 0 0 0 0 553 310076 18809
23.12 0.194824 -0.24448 5.99673 41682 1.0000007 282342 103801 5 2 565138.5 9.3867431 22.1003 23.12 115 1170437 255264 45618 3 0 0 0 0 0 0 553 310167 18957
23.126625 0.194824 -0.243787 5.99676 41684 1.0000007 282365 103817 6 2 561561.11 9.3867431 22.1003 23.126625 95 1172135 255186 45855 4 0 0 0 0 0 0 553 310187 18837
23.133375 0.194824 -0.24308 5.99679 41685 1.0000007 282283 103782 5 2 568537.02 9.3867431 22.1003 23.133375 96 1170394 255432 46175 5 0 0 0 0 0 0 553 310134 19071
23.14 0.194824 -0.242387 5.99682 41687 1.0000007 282360 103841 7 2 559384.86 9.3867431 22.1003 23.14 98 1171597 254367 45801 6 0 0 0 0 0 0 553 310213 18764
23.146625 0.194824 -0.241693 5.99684 41688 1.0000007 282392 103827 6 2 568537.02 9.3867431 22.1003 23.146625 106 1171026 254722 45666 7 0 0 0 0 0 0 553 310224 19071
23.153375 0.194824 -0.240987 5.99687 41690 1.0000007 282500 103920 5 2 571249.88 9.3867431 22.1003 23.153375 107 1173399 255875 46132 8 0 0 0 0 0 0 553 310340 19162
23.16 0.194824 -0.240293 5.9969 41691 1.0000007 282391 103913 6 2 567881.17 9.3867431 22.1003 23.16 95 1171179 255547 46132 9 0 0 0 0 0 0 553 310233 19049
23.166625 0.194824 -0.2396 5.99693 41693 1.0000007 282258 103849 5 2 557298.05 9.3867431 22.1003 23.166625 98 1172698 255088 45582 10 0 0 0 0 0 0 553 310106 18694
23.173375 0.194824 -0.238894 5.99696 41694 1.0000007 282311 103871 5 2 563349.81 9.3867431 22.1003 23.173375 104 1170673 254389 45630 11 0 0 0 0 0 0 553 310147 18897
23.18 0.194824 -0.2382 5.99698 41696 1.0000007 282365 103843 6 2 564691.33 9.3867431 22.1003 23.18 98 1171042 254746 46087 12 0 0 0 0 0 0 553 310212 18942
23.186625 0.194824 -0.237507 5.99701 41697 1.0000007 282224 103751 5 2 553273.48 9.3867431 22.1003 23.186625 101 1171259 254492 45429 13 0 0 0 0 0 0 553 310065 18559
23.193375 0.194824 -0.2368 5.99704 41699 1.0000007 282447 103968 5 2 562962.25 9.3867431 22.1003 23.193375 96 1173946 254781 45725 14 0 0 0 0 0 0 553 310273 18884
23.2 0.194824 -0.236107 5.99707 41700 1.0000007 282290 103826 6 2 559832.04 9.3867431 22.1003 23.2 103 1171485 254810 45851 15 0 0 0 0 0 0 553 310127 18779
23.206625 0.194824 -0.235413 5.99709 41702 1.0000007 282262 103860 7 2 566480.02 9.3867431 22.1003 23.206625 115 1171340 255782 45984 16 0 0 0 0 0 0 553 310099 19002
23.213375 0.194824 -0.234707 5.99712 41703 1.0000007 282198 103725 5 2 557834.66 9.3867431 22.1003 23.213375 98 1170345 255449 45388 17 0 0 0 0 0 0 553 310036 18712
23.22 0.194824 -0.234013 5.99715 41705 1.0000007 282216 103743 7 2 565764.54 9.3867431 22.1003 23.22 100 1172188 254552 46018 18 0 0 0 0 0 0 553 310057 18978
23.226625 0.194824 -0.23332 5.99718 41706 1.0000007 282193 103794 7 2 560130.15 9.3867431 22.1003 23.226625 102 1171686 254553 45809 19 0 0 0 0 0 0 553 310040 18789
23.233375 0.194824 -0.232613 5.9972 41708 1.0000007 282030 103555 5 2 566718.52 9.3867431 22.1003 23.233375 98 1170818 254403 45767 20 0 0 0 0 0 0 553 309872 19010
23.24 0.194824 -0.23192 5.99723 41709 1.0000007 282144 103718 6 2 566986.82 9.3867431 22.1003 23.24 99 1170076 255389 46038 21 0 0 0 0 0 0 553 309977 19019
23.246625 0.194824 -0.231227 5.99726 41711 1.0000007 282007 103662 6 2 568924.57 9.3867431 22.1003 23.246625 98 1171948 254928 46318 22 0 0 0 0 0 0 553 309818 19084
23.253375 0.194824 -0.23052 5.99728 41712 1.0000007 282013 103624 5 2 565973.23 9.3867431 22.1003 23.253375 97 1172286 255960 46289 23 0 0 0 0 0 0 553 309882 18985
23.26 0.194824 -0.229827 5.99731 41714 1.0000007 281956 103578 6 2 571279.69 9.3867431 22.1003 23.26 100 1169387 254207 46293 24 0 0 0 0 0 0 553 309795 19163
23.266625 0.194824 -0.229133 5.99734 41715 1.0000007 281839 103540 7 2 561978.47 9.3867431 22.1003 23.266625 98 1168752 253626 45661 25 0 0 0 0 0 0 553 309680 18851
23.273375 0.194824 -0.228427 5.99736 41717 1.0000007 281863 103486 5 2 564750.95 9.3867431 22.1003 23.273375 100 1169371 254591 45804 26 0 0 0 0 0 0 553 309721 18944
23.28 0.194824 -0.227733 5.99739 41718 1.0000007 281747 103417 5 2 564840.39 9.3867431 22.1003 23.28 97 1168117 253790 45775 27 0 0 0 0 0 0 553 309594 18947
23.286625 0.194824 -0.22704 5.99742 41719 1.0000007 281840 103447 5 2 555270.86 9.3867431 22.1003 23.286625 104 1170060 255487 45685 28 0 0 0 0 0 0 553 309690 18626
23.293375 0.194824 -0.226333 5.99744 41721 1.0000007 281776 103460 5 2 555568.98 9.3867431 22.1003 23.293375 100 1168204 254291 45546 29 0 0 0 0 0 0 553 309630 18636
23.3 0.194824 -0.22564 5.99747 41722 1.0000007 281624 103335 5 2 557089.37 9.3867431 22.1003 23.3 97 1167787 254232 45984 30 0 0 0 0 0 0 553 309488 18687
23.306625 0.194824 -0.224946 5.9975 41724 1.0000007 281752 103376 5 2 559861.85 9.3867431 22.1003 23.306625 97 1171661 255150 45560 31 0 0 0 0 0 0 553 309614 18780
23.313375 0.194824 -0.22424 5.99752 41725 1.0000007 281582 103263 5 2 567970.6 9.3867431 22.1003 23.313375 101 1171280 256025 45945 32 0 0 0 0 0 0 553 309439 19052
23.32 0.194824 -0.223546 5.99755 41727 1.0000007 281597 103300 5 2 561978.47 9.3867431 22.1003 23.32 99 1169348 254466 45683 33 0 0 0 0 0 0 553 309460 18851
23.326625 0.194824 -0.222853 5.99757 41728 1.0000007 281592 103301 6 2 568417.78 9.3867431 22.1003 23.326625 100 1170793 255189 46075 34 0 0 0 0 0 0 553 309437 19067
23.333375 0.194824 -0.222146 5.9976 41730 1.0000007 281629 103347 6 2 566032.85 9.3867431 22.1003 23.333375 102 1170332 254382 45948 35 0 0 0 0 0 0 553 309478 18987
23.34 0.194824 -0.221452 5.99763 41731 1.0000007 281499 103241 6 2 567016.63 9.3867431 22.1003 23.34 95 1169733 254851 45857 36 0 0 0 0 0 0 553 309355 19020
23.346625 0.194824 -0.220759 5.99765 41733 1.0000007 281380 103162 5 2 562843.01 9.3867431 22.1003 23.346625 96 1168079 254814 45893 37 0 0 0 0 0 0 553 309225 18880
23.353375 0.194824 -0.220052 5.99768 41734 1.0000007 281387 103177 6 2 557148.99 9.3867431 22.1003 23.353375 97 1168516 254629 45564 38 0 0 0 0 0 0 553 309232 18689
23.36 0.194824 -0.219359 5.9977 41736 1.0000007 280018 102573 5 2 561531.3 9.3867431 22.1003 23.36 102 1162340 253156 45573 39 0 0 0 0 0 0 553 307851 18836
23.366625 0.194824 -0.218665 5.99773 41737 1.0000007 281680 103299 5 2 565198.12 9.3867431 22.1003 23.366625 100 1171354 255517 45967 40 0 0 0 0 0 0 553 309544 18959
23.373375 0.194824 -0.217959 5.99775 41739 1.0000007 281695 103238 5 2 561382.24 9.3867431 22.1003 23.373375 95 1171057 255137 45845 41 0 0 0 0 0 0 553 309570 18831
23.38 0.194824 -0.217265 5.99778 41740 1.0000007 281512 103134 6 2 566599.27 9.3867431 22.1003 23.38 101 1169948 255269 46324 42 0 0 0 0 0 0 553 309399 19006
23.386625 0.194824 -0.216572 5.9978 41742 1.0000007 281596 103215 5 2 567106.07 9.3867431 22.1003 23.386625 100 1170901 254421 45947 43 0 0 0 0 0 0 553 309477 19023
23.393375 0.194824 -0.215865 5.99783 41743 1.0000007 281513 103129 6 2 558848.25 9.3867431 22.1003 23.393375 96 1170784 254713 45545 44 0 0 0 0 0 0 553 309386 18746
23.4 0.194824 -0.215172 5.99785 41745 1.0000007 281484 103085 5 2 557804.85 9.3867431 22.1003 23.4 103 1169743 255072 45701 45 0 0 0 0 0 0 553 309335 18711
23.406625 0.194824 -0.214478 5.99788 41746 1.0000007 281248 102925 6 2 563558.49 9.3867431 22.1003 23.406625 99 1170674 254855 45817 46 0 0 0 0 0 0 553 309098 18904
23.413375 0.194824 -0.213772 5.9979 41747 1.0000007 281291 102960 6 2 564780.76 9.3867431 22.1003 23.413375 98 1171491 255657 45922 47 0 0 0 0 0 0 553 309173 18945
23.42 0.194824 -0.213078 5.99793 41749 1.0000007 281229 102922 5 2 559504.11 9.3867431 22.1003 23.42 105 1170651 255421 45673 48 0 0 0 0 0 0 553 309118 18768
23.426625 0.194824 -0.212384 5.99795 41751 1.0000007 281193 102873 5 2 565824.17 9.3867431 22.1003 23.426625 112 1170002 255130 45962 49 0 0 0 0 0 0 553 309063 18980
23.433375 0.194824 -0.211678 5.99798 41752 1.0000007 281193 102889 4 2 568060.04 9.3867431 22.1003 23.433375 103 1170555 254576 45830 50 0 0 0 0 0 0 553 309096 19055
23.44 0.194824 -0.210984 5.998 41753 1.0000007 281219 102893 6 2 566658.89 9.3867431 22.1003 23.44 100 1169153 254991 45519 51 0 0 0 0 0 0 553 309094 19008
23.446625 0.194824 -0.210291 5.99803 41755 1.0000007 281048 102765 6 2 564423.02 9.3867431 22.1003 23.446625 104 1169947 254839 45832 52 0 0 0 0 0 0 553 308942 18933
23.453375 0.194824 -0.209584 5.99805 41756 1.0000007 281063 102833 6 2 569461.18 9.3867431 22.1003 23.453375 101 1171227 254736 45921 53 0 0 0 0 0 0 553 308923 19102
23.46 0.194824 -0.208891 5.99808 41758 1.0000007 280872 102626 5 2 565376.99 9.3867431 22.1003 23.46 96 1169556 255002 45990 54 0 0 0 0 0 0 553 308762 18965
23.466625 0.194824 -0.208197 5.9981 41759 1.0000007 280869 102602 6 2 572233.66 9.3867431 22.1003 23.466625 110 1168696 254942 46139 55 0 0 0 0 0 0 553 308758 19195
23.473375 0.194824 -0.20749 5.99812 41761 1.0000007 280674 102518 5 2 558907.88 9.3867431 22.1003 23.473375 108 1169298 254304 45705 56 0 0 0 0 0 0 553 308550 18748
23.48 0.194824 -0.206797 5.99815 41762 1.0000007 280806 102651 6 2 565526.05 9.3867431 22.1003 23.48 101 1169918 255434 46024 57 0 0 0 0 0 0 553 308703 18970
23.486625 0.194824 -0.206103 5.99817 41764 1.0000007 280599 102435 5 2 568209.1 9.3867431 22.1003 23.486625 98 1170302 255155 46014 58 0 0 0 0 0 0 553 308509 19060
23.493375 0.194824 -0.205397 5.9982 41765 1.0000007 280719 102486 5 2 565198.12 9.3867431 22.1003 23.493375 100 1167875 255251 46238 59 0 0 0 0 0 0 553 308607 18959
23.5 0.194824 -0.204703 5.99822 41767 1.0000007 280511 102383 5 2 564631.7 9.3867431 22.1003 23.5 103 1167480 254945 45754 60 0 0 0 0 0 0 553 308398 18940
23.506625 0.194824 -0.20401 5.99824 41768 1.0000007 280483 102404 6 2 565496.24 9.3867431 22.1003 23.506625 96 1167183 255092 45710 61 0 0 0 0 0 0 553 308393 18969
23.513375 0.194824 -0.203303 5.99827 41770 1.0000007 280465 102351 6 2 564721.14 9.3867431 22.1003 23.513375 98 1169345 254603 45902 62 0 0 0 0 0 0 553 308344 18943
23.52 0.194824 -0.202609 5.99829 41771 1.0000007 280538 102380 6 2 562515.08 9.3867431 22.1003 23.52 97 1168021 254887 45936 63 0 0 0 0 0 0 553 308421 18869
23.526625 0.194824 -0.201916 5.99831 41773 1.0000007 280389 102350 5 2 566003.04 9.3867431 22.1003 23.526625 98 1170284 255737 45997 64 0 0 0 0 0 0 553 308288 18986
23.533375 0.194824 -0.201209 5.99834 41774 1.0000007 280273 102233 6 2 564721.14 9.3867431 22.1003 23.533375 97 1169812 254739 45958 65 0 0 0 0 0 0 553 308168 18943
23.54 0.194824 -0.200516 5.99836 41776 1.0000007 280356 102278 6 2 562276.59 9.3867431 22.1003 23.54 98 1168622 254735 46020 66 0 0 0 0 0 0 553 308247 18861
23.546625 0.194824 -0.199822 5.99838 41777 1.0000007 280272 102242 6 2 566807.95 9.3867431 22.1003 23.546625 103 1168451 255291 46271 67 0 0 0 0 0 0 553 308166 19013
23.553375 0.194824 -0.199115 5.99841 41779 1.0000007 280297 102213 6 2 568209.1 9.3867431 22.1003 23.553375 98 1169776 255589 46005 68 0 0 0 0 0 0 553 308199 19060
23.56 0.194824 -0.198422 5.99843 41780 1.0000007 280252 102148 5 2 565436.62 9.3867431 22.1003 23.56 94 1170619 255911 46346 69 0 0 0 0 0 0 553 308147 18967
23.566625 0.194824 -0.197728 5.99845 41782 1.0000007 280156 102099 6 2 573843.49 9.3867431 22.1003 23.566625 95 1171602 256416 46207 70 0 0 0 0 0 0 553 308030 19249
23.573375 0.194824 -0.197021 5.99848 41783 1.0000007 280107 102101 6 2 567463.81 9.3867431 22.1003 23.573375 100 1170819 256174 46112 71 0 0 0 0 0 0 553 307992 19035
23.58 0.194824 -0.196328 5.9985 41785 1.0000007 280216 102148 5 2 567076.26 9.3867431 22.1003 23.58 98 1168716 255640 46093 72 0 0 0 0 0 0 553 308099 19022
23.586625 0.194824 -0.195634 5.99852 41786 1.0000007 280134 102124 7 2 569908.36 9.3867431 22.1003 23.586625 96 1169801 255958 46082 73 0 0 0 0 0 0 553 308038 19117
23.593375 0.194824 -0.194928 5.99855 41788 1.0000007 280037 102049 5 2 565287.56 9.3867431 22.1003 23.593375 101 1170825 256198 45976 74 0 0 0 0 0 0 553 307905 18962
23.6 0.194824 -0.194234 5.99857 41789 1.0000007 280186 102111 6 2 563826.79 9.3867431 22.1003 23.6 100 1173497 255971 46073 75 0 0 0 0 0 0 553 308082 18913
23.606625 0.194824 -0.19354 5.99859 41791 1.0000007 280084 102057 6 2 574886.89 9.3867431 22.1003 23.606625 101 1171816 256879 46458 76 0 0 0 0 0 0 553 307969 19284
23.613375 0.194824 -0.192834 5.99861 41792 1.0000007 279980 102046 6 2 577719 9.3867431 22.1003 23.613375 99 1170891 256744 46447 77 0 0 0 0 0 0 553 307880 19379
23.62 0.194824 -0.19214 5.99864 41794 1.0000007 279926 101968 6 2 568894.76 9.3867431 22.1003 23.62 101 1175177 257693 46372 78 0 0 0 0 0 0 553 307830 19083
23.626625 0.194824 -0.191446 5.99866 41795 1.0000007 279894 101982 6 2 570444.97 9.3867431 22.1003 23.626625 98 1175137 257845 46448 79 0 0 0 0 0 0 553 307797 19135
23.633375 0.194824 -0.19074 5.99868 41797 1.0000007 280029 102045 5 2 578255.61 9.3867431 22.1003 23.633375 101 1173804 257426 46520 80 0 0 0 0 0 0 553 307923 19397
23.64 0.194824 -0.190046 5.9987 41798 1.0000007 279987 102078 6 2 568030.23 9.3867431 22.1003 23.64 95 1176844 258038 46361 81 0 0 0 0 0 0 553 307865 19054
23.646625 0.194824 -0.189352 5.99872 41800 1.0000007 279915 102022 5 2 569520.81 9.3867431 22.1003 23.646625 100 1172587 257608 46213 82 0 0 0 0 0 0 553 307796 19104
23.653375 0.194824 -0.188646 5.99875 41801 1.0000007 280092 102166 5 2 565973.23 9.3867431 22.1003 23.653375 100 1175551 258770 46615 83 0 0 0 0 0 0 553 307996 18985
23.66 0.194824 -0.187952 5.99877 41802 1.0000007 279963 102030 6 2 572472.15 9.3867431 22.1003 23.66 103 1176370 259109 46801 84 0 0 0 0 0 0 553 307847 19203
23.666625 0.194824 -0.187259 5.99879 41804 1.0000007 279873 101978 5 2 568537.02 9.3867431 22.1003 23.666625 104 1176509 259069 46622 85 0 0 0 0 0 0 553 307777 19071
23.673375 0.194824 -0.186552 5.99881 41805 1.0000007 280031 102113 6 2 570117.04 9.3867431 22.1003 23.673375 101 1178926 259749 46506 86 0 0 0 0 0 0 553 307921 19124
23.68 0.194824 -0.185858 5.99883 41807 1.0000007 279984 102027 5 2 573485.75 9.3867431 22.1003 23.68 98 1178737 259131 46949 87 0 0 0 0 0 0 553 307879 19237
23.686625 0.194824 -0.185165 5.99886 41808 1.0000007 280159 102226 6 2 576407.29 9.3867431 22.1003 23.686625 99 1181387 259777 46798 88 0 0 0 0 0 0 553 308051 19335
23.693375 0.194824 -0.184458 5.99888 41810 1.0000007 280107 102153 6 2 573336.69 9.3867431 22.1003 23.693375 104 1182238 260674 46721 89 0 0 0 0 0 0 553 307991 19232
23.7 0.194824 -0.183764 5.9989 41811 1.0000007 280104 102173 5 2 579865.43 9.3867431 22.1003 23.7 99 1181883 260951 46914 90 0 0 0 0 0 0 553 308001 19451
23.706625 0.194824 -0.183071 5.99892 41813 1.0000007 280225 102225 6 2 583979.43 9.3867431 22.1003 23.706625 96 1184551 262299 47480 91 0 0 0 0 0 0 553 308123 19589
23.713375 0.194824 -0.182364 5.99894 41814 1.0000007 280120 102211 5 2 579269.2 9.3867431 22.1003 23.713375 104 1184196 263060 47234 92 0 0 0 0 0 0 553 308007 19431
23.72 0.194824 -0.18167 5.99896 41816 1.0000007 280031 102151 6 2 582936.03 9.3867431 22.1003 23.72 99 1184044 262321 47410 93 0 0 0 0 0 0 553 307915 19554
23.726625 0.194824 -0.180976 5.99898 41817 1.0000007 280138 102239 5 2 584277.55 9.3867431 22.1003 23.726625 99 1187431 263837 47389 94 0 0 0 0 0 0 553 308023 19599
23.733375 0.194824 -0.18027 5.999 41819 1.0000007 280232 102273 5 2 588689.67 9.3867431 22.1003 23.733375 97 1189347 264647 47795 95 0 0 0 0 0 0 553 308142 19747
23.74 0.194824 -0.179576 5.99902 41820 1.0000007 280166 102279 6 2 585827.75 9.3867431 22.1003 23.74 102 1192909 265917 47806 96 0 0 0 0 0 0 553 308050 19651
23.746625 0.194824 -0.178882 5.99905 41822 1.0000007 280279 102346 5 2 591849.69 9.3867431 22.1003 23.746625 102 1194931 267945 48128 97 0 0 0 0 0 0 553 308163 19853
23.753375 0.194824 -0.178176 5.99907 41823 1.0000007 280392 102400 7 2 593966.32 9.3867431 22.1003 23.753375 100 1194460 269144 48252 98 0 0 0 0 0 0 553 308264 19924
23.76 0.194824 -0.177482 5.99909 41825 1.0000007 280316 102358 6 2 590269.68 9.3867431 22.1003 23.76 99 1197667 269924 48270 99 0 0 0 0 0 0 553 308188 19800
23.766625 0.194824 -0.176788 5.99911 41826 1.0000007 280363 102398 6 2 599690.15 9.3867431 22.1003 23.766625 101 1200609 272108 48799 100 0 0 0 0 0 0 553 308246 20116
23.773375 0.194824 -0.176082 5.99913 41828 1.0000007 280443 102459 6 2 611346.48 9.3867431 22.1003 23.773375 119 1205117 273983 49317 101 0 0 0 0 0 0 553 308327 20507
23.78 0.194824 -0.175388 5.99915 41829 1.0000007 280623 102529 6 2 610183.83 9.3867431 22.1003 23.78 126 1209800 276501 48910 102 0 0 0 0 0 0 553 308495 20468
23.786625 0.194824 -0.174694 5.99917 41830 1.0000007 280456 102530 5 2 597782.2 9.3867431 22.1003 23.786625 119 1215425 279014 48987 103 0 0 0 0 0 0 553 308340 20052
23.793375 0.194824 -0.173988 5.99919 41832 1.0000007 280630 102635 6 2 616474.08 9.3867431 22.1003 23.793375 134 1221150 283311 49587 104 0 0 0 0 0 0 553 308492 20679
23.8 0.194824 -0.173294 5.99921 41833 1.0000007 280572 102617 7 2 607709.47 9.3867431 22.1003 23.8 151 1226831 287559 49711 105 0 0 0 0 0 0 553 308449 20385
23.806625 0.194824 -0.1726 5.99923 41835 1.0000007 280728 102729 7 2 620349.58 9.3867431 22.1003 23.806625 186 1236774 292988 50311 106 0 0 0 0 0 0 553 308611 20809
23.813375 0.194824 -0.171893 5.99925 41836 1.0000007 280846 102821 5 2 627265.88 9.3867431 22.1003 23.813375 215 1249178 300526 50584 107 0 0 0 0 0 0 553 308736 21041
23.82 0.194824 -0.1712 5.99927 41838 1.0000007 280807 102775 6 2 626997.57 9.3867431 22.1003 23.82 231 1257146 308021 50727 108 0 0 0 0 0 0 553 308661 21032
23.826625 0.194824 -0.170506 5.99929 41839 1.0000007 280844 102816 6 2 629978.73 9.3867431 22.1003 23.826625 259 1272018 319390 51064 109 0 0 0 0 0 0 553 308734 21132
23.833375 0.194824 -0.169799 5.99931 41841 1.0000007 280961 102895 5 2 637670.12 9.3867431 22.1003 23.833375 330 1292283 333527 51401 110 0 0 0 0 0 0 553 308861 21390
23.84 0.194824 -0.169106 5.99933 41842 1.0000007 280853 102885 6 2 643006.4 9.3867431 22.1003 23.84 472 1313738 351053 52378 111 0 0 0 0 0 0 553 308709 21569
23.846625 0.194824 -0.168412 5.99935 41844 1.0000007 281065 103031 5 2 645123.02 9.3867431 22.1003 23.846625 641 1340252 371558 52657 112 0 0 0 0 0 0 553 308926 21640
23.853375 0.194824 -0.167705 5.99937 41845 1.0000007 281042 103057 5 2 661310.72 9.3867431 22.1003 23.853375 941 1377414 402592 53826 113 0 0 0 0 0 0 553 308923 22183
23.86 0.194824 -0.167011 5.99939 41847 1.0000007 281039 103061 5 2 662652.24 9.3867431 22.1003 23.86 1343 1417482 438808 54244 114 0 0 0 0 0 0 553 308912 22228
23.866625 0.194824 -0.166318 5.99941 41848 1.0000007 281263 103177 5 2 676604.07 9.3867431 22.1003 23.866625 1973 1467247 483993 55369 115 0 0 0 0 0 0 553 309135 22696
23.873375 0.194824 -0.165611 5.99943 41850 1.0000007 281236 103163 6 2 686471.71 9.3867431 22.1003 23.873375 2439 1534041 545551 56312 116 0 0 0 0 0 0 553 309103 23027
23.88 0.194824 -0.164917 5.99945 41851 1.0000007 281334 103254 7 2 687813.24 9.3867431 22.1003 23.88 3668 1615943 628897 57115 117 0 0 0 0 0 0 553 309209 23072
23.886625 0.194824 -0.164223 5.99946 41853 1.0000007 281157 103197 5 2 702659.41 9.3867431 22.1003 23.886625 5626 1721245 735744 58612 118 0 0 0 0 0 0 553 308986 23570
23.893375 0.194824 -0.163517 5.99948 41854 1.0000007 281370 103354 6 2 702003.56 9.3867431 22.1003 23.893375 8285 1861006 876598 59535 119 0 0 0 0 0 0 553 309229 23548
23.9 0.194824 -0.162823 5.9995 41856 1.0000007 280238 102912 6 2 711185.53 9.3867431 22.1003 23.9 11700 2026729 1047787 61292 120 0 0 0 0 0 0 553 308077 23856
23.906625 0.194824 -0.162129 5.99952 41857 1.0000007 281991 103754 6 2 729310.98 9.3867431 22.1003 23.906625 17849 2255229 1273578 63750 121 0 0 0 0 0 0 553 309845 24464
23.913375 0.194824 -0.161422 5.99954 41859 1.0000007 281944 103688 5 2 742845.45 9.3867431 22.1003 23.913375 29400 2535884 1558160 66442 122 0 0 0 0 0 0 553 309814 24918
23.92 0.194824 -0.160729 5.99956 41860 1.0000007 282035 103773 6 2 762759.6 9.3867431 22.1003 23.92 43898 2874000 1898738 68560 123 0 0 0 0 0 0 553 309898 25586
23.926625 0.194824 -0.160035 5.99958 41862 1.0000007 282062 103820 7 2 793763.66 9.3867431 22.1003 23.926625 64448 3238863 2270468 72093 124 0 0 0 0 0 0 553 309949 26626
23.933375 0.194824 -0.159328 5.9996 41863 1.0000007 282116 103890 6 2 814601.97 9.3867431 22.1003 23.933375 85106 3599586 2633780 74912 125 0 0 0 0 0 0 553 309972 27325
23.94 0.194824 -0.158635 5.99962 41865 1.0000007 282168 103837 6 2 825006.22 9.3867431 22.1003 23.94 77237 3874812 2912143 77341 126 0 0 0 0 0 0 553 310046 27674
23.946625 0.194824 -0.157941 5.99963 41866 1.0000007 282232 103937 6 2 848587.19 9.3867431 22.1003 23.946625 78123 4058071 3098852 80326 127 0 0 0 0 0 0 553 310098 28465
23.953375 0.194824 -0.157234 5.99965 41868 1.0000007 282283 103954 6 2 883735.07 9.3867431 22.1003 23.953375 77168 4180943 3226020 84147 128 0 0 0 0 0 0 553 310154 29644
23.96 0.194824 -0.15654 5.99967 41869 1.0000007 282185 103852 6 2 913874.6 9.3867431 22.1003 23.96 113716 4123864 3170386 88521 129 0 0 0 0 0 0 553 310047 30655
23.966625 0.194824 -0.155846 5.99969 41871 1.0000007 282298 103945 6 2 939661.63 9.3867431 22.1003 23.966625 137533 3902053 2949585 91390 130 0 0 0 0 0 0 553 310160 31520
23.973375 0.194824 -0.15514 5.99971 41872 1.0000007 282262 103960 6 2 974600.83 9.3867431 22.1003 23.973375 140408 3563851 2612781 95191 131 0 0 0 0 0 0 553 310121 32692
23.98 0.194824 -0.154446 5.99972 41874 1.0000007 282309 104008 6 2 999940.69 9.3867431 22.1003 23.98 114211 3183951 2237043 99643 132 0 0 0 0 0 0 553 310169 33542
23.986625 0.194824 -0.153752 5.99974 41875 1.0000007 282350 104042 5 2 1033806.7 9.3867431 22.1003 23.986625 57282 2797343 1851729 104496 133 0 0 0 0 0 0 553 310234 34678
23.993375 0.194824 -0.153045 5.99976 41877 1.0000007 282351 104067 6 2 1082727.5 9.3867431 22.1003 23.993375 32530 2491567 1545615 107046 134 0 0 0 0 0 0 553 310206 36319
24 0.194824 -0.152352 5.99978 41878 1.0000007 282394 104062 7 2 1112509.3 9.3867431 22.1003 24 31739 2317768 1371857 109919 135 0 0 0 0 0 0 553 310256 37318
24.006625 0.194824 -0.151658 5.9998 41880 1.0000007 282389 104083 5 2 1155378.4 9.3867431 22.1003 24.006625 30588 2174437 1228474 112241 136 0 0 0 0 0 0 553 310258 38756
24.013375 0.194824 -0.150951 5.99981 41881 1.0000007 282369 104060 7 2 1212288.7 9.3867431 22.1003 24.013375 24228 1990980 1045840 114163 137 0 0 0 0 0 0 553 310215 40665
24.02 0.194824 -0.150257 5.99983 41883 1.0000007 282342 104058 5 2 1251252.5 9.3867431 22.1003 24.02 23831 1847808 904537 117099 138 0 0 0 0 0 0 553 310210 41972
24.026625 0.194824 -0.149564 5.99985 41884 1.0000007 282347 104009 6 2 1315079.1 9.3867431 22.1003 24.026625 19774 1724723 782885 120335 139 0 0 0 0 0 0 553 310211 44113
24.033375 0.194824 -0.148857 5.99987 41886 1.0000007 282221 104018 6 2 1348408.5 9.3867431 22.1003 24.033375 15477 1627753 685408 122938 140 0 0 0 0 0 0 553 310086 45231
24.04 0.194824 -0.148163 5.99988 41887 1.0000007 282180 103956 6 2 1412443.8 9.3867431 22.1003 24.04 13830 1573488 629765 126942 141 0 0 0 0 0 0 553 310018 47379
24.046625 0.194824 -0.147469 5.9999 41889 1.0000007 282175 103909 6 2 1487449.8 9.3867431 22.1003 24.046625 11660 1530871 589939 132308 142 0 0 0 0 0 0 553 310041 49895
24.053375 0.194824 -0.146762 5.99992 41890 1.0000007 282219 103950 6 2 1568298.8 9.3867431 22.1003 24.053375 7750 1501523 560537 138477 143 0 0 0 0 0 0 553 310072 52607
24.06 0.194824 -0.146069 5.99993 41892 1.0000007 282161 103899 6 2 1649207.5 9.3867431 22.1003 24.06 6910 1476943 535121 144429 144 0 0 0 0 0 0 553 310049 55321
24.066625 0.194824 -0.145375 5.99995 41893 1.0000007 282087 103910 5 2 1794241 9.3867431 22.1003 24.066625 5460 1455547 515609 151841 145 0 0 0 0 0 0 553 309964 60186
24.073375 0.194824 -0.144668 5.99997 41895 1.0000007 282212 103963 6 2 1937962.7 9.3867431 22.1003 24.073375 3642 1442458 501660 159260 146 0 0 0 0 0 0 553 310087 65007
24.08 0.194824 -0.143974 5.99998 41896 1.0000007 282008 103839 6 2 2140145 9.3867431 22.1003 24.08 2421 1432105 491556 165816 147 0 0 0 0 0 0 553 309865 71789
24.086625 0.194824 -0.14328 6 41898 1.0000007 281982 103862 7 2 2389369.9 9.3867431 22.1003 24.086625 1975 1426290 486482 171855 148 0 0 0 0 0 0 553 309870 80149
24.093375 0.194824 -0.142574 6.00002 41899 1.0000007 281983 103775 5 2 2582280.8 9.3867431 22.1003 24.093375 1858 1419794 480038 175510 149 0 0 0 0 0 0 553 309847 86620
24.1 0.194824 -0.14188 6.00003 41901 1.0000007 282099 103892 5 2 2718013 9.3867431 22.1003 24.1 1764 1417411 478098 177054 150 0 0 0 0 0 0 553 309946 91173
24.106625 0.194824 -0.141186 6.00005 41902 1.0000007 281890 103749 7 2 2735273.9 9.3867431 22.1003 24.106625 1555 1409141 470355 174338 151 0 0 0 0 0 0 553 309767 91752
24.113375 0.194824 -0.140479 6.00007 41903 1.0000007 281933 103761 5 2 2799547.7 9.3867431 22.1003 24.113375 1661 1406602 467947 174545 152 0 0 0 0 0 0 553 309830 93908
24.12 0.194824 -0.139785 6.00008 41905 1.0000007 281856 103732 7 2 2782674.4 9.3867431 22.1003 24.12 1718 1400801 462650 170953 153 0 0 0 0 0 0 553 309721 93342
24.126625 0.194824 -0.139092 6.0001 41906 1.0000007 281886 103718 5 2 2830700.9 9.3867431 22.1003 24.126625 1217 1399493 461451 171478 154 0 0 0 0 0 0 553 309773 94953
24.133375 0.194824 -0.138385 6.00012 41908 1.0000007 281807 103625 5 2 2915544.7 9.3867431 22.1003 24.133375 1331 1399587 463327 173724 155 0 0 0 0 0 0 553 309664 97799
24.14 0.194824 -0.137691 6.00013 41909 1.0000007 281774 103656 6 2 3001223.2 9.3867431 22.1003 24.14 1586 1400569 464093 174613 156 0 0 0 0 0 0 553 309673 100673
24.146625 0.194824 -0.136997 6.00015 41911 1.0000007 281712 103607 5 2 3174011.2 9.3867431 22.1003 24.146625 1791 1405377 467624 179035 157 0 0 0 0 0 0 553 309585 106469
24.153375 0.194824 -0.13629 6.00016 41912 1.0000007 281658 103593 5 2 3263923 9.3867431 22.1003 24.153375 1694 1402449 467125 179177 158 0 0 0 0 0 0 553 309548 109485
24.16 0.194824 -0.135597 6.00018 41914 1.0000007 281655 103562 5 2 3293764.4 9.3867431 22.1003 24.16 1977 1400956 466665 179950 159 0 0 0 0 0 0 553 309549 110486
24.166625 0.194824 -0.134903 6.0002 41915 1.0000007 279529 102709 6 2 3271882.7 9.3867431 22.1003 24.166625 1922 1389907 461309 177427 160 0 0 0 0 0 0 553 307292 109752
24.173375 0.194824 -0.134196 6.00021 41917 1.0000007 282954 104110 5 2 3402994.1 9.3867431 22.1003 24.173375 2059 1412617 472018 183471 161 0 0 0 0 0 0 553 310818 114150
24.18 0.194824 -0.133502 6.00023 41918 1.0000007 282994 104126 5 2 3381887.5 9.3867431 22.1003 24.18 1872 1411532 472955 184138 162 0 0 0 0 0 0 553 310877 113442
24.186625 0.194824 -0.132808 6.00024 41920 1.0000007 282802 103968 5 2 3337557.7 9.3867431 22.1003 24.186625 1593 1409951 471635 182926 163 0 0 0 0 0 0 553 310694 111955
24.193375 0.194824 -0.132101 6.00026 41921 1.0000007 282968 104140 5 2 3364835.3 9.3867431 22.1003 24.193375 1535 1415099 475616 184969 164 0 0 0 0 0 0 553 310853 112870
24.2 0.194824 -0.131408 6.00027 41923 1.0000007 282784 103991 5 2 3303393.6 9.3867431 22.1003 24.2 1264 1414281 476642 184832 165 0 0 0 0 0 0 553 310692 110809
24.206625 0.194824 -0.130714 6.00029 41924 1.0000007 282720 103910 5 2 3340091.7 9.3867431 22.1003 24.206625 1160 1418933 482261 188152 166 0 0 0 0 0 0 553 310584 112040
24.213375 0.194824 -0.130007 6.0003 41926 1.0000007 282638 103875 6 2 3317524.3 9.3867431 22.1003 24.213375 888 1421749 485271 189136 167 0 0 0 0 0 0 553 310552 111283
24.22 0.194824 -0.129313 6.00032 41927 1.0000007 282713 103857 6 2 3297013.9 9.3867431 22.1003 24.22 766 1422748 488634 191403 168 0 0 0 0 0 0 553 310623 110595
24.226625 0.194824 -0.128619 6.00033 41929 1.0000007 282589 103838 7 2 3345278.9 9.3867431 22.1003 24.226625 722 1432504 498187 196966 169 0 0 0 0 0 0 553 310481 112214
24.233375 0.194824 -0.127912 6.00035 41930 1.0000007 282475 103752 6 2 3401891.1 9.3867431 22.1003 24.233375 687 1441514 507827 203144 170 0 0 0 0 0 0 553 310385 114113
24.24 0.194824 -0.127219 6.00036 41932 1.0000007 282454 103704 5 2 3407167.8 9.3867431 22.1003 24.24 742 1450286 515295 208992 171 0 0 0 0 0 0 553 310351 114290
24.246625 0.194824 -0.126525 6.00038 41933 1.0000007 282332 103589 7 2 3404037.5 9.3867431 22.1003 24.246625 778 1455575 522528 213711 172 0 0 0 0 0 0 553 310248 114185
24.253375 0.194824 -0.125818 6.00039 41935 1.0000007 282374 103670 7 2 3521316.4 9.3867431 22.1003 24.253375 922 1469070 537804 225312 173 0 0 0 0 0 0 553 310281 118119
24.26 0.194824 -0.125124 6.00041 41936 1.0000007 282355 103623 6 2 3559594.5 9.3867431 22.1003 24.26 1074 1482510 549565 235134 174 0 0 0 0 0 0 553 310244 119403
24.266625 0.194824 -0.12443 6.00042 41938 1.0000007 282239 103519 6 2 3622169 9.3867431 22.1003 24.266625 1219 1492719 561710 245986 175 0 0 0 0 0 0 553 310126 121502
24.273375 0.194824 -0.123723 6.00044 41939 1.0000007 282183 103438 6 2 3681732.6 9.3867431 22.1003 24.273375 1485 1506434 575118 257812 176 0 0 0 0 0 0 553 310096 123500
24.28 0.194824 -0.123029 6.00045 41941 1.0000007 282092 103407 6 2 3722813 9.3867431 22.1003 24.28 1829 1516850 585793 267484 177 0 0 0 0 0 0 553 310007 124878
24.286625 0.194824 -0.122336 6.00047 41942 1.0000007 281935 103297 6 2 3796358.2 9.3867431 22.1003 24.286625 2337 1527621 598037 276427 178 0 0 0 0 0 0 553 309836 127345
24.293375 0.194824 -0.121629 6.00048 41944 1.0000007 281921 103280 6 2 3888923.2 9.3867431 22.1003 24.293375 2484 1544097 614675 285740 179 0 0 0 0 0 0 553 309823 130450
24.3 0.194824 -0.120935 6.00049 41945 1.0000007 281853 103197 6 2 3899208.2 9.3867431 22.1003 24.3 2358 1550471 624157 287619 180 0 0 0 0 0 0 553 309754 130795
24.306625 0.194824 -0.120241 6.00051 41947 1.0000007 281827 103256 6 2 3900758.4 9.3867431 22.1003 24.306625 4041 1562275 635494 285625 181 0 0 0 0 0 0 553 309732 130847
24.313375 0.194824 -0.119534 6.00052 41948 1.0000007 281712 103155 6 2 3818090.9 9.3867431 22.1003 24.313375 5131 1571313 643549 278579 182 0 0 0 0 0 0 553 309626 128074
24.32 0.194824 -0.11884 6.00054 41950 1.0000007 281730 103113 5 2 3627714 9.3867431 22.1003 24.32 8300 1576109 648264 267560 183 0 0 0 0 0 0 553 309647 121688
24.326625 0.194824 -0.118147 6.00055 41951 1.0000007 281630 103090 6 2 3482412.2 9.3867431 22.1003 24.326625 14361 1600788 672973 264351 184 0 0 0 0 0 0 553 309543 116814
24.333375 0.194824 -0.11744 6.00056 41953 1.0000007 281612 103063 6 2 3309117.4 9.3867431 22.1003 24.333375 14354 1606878 680590 257622 185 0 0 0 0 0 0 553 309540 111001
24.34 0.194824 -0.116746 6.00058 41954 1.0000007 281592 102949 6 2 3160864.3 9.3867431 22.1003 24.34 15651 1615345 690587 249338 186 0 0 0 0 0 0 553 309517 106028
24.346625 0.194824 -0.116052 6.00059 41956 1.0000007 281521 102995 5 2 3059624.1 9.3867431 22.1003 24.346625 19889 1628751 702860 244220 187 0 0 0 0 0 0 553 309433 102632
24.353375 0.194824 -0.115345 6.0006 41957 1.0000007 281506 102902 6 2 2931732.4 9.3867431 22.1003 24.353375 16921 1615753 690956 236913 188 0 0 0 0 0 0 553 309433 98342
24.36 0.194824 -0.114651 6.00062 41959 1.0000007 281400 102923 6 2 2816957.7 9.3867431 22.1003 24.36 13333 1603524 678725 229629 189 0 0 0 0 0 0 553 309339 94492
24.366625 0.194824 -0.113957 6.00063 41960 1.0000007 281405 102883 6 2 2722425.1 9.3867431 22.1003 24.366625 7716 1592443 667034 222375 190 0 0 0 0 0 0 553 309315 91321
24.373375 0.194824 -0.11325 6.00064 41962 1.0000007 281321 102821 5 2 2632871.1 9.3867431 22.1003 24.373375 4924 1586853 663394 215544 191 0 0 0 0 0 0 553 309261 88317
24.38 0.194824 -0.112557 6.00066 41963 1.0000007 281169 102744 5 2 2551604.7 9.3867431 22.1003 24.38 3352 1586277 664660 208290 192 0 0 0 0 0 0 553 309098 85591
24.386625 0.194824 -0.111863 6.00067 41965 1.0000007 281295 102780 6 2 2512104.3 9.3867431 22.1003 24.386625 3064 1602085 679899 204181 193 0 0 0 0 0 0 553 309208 84266
24.393375 0.194824 -0.111156 6.00068 41966 1.0000007 281260 102760 6 2 2492816.2 9.3867431 22.1003 24.393375 3692 1622442 699776 202160 194 0 0 0 0 0 0 553 309189 83619
24.4 0.194824 -0.110462 6.0007 41968 1.0000007 281168 102692 5 2 2433520.9 9.3867431 22.1003 24.4 4677 1647171 723647 197520 195 0 0 0 0 0 0 553 309076 81630
24.406625 0.194824 -0.109768 6.00071 41969 1.0000007 281291 102731 7 2 2425769.9 9.3867431 22.1003 24.406625 5997 1673980 752512 194593 196 0 0 0 0 0 0 553 309226 81370
24.413375 0.194824 -0.109061 6.00072 41970 1.0000007 281173 102628 5 2 2405229.7 9.3867431 22.1003 24.413375 8208 1706709 784986 191944 197 0 0 0 0 0 0 553 309082 80681
24.42 0.194824 -0.108367 6.00073 41972 1.0000007 281149 102642 6 2 2367935.4 9.3867431 22.1003 24.42 11694 1729252 807499 186811 198 0 0 0 0 0 0 553 309105 79430
24.426625 0.194824 -0.107673 6.00075 41973 1.0000007 281057 102616 6 2 2389548.8 9.3867431 22.1003 24.426625 13132 1759307 835002 187426 199 0 0 0 0 0 0 553 308973 80155
24.433375 0.194824 -0.106966 6.00076 41975 1.0000007 281010 102611 6 2 2359498.7 9.3867431 22.1003 24.433375 11257 1743397 823018 183906 200 0 0 0 0 0 0 553 308959 79147
24.44 0.194824 -0.106273 6.00077 41976 1.0000007 280964 102541 6 2 2361883.6 9.3867431 22.1003 24.44 9745 1722595 802280 182095 201 0 0 0 0 0 0 553 308900 79227
24.446625 0.194824 -0.105579 6.00078 41978 1.0000007 281000 102496 6 2 2356487.7 9.3867431 22.1003 24.446625 8906 1699845 780346 179967 202 0 0 0 0 0 0 553 308921 79046
24.453375 0.194824 -0.104872 6.0008 41979 1.0000007 280952 102492 6 2 2371453.2 9.3867431 22.1003 24.453375 8043 1674262 755050 179068 203 0 0 0 0 0 0 553 308876 79548
24.46 0.194824 -0.104178 6.00081 41981 1.0000007 280906 102510 7 2 2369843.3 9.3867431 22.1003 24.46 7378 1642997 724615 176761 204 0 0 0 0 0 0 553 308841 79494
24.466625 0.194824 -0.103484 6.00082 41982 1.0000007 280892 102480 5 2 2387640.9 9.3867431 22.1003 24.466625 6368 1615438 696140 176054 205 0 0 0 0 0 0 553 308803 80091
24.473375 0.194824 -0.102777 6.00083 41984 1.0000007 280755 102400 6 2 2356636.8 9.3867431 22.1003 24.473375 4824 1577079 658673 172982 206 0 0 0 0 0 0 553 308681 79051
24.48 0.194824 -0.102083 6.00084 41985 1.0000007 280895 102470 5 2 2347156.7 9.3867431 22.1003 24.48 4099 1548222 629394 170566 207 0 0 0 0 0 0 553 308839 78733
24.486625 0.194824 -0.101389 6.00086 41987 1.0000007 280811 102393 7 2 2323754.6 9.3867431 22.1003 24.486625 3359 1520998 602444 168378 208 0 0 0 0 0 0 553 308758 77948
24.493375 0.194824 -0.100682 6.00087 41988 1.0000007 280788 102442 6 2 2279126.6 9.3867431 22.1003 24.493375 2767 1493179 574009 164143 209 0 0 0 0 0 0 553 308708 76451
24.5 0.194824 -0.0999886 6.00088 41990 1.0000007 280712 102371 5 2 2236645.1 9.3867431 22.1003 24.5 2346 1472321 554683 162872 210 0 0 0 0 0 0 553 308643 75026
24.506625 0.194824 -0.0992947 6.00089 41991 1.0000007 280816 102512 5 2 2198963.2 9.3867431 22.1003 24.506625 2122 1453314 534873 161000 211 0 0 0 0 0 0 553 308742 73762
24.513375 0.194824 -0.0985877 6.0009 41993 1.0000007 280706 102421 5 2 2105921.2 9.3867431 22.1003 24.513375 1877 1431866 513140 155251 212 0 0 0 0 0 0 553 308642 70641
24.52 0.194824 -0.0978938 6.00091 41994 1.0000007 280749 102390 6 2 2046327.8 9.3867431 22.1003 24.52 1527 1412664 494717 150044 213 0 0 0 0 0 0 553 308683 68642
24.526625 0.194824 -0.0972 6.00092 41995 1.0000007 280737 102406 5 2 1950573 9.3867431 22.1003 24.526625 1205 1392765 474360 143433 214 0 0 0 0 0 0 553 308658 65430
24.533375 0.194824 -0.096493 6.00094 41997 1.0000007 280850 102436 5 2 1858008 9.3867431 22.1003 24.533375 1028 1371748 453605 135889 215 0 0 0 0 0 0 553 308825 62325
24.54 0.194824 -0.0957991 6.00095 41998 1.0000007 280832 102452 6 2 1776920.4 9.3867431 22.1003 24.54 831 1355572 437492 130168 216 0 0 0 0 0 0 553 308770 59605
24.546625 0.194824 -0.0951052 6.00096 42000 1.0000007 280747 102455 5 2 1702033.7 9.3867431 22.1003 24.546625 710 1338586 421085 124764 217 0 0 0 0 0 0 553 308689 57093
24.553375 0.194824 -0.0943983 6.00097 42001 1.0000007 280851 102457 5 2 1591611.5 9.3867431 22.1003 24.553375 602 1319764 402594 116815 218 0 0 0 0 0 0 553 308802 53389
24.56 0.194824 -0.0937044 6.00098 42003 1.0000007 280753 102418 5 2 1521822.6 9.3867431 22.1003 24.56 537 1302498 385328 109837 219 0 0 0 0 0 0 553 308678 51048
24.566625 0.194824 -0.0930105 6.00099 42004 1.0000007 280649 102326 6 2 1421148.8 9.3867431 22.1003 24.566625 473 1288834 371208 103046 220 0 0 0 0 0 0 553 308588 47671
24.573375 0.194824 -0.0923035 6.001 42006 1.0000007 280762 102432 5 2 1302707.3 9.3867431 22.1003 24.573375 418 1269897 353789 94065 221 0 0 0 0 0 0 553 308728 43698
24.58 0.194824 -0.0916097 6.00101 42007 1.0000007 280680 102425 5 2 1226479 9.3867431 22.1003 24.58 348 1258988 342892 88420 222 0 0 0 0 0 0 553 308627 41141
24.586625 0.194824 -0.0909158 6.00102 42009 1.0000007 280688 102442 5 2 1144288.5 9.3867431 22.1003 24.586625 283 1246247 330629 82345 223 0 0 0 0 0 0 553 308626 38384
24.593375 0.194824 -0.0902088 6.00103 42010 1.0000007 280791 102415 5 2 1065079 9.3867431 22.1003 24.593375 224 1236224 320568 76769 224 0 0 0 0 0 0 553 308718 35727
24.6 0.194824 -0.0895149 6.00104 42012 1.0000007 280809 102455 6 2 990400.98 9.3867431 22.1003 24.6 200 1228080 312304 72136 225 0 0 0 0 0 0 553 308737 33222
24.606625 0.194824 -0.088821 6.00105 42013 1.0000007 280805 102533 5 2 945296.02 9.3867431 22.1003 24.606625 169 1220318 305203 69052 226 0 0 0 0 0 0 553 308764 31709
24.613375 0.194824 -0.088114 6.00107 42015 1.0000007 280716 102406 5 2 871899.87 9.3867431 22.1003 24.613375 141 1213726 298760 64894 227 0 0 0 0 0 0 553 308651 29247
24.62 0.194824 -0.0874201 6.00108 42016 1.0000007 280890 102457 5 2 829000.97 9.3867431 22.1003 24.62 132 1210014 293563 62123 228 0 0 0 0 0 0 553 308845 27808
24.626625 0.194824 -0.0867262 6.00109 42018 1.0000007 280691 102338 5 2 801186.75 9.3867431 22.1003 24.626625 135 1205261 289317 60145 229 0 0 0 0 0 0 553 308636 26875
24.633375 0.194824 -0.0860193 6.0011 42019 1.0000007 280775 102471 7 2 768423.8 9.3867431 22.1003 24.633375 114 1200422 285307 58129 230 0 0 0 0 0 0 553 308697 25776
24.64 0.194824 -0.0853254 6.00111 42021 1.0000007 280797 102442 5 2 737211.06 9.3867431 22.1003 24.64 117 1195758 281951 56309 231 0 0 0 0 0 0 553 308741 24729
24.646625 0.194824 -0.0846315 6.00112 42022 1.0000007 280750 102424 6 2 714196.5 9.3867431 22.1003 24.646625 107 1191772 277204 54907 232 0 0 0 0 0 0 553 308714 23957
24.653375 0.194824 -0.0839245 6.00113 42024 1.0000007 280699 102440 5 2 687932.48 9.3867431 22.1003 24.653375 98 1189763 275629 53455 233 0 0 0 0 0 0 553 308631 23076
24.66 0.194824 -0.0832306 6.00113 42025 1.0000007 280887 102488 6 2 672042.9 9.3867431 22.1003 24.66 104 1185586 272465 52141 234 0 0 0 0 0 0 553 308848 22543
24.666625 0.194824 -0.0825367 6.00114 42027 1.0000007 280739 102416 5 2 653917.45 9.3867431 22.1003 24.666625 103 1187111 271120 51540 235 0 0 0 0 0 0 553 308696 21935
24.673375 0.194824 -0.0818297 6.00115 42028 1.0000007 280879 102526 5 2 646643.42 9.3867431 22.1003 24.673375 103 1185764 269571 50669 236 0 0 0 0 0 0 553 308846 21691
24.68 0.194824 -0.0811358 6.00116 42030 1.0000007 280754 102500 5 2 624046.22 9.3867431 22.1003 24.68 103 1182548 268201 50001 237 0 0 0 0 0 0 553 308718 20933
24.686625 0.194824 -0.0804419 6.00117 42031 1.0000007 280731 102482 5 2 610690.63 9.3867431 22.1003 24.686625 96 1182416 267382 49398 238 0 0 0 0 0 0 553 308714 20485
24.693375 0.194824 -0.0797349 6.00118 42033 1.0000007 280765 102525 5 2 614685.38 9.3867431 22.1003 24.693375 98 1178479 265852 49337 239 0 0 0 0 0 0 553 308742 20619
24.7 0.194824 -0.079041 6.00119 42034 1.0000007 280768 102459 5 2 601091.29 9.3867431 22.1003 24.7 100 1178181 264678 48655 240 0 0 0 0 0 0 553 308711 20163
24.706625 0.194824 -0.0783471 6.0012 42036 1.0000007 279221 101883 5 2 595099.16 9.3867431 22.1003 24.706625 98 1170957 262628 48039 241 0 0 0 0 0 0 553 307079 19962
24.713375 0.194824 -0.0776401 6.00121 42037 1.0000007 281977 103015 5 2 598855.42 9.3867431 22.1003 24.713375 103 1182615 264121 48156 242 0 0 0 0 0 0 553 309947 20088
24.72 0.194824 -0.0769462 6.00122 42039 1.0000007 281879 102981 6 2 592356.49 9.3867431 22.1003 24.72 100 1179540 263510 47713 243 0 0 0 0 0 0 553 309835 19870
24.726625 0.194824 -0.0762522 6.00123 42040 1.0000007 281835 102994 5 2 586215.3 9.3867431 22.1003 24.726625 100 1180213 262636 47453 244 0 0 0 0 0 0 553 309796 19664
24.733375 0.194824 -0.0755452 6.00124 42042 1.0000007 282000 102957 6 2 581594.5 9.3867431 22.1003 24.733375 98 1178890 262268 47243 245 0 0 0 0 0 0 553 309964 19509
24.74 0.194824 -0.0748513 6.00125 42043 1.0000007 281775 102921 6 2 586483.61 9.3867431 22.1003 24.74 97 1176445 261812 47440 246 0 0 0 0 0 0 553 309711 19673
24.746625 0.194824 -0.0741574 6.00125 42045 1.0000007 281951 103018 6 2 587556.82 9.3867431 22.1003 24.746625 100 1178350 260578 47220 247 0 0 0 0 0 0 553 309943 19709
24.753375 0.194824 -0.0734504 6.00126 42046 1.0000007 281800 102989 6 2 588033.81 9.3867431 22.1003 24.753375 98 1176504 261523 47350 248 0 0 0 0 0 0 553 309752 19725
24.76 0.194824 -0.0727565 6.00127 42048 1.0000007 281877 102946 6 2 578315.23 9.3867431 22.1003 24.76 97 1175302 260488 47169 249 0 0 0 0 0 0 553 309851 19399
24.766625 0.194824 -0.0720626 6.00128 42049 1.0000007 281942 102967 5 2 579716.37 9.3867431 22.1003 24.766625 105 1175357 260733 47194 250 0 0 0 0 0 0 553 309921 19446
24.773375 0.194824 -0.0713556 6.00129 42051 1.0000007 282002 103044 6 2 584307.36 9.3867431 22.1003 24.773375 100 1176704 260070 47218 251 0 0 0 0 0 0 553 310001 19600
24.78 0.194824 -0.0706617 6.0013 42052 1.0000007 281840 102925 6 2 581415.63 9.3867431 22.1003 24.78 97 1174259 259639 46862 252 0 0 0 0 0 0 553 309817 19503
24.786625 0.194824 -0.0699677 6.0013 42054 1.0000007 281844 102889 6 2 574946.52 9.3867431 22.1003 24.786625 97 1174603 258357 46789 253 0 0 0 0 0 0 553 309846 19286
24.793375 0.194824 -0.0692607 6.00131 42055 1.0000007 281886 102968 5 2 570027.6 9.3867431 22.1003 24.793375 106 1173897 258876 46428 254 0 0 0 0 0 0 553 309862 19121
24.8 0.194824 -0.0685668 6.00132 42057 1.0000007 281962 103021 5 2 573038.58 9.3867431 22.1003 24.8 100 1173239 257908 46393 255 0 0 0 0 0 0 553 309933 19222
24.806625 0.194824 -0.0678729 6.00133 42058 1.0000007 281882 102994 5 2 570027.6 9.3867431 22.1003 24.806625 103 1172961 257522 46322 256 0 0 0 0 0 0 553 309854 19121
24.813375 0.194824 -0.0671659 6.00134 42060 1.0000007 281855 102888 7 2 575393.69 9.3867431 22.1003 24.813375 100 1171474 258442 46403 257 0 0 0 0 0 0 553 309835 19301
24.82 0.194824 -0.0664719 6.00134 42061 1.0000007 281930 103013 6 2 569192.88 9.3867431 22.1003 24.82 99 1173028 257888 46143 258 0 0 0 0 0 0 553 309906 19093
24.826625 0.194824 -0.065778 6.00135 42063 1.0000007 281828 102891 6 2 570713.27 9.3867431 22.1003 24.826625 104 1173905 257839 46569 259 0 0 0 0 0 0 553 309822 19144
24.833375 0.194824 -0.065071 6.00136 42064 1.0000007 281781 102841 6 2 566748.33 9.3867431 22.1003 24.833375 103 1170998 256785 46147 260 0 0 0 0 0 0 553 309765 19011
24.84 0.194824 -0.0643771 6.00137 42066 1.0000007 281715 102806 6 2 568030.23 9.3867431 22.1003 24.84 95 1170935 256803 46384 261 0 0 0 0 0 0 553 309673 19054
24.846625 0.194824 -0.0636831 6.00137 42067 1.0000007 281809 102871 6 2 565615.49 9.3867431 22.1003 24.846625 99 1173284 257460 46002 262 0 0 0 0 0 0 553 309800 18973
24.853375 0.194824 -0.0629761 6.00138 42069 1.0000007 281810 102943 7 2 559414.67 9.3867431 22.1003 24.853375 102 1169322 255858 46005 263 0 0 0 0 0 0 553 309782 18765
24.86 0.194824 -0.0622822 6.00139 42070 1.0000007 281813 102941 5 2 567821.55 9.3867431 22.1003 24.86 101 1169496 257117 46252 264 0 0 0 0 0 0 553 309820 19047
24.866625 0.194824 -0.0615883 6.0014 42071 1.0000007 281792 102895 6 2 566509.83 9.3867431 22.1003 24.866625 97 1169359 256033 45909 265 0 0 0 0 0 0 553 309768 19003
24.873375 0.194824 -0.0608812 6.0014 42073 1.0000007 281850 102901 5 2 564721.14 9.3867431 22.1003 24.873375 103 1170605 257116 46092 266 0 0 0 0 0 0 553 309835 18943
24.88 0.194824 -0.0601873 6.00141 42074 1.0000007 281771 102805 6 2 559802.22 9.3867431 22.1003 24.88 108 1169537 255591 46029 267 0 0 0 0 0 0 553 309758 18778
24.886625 0.194824 -0.0594934 6.00142 42076 1.0000007 281860 102930 5 2 566658.89 9.3867431 22.1003 24.886625 99 1169632 256364 46284 268 0 0 0 0 0 0 553 309819 19008
24.893375 0.194824 -0.0587864 6.00142 42077 1.0000007 281682 102825 5 2 561739.98 9.3867431 22.1003 24.893375 97 1167565 254932 46053 269 0 0 0 0 0 0 553 309679 18843
24.9 0.194824 -0.0580924 6.00143 42079 1.0000007 281706 102901 6 2 560815.82 9.3867431 22.1003 24.9 98 1167706 255379 45861 270 0 0 0 0 0 0 553 309683 18812
24.906625 0.194824 -0.0573985 6.00144 42080 1.0000007 281774 102871 7 2 563469.05 9.3867431 22.1003 24.906625 100 1170266 255627 45709 271 0 0 0 0 0 0 553 309776 18901
24.913375 0.194824 -0.0566915 6.00144 42082 1.0000007 281815 102890 5 2 554913.12 9.3867431 22.1003 24.913375 102 1169084 255257 45347 272 0 0 0 0 0 0 553 309825 18614
24.92 0.194824 -0.0559975 6.00145 42083 1.0000007 281725 102906 5 2 568328.34 9.3867431 22.1003 24.92 97 1169421 256269 46050 273 0 0 0 0 0 0 553 309725 19064
24.926625 0.194824 -0.0553036 6.00146 42085 1.0000007 281612 102794 5 2 565794.36 9.3867431 22.1003 24.926625 95 1166584 254935 45904 274 0 0 0 0 0 0 553 309582 18979
24.933375 0.194824 -0.0545966 6.00146 42086 1.0000007 281674 102868 5 2 560309.02 9.3867431 22.1003 24.933375 103 1169249 254762 45705 275 0 0 0 0 0 0 553 309670 18795
24.94 0.194824 -0.0539026 6.00147 42088 1.0000007 281750 102835 6 2 562872.82 9.3867431 22.1003 24.94 101 1166582 254703 45838 276 0 0 0 0 0 0 553 309754 18881
24.946625 0.194824 -0.0532087 6.00148 42089 1.0000007 281796 102883 6 2 563767.17 9.3867431 22.1003 24.946625 102 1167781 256080 46045 277 0 0 0 0 0 0 553 309775 18911
24.953375 0.194824 -0.0525016 6.00148 42091 1.0000007 281778 102874 6 2 560309.02 9.3867431 22.1003 24.953375 100 1167468 255356 45761 278 0 0 0 0 0 0 553 309763 18795
24.96 0.194824 -0.0518077 6.00149 42092 1.0000007 281749 102891 6 2 565049.07 9.3867431 22.1003 24.96 99 1166414 254024 45896 279 0 0 0 0 0 0 553 309737 18954
24.966625 0.194824 -0.0511138 6.00149 42094 1.0000007 281893 103001 5 2 568387.97 9.3867431 22.1003 24.966625 100 1166237 255331 45741 280 0 0 0 0 0 0 553 309883 19066
24.973375 0.194824 -0.0504067 6.0015 42095 1.0000007 281692 102870 6 2 565555.86 9.3867431 22.1003 24.973375 101 1166369 254999 45755 281 0 0 0 0 0 0 553 309683 18971
24.98 0.194824 -0.0497128 6.00151 42097 1.0000007 281813 102902 5 2 565853.98 9.3867431 22.1003 24.98 102 1165812 254847 46151 282 0 0 0 0 0 0 553 309816 18981
24.986625 0.194824 -0.0490188 6.00151 42098 1.0000007 281828 102862 5 2 568745.7 9.3867431 22.1003 24.986625 97 1167443 254307 45997 283 0 0 0 0 0 0 553 309839 19078
24.993375 0.194824 -0.0483118 6.00152 42100 1.0000007 281832 102966 6 2 566509.83 9.3867431 22.1003 24.993375 101 1165699 254530 45931 284 0 0 0 0 0 0 553 309831 19003
25 0.194824 -0.0476179 6.00152 42101 1.0000007 281800 102944 6 2 562574.7 9.3867431 22.1003 25 100 1164926 254550 45447 285 0 0 0 0 0 0 553 309803 18871
25.006625 0.194824 -0.0469239 6.00153 42103 1.0000007 281918 103001 5 2 555360.3 9.3867431 22.1003 25.006625 103 1164880 254056 45598 286 0 0 0 0 0 0 553 309930 18629
25.013375 0.194824 -0.0462169 6.00153 42104 1.0000007 281862 102904 6 2 564273.96 9.3867431 22.1003 25.013375 99 1165271 253316 45446 287 0 0 0 0 0 0 553 309858 18928
25.02 0.194824 -0.0455229 6.00154 42106 1.0000007 281913 102948 6 2 568715.89 9.3867431 22.1003 25.02 105 1166805 254532 45816 288 0 0 0 0 0 0 553 309933 19077
25.026625 0.194824 -0.044829 6.00154 42107 1.0000007 281982 103058 6 2 563051.69 9.3867431 22.1003 25.026625 99 1167341 254044 45705 289 0 0 0 0 0 0 553 309995 18887
25.033375 0.194824 -0.0441219 6.00155 42109 1.0000007 281961 103029 6 2 563528.67 9.3867431 22.1003 25.033375 98 1166570 254410 45781 290 0 0 0 0 0 0 553 309975 18903
25.04 0.194824 -0.043428 6.00155 42110 1.0000007 281972 103090 5 2 563975.85 9.3867431 22.1003 25.04 96 1167764 255077 46047 291 0 0 0 0 0 0 553 310007 18918
25.046625 0.194824 -0.042734 6.00156 42111 1.0000007 282002 103012 5 2 564661.52 9.3867431 22.1003 25.046625 106 1165310 254362 46145 292 0 0 0 0 0 0 553 310015 18941
25.053375 0.194824 -0.042027 6.00156 42113 1.0000007 281950 103023 7 2 560338.83 9.3867431 22.1003 25.053375 101 1165999 254630 45757 293 0 0 0 0 0 0 553 309963 18796
25.06 0.194824 -0.0413331 6.00157 42114 1.0000007 281898 102989 5 2 565943.41 9.3867431 22.1003 25.06 99 1166234 254507 45865 294 0 0 0 0 0 0 553 309907 18984
25.066625 0.194824 -0.0406391 6.00157 42116 1.0000007 282022 103031 6 2 552081.02 9.3867431 22.1003 25.066625 98 1167148 253376 45031 295 0 0 0 0 0 0 553 310058 18519
25.073375 0.194824 -0.0399321 6.00158 42117 1.0000007 282064 103076 5 2 563528.67 9.3867431 22.1003 25.073375 98 1164527 254110 45827 296 0 0 0 0 0 0 553 310111 18903
25.08 0.194824 -0.0392381 6.00158 42119 1.0000007 281995 103023 6 2 556761.44 9.3867431 22.1003 25.08 101 1163878 254801 45297 297 0 0 0 0 0 0 553 310011 18676
25.086625 0.194824 -0.0385442 6.00159 42120 1.0000007 281994 103130 6 2 557119.18 9.3867431 22.1003 25.086625 99 1165051 253400 45464 298 0 0 0 0 0 0 553 310005 18688
25.093375 0.194824 -0.0378371 6.00159 42122 1.0000007 281901 103024 5 2 563260.37 9.3867431 22.1003 25.093375 102 1166063 254271 45888 299 0 0 0 0 0 0 553 309904 18894
25.1 0.194824 -0.0371432 6.0016 42123 1.0000007 281987 103101 6 2 564363.4 9.3867431 22.1003 25.1 99 1166921 253359 45563 300 0 0 0 0 0 0 553 310010 