Eta  H  K  L  Epoch  Sec  ion1  Hubmon  scan_bar  Filters  Correct  Qmag  Energy  Graze  p_peak  p_total  p_del_s  p_nu_s  p_image  p_xcen  p_xsig  p_ycen  p_ysig  power  tempsp  gun_on  ion0  p_point
22.8 0.17454 -0.277222 5.99497 64246 1.0000007 279824 101728 5 2 499284.68 9.38524 22.1003 22.8 88 1025466 223421 40423 0 0 0 0 0 0 0 553 307859 16748
22.806625 0.17454 -0.276528 5.995 64247 1.0000007 279675 101614 7 2 498449.95 9.38524 22.1003 22.806625 88 1027121 223684 40368 1 0 0 0 0 0 0 553 307708 16720
22.813375 0.17454 -0.275822 5.99503 64249 1.0000007 279650 101649 6 2 498718.26 9.38524 22.1003 22.813375 90 1026322 223841 40410 2 0 0 0 0 0 0 553 307678 16729
22.82 0.17454 -0.275129 5.99506 64250 1.0000007 279682 101636 5 2 489178.54 9.38524 22.1003 22.82 90 1026275 223542 40064 3 0 0 0 0 0 0 553 307748 16409
22.826625 0.17454 -0.274436 5.9951 64252 1.0000007 279593 101570 6 2 492010.65 9.38524 22.1003 22.826625 90 1024659 222912 40002 4 0 0 0 0 0 0 553 307614 16504
22.833375 0.17454 -0.27373 5.99513 64253 1.0000007 279581 101571 6 2 496422.76 9.38524 22.1003 22.833375 90 1026597 223242 40335 5 0 0 0 0 0 0 553 307600 16652
22.84 0.17454 -0.273036 5.99516 64255 1.0000007 279495 101491 6 2 497645.04 9.38524 22.1003 22.84 87 1027280 223961 40634 6 0 0 0 0 0 0 553 307534 16693
22.846625 0.17454 -0.272343 5.99519 64256 1.0000007 279526 101577 6 2 492338.57 9.38524 22.1003 22.846625 90 1027231 224074 40221 7 0 0 0 0 0 0 553 307560 16515
22.853375 0.17454 -0.271637 5.99522 64258 1.0000007 279570 101624 5 2 494812.94 9.38524 22.1003 22.853375 91 1027259 223385 40318 8 0 0 0 0 0 0 553 307596 16598
22.86 0.17454 -0.270944 5.99525 64259 1.0000007 279544 101536 7 2 492278.95 9.38524 22.1003 22.86 91 1028091 224836 40561 9 0 0 0 0 0 0 553 307599 16513
22.866625 0.17454 -0.27025 5.99529 64261 1.0000007 279416 101467 6 2 505694.17 9.38524 22.1003 22.866625 90 1028138 223835 40541 10 0 0 0 0 0 0 553 307434 16963
22.873375 0.17454 -0.269544 5.99532 64262 1.0000007 279436 101501 6 2 491563.47 9.38524 22.1003 22.873375 94 1027781 223485 40274 11 0 0 0 0 0 0 553 307472 16489
22.88 0.17454 -0.268851 5.99535 64264 1.0000007 279652 101664 6 2 492219.33 9.38524 22.1003 22.88 88 1027820 223811 40252 12 0 0 0 0 0 0 553 307688 16511
22.886625 0.17454 -0.268158 5.99538 64265 1.0000007 279547 101557 7 2 494365.76 9.38524 22.1003 22.886625 85 1027820 223681 40017 13 0 0 0 0 0 0 553 307592 16583
22.893375 0.17454 -0.267451 5.99541 64267 1.0000007 279431 101452 7 2 492964.62 9.38524 22.1003 22.893375 88 1030263 224063 40265 14 0 0 0 0 0 0 553 307429 16536
22.9 0.17454 -0.266758 5.99544 64268 1.0000007 279535 101550 6 2 500506.95 9.38524 22.1003 22.9 92 1029844 225421 40459 15 0 0 0 0 0 0 553 307543 16789
22.906625 0.17454 -0.266065 5.99547 64269 1.0000007 279453 101527 6 2 500536.76 9.38524 22.1003 22.906625 85 1030088 223906 40431 16 0 0 0 0 0 0 553 307454 16790
22.913375 0.17454 -0.265358 5.9955 64271 1.0000007 279647 101656 5 2 500894.5 9.38524 22.1003 22.913375 88 1031039 225422 40822 17 0 0 0 0 0 0 553 307683 16802
22.92 0.17454 -0.264665 5.99554 64272 1.0000007 279649 101592 7 2 493441.6 9.38524 22.1003 22.92 86 1030591 223969 40240 18 0 0 0 0 0 0 553 307671 16552
22.926625 0.17454 -0.263972 5.99557 64274 1.0000007 279604 101611 5 2 499463.55 9.38524 22.1003 22.926625 89 1030963 224901 40811 19 0 0 0 0 0 0 553 307645 16754
22.933375 0.17454 -0.263266 5.9956 64275 1.0000007 279300 101405 6 2 504620.95 9.38524 22.1003 22.933375 88 1030489 225003 40836 20 0 0 0 0 0 0 553 307311 16927
22.94 0.17454 -0.262572 5.99563 64277 1.0000007 279432 101453 5 2 499165.43 9.38524 22.1003 22.94 89 1031656 224256 40105 21 0 0 0 0 0 0 553 307397 16744
22.946625 0.17454 -0.261879 5.99566 64278 1.0000007 279482 101531 7 2 496094.84 9.38524 22.1003 22.946625 89 1032537 224933 40440 22 0 0 0 0 0 0 553 307505 16641
22.953375 0.17454 -0.261173 5.99569 64280 1.0000007 279600 101660 6 2 497645.04 9.38524 22.1003 22.953375 90 1035151 225738 40221 23 0 0 0 0 0 0 553 307646 16693
22.96 0.17454 -0.260479 5.99572 64281 1.0000007 279622 101630 5 2 497972.97 9.38524 22.1003 22.96 84 1032394 225178 40449 24 0 0 0 0 0 0 553 307635 16704
22.966625 0.17454 -0.259786 5.99575 64283 1.0000007 279451 101577 6 2 499225.05 9.38524 22.1003 22.966625 88 1033817 225050 40652 25 0 0 0 0 0 0 553 307495 16746
22.973375 0.17454 -0.25908 5.99578 64284 1.0000007 279659 101733 6 2 499552.98 9.38524 22.1003 22.973375 84 1034529 225345 40520 26 0 0 0 0 0 0 553 307666 16757
22.98 0.17454 -0.258387 5.99581 64286 1.0000007 279682 101720 5 2 494306.14 9.38524 22.1003 22.98 90 1032188 225388 40575 27 0 0 0 0 0 0 553 307696 16581
22.986625 0.17454 -0.257693 5.99584 64287 1.0000007 279650 101579 6 2 499910.72 9.38524 22.1003 22.986625 86 1034197 225906 40289 28 0 0 0 0 0 0 553 307677 16769
22.993375 0.17454 -0.256987 5.99587 64289 1.0000007 279624 101671 6 2 499642.42 9.38524 22.1003 22.993375 90 1032712 225204 40513 29 0 0 0 0 0 0 553 307652 16760
23 0.17454 -0.256294 5.9959 64290 1.0000007 279612 101715 5 2 502057.16 9.38524 22.1003 23 91 1034868 226443 40820 30 0 0 0 0 0 0 553 307624 16841
23.006625 0.17454 -0.2556 5.99593 64291 1.0000007 279614 101717 6 2 504561.33 9.38524 22.1003 23.006625 85 1037237 226629 40883 31 0 0 0 0 0 0 553 307631 16925
23.013375 0.17454 -0.254894 5.99596 64293 1.0000007 279672 101687 5 2 497853.72 9.38524 22.1003 23.013375 87 1035392 226297 40718 32 0 0 0 0 0 0 553 307689 16700
23.02 0.17454 -0.254201 5.99599 64294 1.0000007 279677 101750 5 2 496929.56 9.38524 22.1003 23.02 89 1035112 226020 40581 33 0 0 0 0 0 0 553 307702 16669
23.026625 0.17454 -0.253507 5.99602 64296 1.0000007 278205 101108 5 2 497913.34 9.38524 22.1003 23.026625 90 1029712 224413 40491 34 0 0 0 0 0 0 553 306094 16702
23.033375 0.17454 -0.252801 5.99605 64297 1.0000007 279918 101898 5 2 504442.08 9.38524 22.1003 23.033375 91 1037921 226063 40809 35 0 0 0 0 0 0 553 307950 16921
23.04 0.17454 -0.252108 5.99608 64299 1.0000007 280225 102080 7 2 499970.34 9.38524 22.1003 23.04 88 1039258 226621 40739 36 0 0 0 0 0 0 553 308285 16771
23.046625 0.17454 -0.251414 5.99611 64300 1.0000007 279994 101935 5 2 501371.49 9.38524 22.1003 23.046625 92 1039258 227639 40881 37 0 0 0 0 0 0 553 308023 16818
23.053375 0.17454 -0.250708 5.99614 64302 1.0000007 279979 101926 5 2 499493.36 9.38524 22.1003 23.053375 94 1040738 226665 40499 38 0 0 0 0 0 0 553 308029 16755
23.06 0.17454 -0.250015 5.99616 64303 1.0000007 280133 102001 5 2 505515.3 9.38524 22.1003 23.06 87 1041882 228236 41242 39 0 0 0 0 0 0 553 308196 16957
23.066625 0.17454 -0.249321 5.99619 64305 1.0000007 280137 102011 6 2 505366.24 9.38524 22.1003 23.066625 90 1042964 227490 41073 40 0 0 0 0 0 0 553 308176 16952
23.073375 0.17454 -0.248615 5.99622 64306 1.0000007 280024 101921 5 2 505545.11 9.38524 22.1003 23.073375 91 1042614 227319 40932 41 0 0 0 0 0 0 553 308035 16958
23.08 0.17454 -0.247922 5.99625 64308 1.0000007 280137 102019 6 2 506558.71 9.38524 22.1003 23.08 87 1042475 227970 40951 42 0 0 0 0 0 0 553 308172 16992
23.086625 0.17454 -0.247228 5.99628 64309 1.0000007 280152 102041 6 2 505753.79 9.38524 22.1003 23.086625 88 1044619 228168 41153 43 0 0 0 0 0 0 553 308179 16965
23.093375 0.17454 -0.246522 5.99631 64311 1.0000007 280132 102060 5 2 505962.48 9.38524 22.1003 23.093375 90 1043672 228341 41002 44 0 0 0 0 0 0 553 308145 16972
23.1 0.17454 -0.245828 5.99634 64312 1.0000007 280096 102024 5 2 508347.4 9.38524 22.1003 23.1 95 1044108 228841 41156 45 0 0 0 0 0 0 553 308124 17052
23.106625 0.17454 -0.245135 5.99637 64314 1.0000007 280216 102145 6 2 508138.72 9.38524 22.1003 23.106625 90 1044486 228550 41147 46 0 0 0 0 0 0 553 308262 17045
23.113375 0.17454 -0.244429 5.99639 64315 1.0000007 280187 102151 6 2 515502.19 9.38524 22.1003 23.113375 88 1045924 230556 41439 47 0 0 0 0 0 0 553 308231 17292
23.12 0.17454 -0.243735 5.99642 64317 1.0000007 280239 102124 5 2 518274.67 9.38524 22.1003 23.12 86 1044773 229238 41586 48 0 0 0 0 0 0 553 308278 17385
23.126625 0.17454 -0.243042 5.99645 64318 1.0000007 280204 102124 5 2 510941.01 9.38524 22.1003 23.126625 91 1047406 229388 41489 49 0 0 0 0 0 0 553 308238 17139
23.133375 0.17454 -0.242335 5.99648 64320 1.0000007 280293 102212 5 2 505097.94 9.38524 22.1003 23.133375 94 1049297 229274 41303 50 0 0 0 0 0 0 553 308315 16943
23.14 0.17454 -0.241642 5.99651 64321 1.0000007 280329 102270 7 2 501937.91 9.38524 22.1003 23.14 85 1048785 229836 41218 51 0 0 0 0 0 0 553 308359 16837
23.146625 0.17454 -0.240949 5.99654 64323 1.0000007 280454 102288 6 2 509361 9.38524 22.1003 23.146625 88 1049377 229867 41314 52 0 0 0 0 0 0 553 308489 17086
23.153375 0.17454 -0.240242 5.99656 64324 1.0000007 280305 102236 5 2 505455.68 9.38524 22.1003 23.153375 92 1050443 229767 41256 53 0 0 0 0 0 0 553 308328 16955
23.16 0.17454 -0.239549 5.99659 64326 1.0000007 280484 102281 6 2 505455.68 9.38524 22.1003 23.16 92 1050443 229767 41256 54 0 0 0 0 0 0 553 308505 16955
23.166625 0.17454 -0.238856 5.99662 64327 1.0000007 280468 102343 7 2 508973.45 9.38524 22.1003 23.166625 87 1054915 231861 41743 55 0 0 0 0 0 0 553 308481 17073
23.173375 0.17454 -0.238149 5.99665 64329 1.0000007 280571 102400 6 2 516992.77 9.38524 22.1003 23.173375 86 1055915 232326 41676 56 0 0 0 0 0 0 553 308615 17342
23.18 0.17454 -0.237456 5.99667 64330 1.0000007 280545 102423 6 2 508526.27 9.38524 22.1003 23.18 98 1054179 231201 41446 57 0 0 0 0 0 0 553 308557 17058
23.186625 0.17454 -0.236762 5.9967 64332 1.0000007 280488 102433 5 2 512729.71 9.38524 22.1003 23.186625 88 1056499 232311 41765 58 0 0 0 0 0 0 553 308525 17199
23.193375 0.17454 -0.236056 5.99673 64333 1.0000007 280701 102534 6 2 510583.27 9.38524 22.1003 23.193375 90 1056466 232093 41624 59 0 0 0 0 0 0 553 308722 17127
23.2 0.17454 -0.235362 5.99676 64335 1.0000007 280627 102542 5 2 514399.16 9.38524 22.1003 23.2 89 1055401 232450 41924 60 0 0 0 0 0 0 553 308641 17255
23.206625 0.17454 -0.234669 5.99678 64336 1.0000007 280740 102581 6 2 520122.99 9.38524 22.1003 23.206625 88 1058634 233597 42346 61 0 0 0 0 0 0 553 308761 17447
23.213375 0.17454 -0.233963 5.99681 64338 1.0000007 280637 102492 6 2 520093.17 9.38524 22.1003 23.213375 91 1059641 233971 41993 62 0 0 0 0 0 0 553 308627 17446
23.22 0.17454 -0.233269 5.99684 64339 1.0000007 280520 102506 6 2 513355.75 9.38524 22.1003 23.22 95 1060462 234189 42090 63 0 0 0 0 0 0 553 308533 17220
23.226625 0.17454 -0.232576 5.99687 64340 1.0000007 280662 102619 6 2 518215.04 9.38524 22.1003 23.226625 91 1059494 234535 42254 64 0 0 0 0 0 0 553 308659 17383
23.233375 0.17454 -0.231869 5.99689 64342 1.0000007 280629 102563 6 2 528231.74 9.38524 22.1003 23.233375 91 1061319 234473 42415 65 0 0 0 0 0 0 553 308660 17719
23.24 0.17454 -0.231176 5.99692 64343 1.0000007 280754 102664 5 2 519616.19 9.38524 22.1003 23.24 94 1064149 234933 42204 66 0 0 0 0 0 0 553 308774 17430
23.246625 0.17454 -0.230482 5.99695 64345 1.0000007 280631 102572 7 2 523014.71 9.38524 22.1003 23.246625 95 1063557 236150 42519 67 0 0 0 0 0 0 553 308647 17544
23.253375 0.17454 -0.229776 5.99697 64346 1.0000007 280581 102583 5 2 519914.3 9.38524 22.1003 23.253375 87 1062885 235051 42151 68 0 0 0 0 0 0 553 308593 17440
23.26 0.17454 -0.229083 5.997 64348 1.0000007 280731 102622 6 2 516933.14 9.38524 22.1003 23.26 91 1066774 236973 42726 69 0 0 0 0 0 0 553 308748 17340
23.266625 0.17454 -0.228389 5.99703 64349 1.0000007 280724 102576 5 2 521047.14 9.38524 22.1003 23.266625 85 1066245 236536 42461 70 0 0 0 0 0 0 553 308718 17478
23.273375 0.17454 -0.227683 5.99705 64351 1.0000007 280762 102602 5 2 521076.96 9.38524 22.1003 23.273375 90 1068359 236852 42202 71 0 0 0 0 0 0 553 308770 17479
23.28 0.17454 -0.226989 5.99708 64352 1.0000007 280874 102757 6 2 518990.14 9.38524 22.1003 23.28 94 1068257 236908 42295 72 0 0 0 0 0 0 553 308861 17409
23.286625 0.17454 -0.226296 5.99711 64354 1.0000007 280772 102671 5 2 526025.68 9.38524 22.1003 23.286625 88 1069540 238209 42566 73 0 0 0 0 0 0 553 308792 17645
23.293375 0.17454 -0.225589 5.99713 64355 1.0000007 280711 102680 5 2 522835.84 9.38524 22.1003 23.293375 89 1072209 238052 42736 74 0 0 0 0 0 0 553 308734 17538
23.3 0.17454 -0.224896 5.99716 64357 1.0000007 280861 102726 6 2 528827.97 9.38524 22.1003 23.3 96 1073861 239607 42809 75 0 0 0 0 0 0 553 308874 17739
23.306625 0.17454 -0.224202 5.99718 64358 1.0000007 280847 102797 6 2 529752.13 9.38524 22.1003 23.306625 88 1073241 239745 43226 76 0 0 0 0 0 0 553 308859 17770
23.313375 0.17454 -0.223496 5.99721 64360 1.0000007 280925 102791 6 2 533687.26 9.38524 22.1003 23.313375 87 1072522 239718 43276 77 0 0 0 0 0 0 553 308941 17902
23.32 0.17454 -0.222802 5.99724 64361 1.0000007 280897 102786 5 2 522716.59 9.38524 22.1003 23.32 94 1073500 239711 43054 78 0 0 0 0 0 0 553 308869 17534
23.326625 0.17454 -0.222109 5.99726 64363 1.0000007 280779 102762 5 2 533240.09 9.38524 22.1003 23.326625 96 1078570 242050 43365 79 0 0 0 0 0 0 553 308784 17887
23.333375 0.17454 -0.221402 5.99729 64364 1.0000007 280971 102896 7 2 528052.87 9.38524 22.1003 23.333375 92 1079265 242386 42901 80 0 0 0 0 0 0 553 309003 17713
23.34 0.17454 -0.220709 5.99731 64366 1.0000007 280873 102813 5 2 528768.35 9.38524 22.1003 23.34 91 1080773 243120 43481 81 0 0 0 0 0 0 553 308882 17737
23.346625 0.17454 -0.220015 5.99734 64367 1.0000007 280854 102780 6 2 534730.67 9.38524 22.1003 23.346625 89 1081120 244040 43795 82 0 0 0 0 0 0 553 308838 17937
23.353375 0.17454 -0.219309 5.99737 64369 1.0000007 280761 102720 5 2 526055.49 9.38524 22.1003 23.353375 89 1082451 243877 43442 83 0 0 0 0 0 0 553 308752 17646
23.36 0.17454 -0.218615 5.99739 64370 1.0000007 280815 102807 6 2 545731.15 9.38524 22.1003 23.36 97 1085255 246193 44400 84 0 0 0 0 0 0 553 308810 18306
23.366625 0.17454 -0.217922 5.99742 64372 1.0000007 280774 102780 4 2 547668.9 9.38524 22.1003 23.366625 92 1088663 246688 44492 85 0 0 0 0 0 0 553 308780 18371
23.373375 0.17454 -0.217215 5.99744 64373 1.0000007 280822 102766 6 2 540096.76 9.38524 22.1003 23.373375 92 1089052 247454 44116 86 0 0 0 0 0 0 553 308817 18117
23.38 0.17454 -0.216522 5.99747 64375 1.0000007 280800 102748 6 2 533210.28 9.38524 22.1003 23.38 87 1089151 248228 43685 87 0 0 0 0 0 0 553 308786 17886
23.386625 0.17454 -0.215828 5.99749 64376 1.0000007 281071 102899 5 2 547251.54 9.38524 22.1003 23.386625 88 1093848 249349 44579 88 0 0 0 0 0 0 553 309086 18357
23.393375 0.17454 -0.215122 5.99752 64377 1.0000007 280866 102802 6 2 550530.82 9.38524 22.1003 23.393375 92 1093795 251209 44671 89 0 0 0 0 0 0 553 308888 18467
23.4 0.17454 -0.214428 5.99754 64379 1.0000007 280711 102686 5 2 542958.67 9.38524 22.1003 23.4 92 1094712 252669 44983 90 0 0 0 0 0 0 553 308725 18213
23.406625 0.17454 -0.213735 5.99757 64380 1.0000007 280690 102726 5 2 552110.83 9.38524 22.1003 23.406625 97 1098195 253186 45129 91 0 0 0 0 0 0 553 308671 18520
23.413375 0.17454 -0.213028 5.99759 64382 1.0000007 280674 102729 6 2 552081.02 9.38524 22.1003 23.413375 108 1101457 253817 45588 92 0 0 0 0 0 0 553 308681 18519
23.42 0.17454 -0.212335 5.99762 64383 1.0000007 280645 102666 6 2 556463.33 9.38524 22.1003 23.42 100 1103569 257872 46079 93 0 0 0 0 0 0 553 308637 18666
23.426625 0.17454 -0.211641 5.99764 64385 1.0000007 280505 102589 5 2 558729.01 9.38524 22.1003 23.426625 117 1105032 258960 46142 94 0 0 0 0 0 0 553 308498 18742
23.433375 0.17454 -0.210935 5.99767 64386 1.0000007 280505 102564 6 2 564750.95 9.38524 22.1003 23.433375 119 1109080 260343 46670 95 0 0 0 0 0 0 553 308511 18944
23.44 0.17454 -0.210241 5.99769 64388 1.0000007 280409 102525 5 2 568209.1 9.38524 22.1003 23.44 115 1110461 261766 46739 96 0 0 0 0 0 0 553 308396 19060
23.446625 0.17454 -0.209548 5.99771 64389 1.0000007 280578 102567 6 2 577033.33 9.38524 22.1003 23.446625 126 1114533 264667 47717 97 0 0 0 0 0 0 553 308577 19356
23.453375 0.17454 -0.208841 5.99774 64391 1.0000007 280562 102587 5 2 578315.23 9.38524 22.1003 23.453375 138 1117140 266728 48009 98 0 0 0 0 0 0 553 308567 19399
23.46 0.17454 -0.208148 5.99776 64392 1.0000007 280382 102478 5 2 569699.68 9.38524 22.1003 23.46 136 1119282 268830 48015 99 0 0 0 0 0 0 553 308394 19110
23.466625 0.17454 -0.207454 5.99779 64394 1.0000007 280443 102524 7 2 587169.27 9.38524 22.1003 23.466625 155 1126351 273750 49377 100 0 0 0 0 0 0 553 308471 19696
23.473375 0.17454 -0.206748 5.99781 64395 1.0000007 280451 102468 6 2 595307.84 9.38524 22.1003 23.473375 164 1130656 276206 49825 101 0 0 0 0 0 0 553 308474 19969
23.48 0.17454 -0.206054 5.99784 64397 1.0000007 280427 102509 5 2 607470.97 9.38524 22.1003 23.48 178 1134614 280688 51111 102 0 0 0 0 0 0 553 308425 20377
23.486625 0.17454 -0.205361 5.99786 64398 1.0000007 280120 102329 4 2 613105.37 9.38524 22.1003 23.486625 199 1139409 283865 51551 103 0 0 0 0 0 0 553 308120 20566
23.493375 0.17454 -0.204654 5.99788 64399 1.0000007 280131 102309 6 2 610660.81 9.38524 22.1003 23.493375 200 1144670 290321 52606 104 0 0 0 0 0 0 553 308132 20484
23.5 0.17454 -0.20396 5.99791 64401 1.0000007 280180 102296 6 2 639667.5 9.38524 22.1003 23.5 226 1151997 295915 54683 105 0 0 0 0 0 0 553 308203 21457
23.506625 0.17454 -0.203267 5.99793 64402 1.0000007 280117 102281 5 2 654841.61 9.38524 22.1003 23.506625 309 1160793 304627 55993 106 0 0 0 0 0 0 553 308105 21966
23.513375 0.17454 -0.20256 5.99795 64404 1.0000007 280014 102208 5 2 677617.67 9.38524 22.1003 23.513375 476 1172048 314949 58316 107 0 0 0 0 0 0 553 308020 22730
23.52 0.17454 -0.201867 5.99798 64405 1.0000007 279994 102214 5 2 683699.23 9.38524 22.1003 23.52 658 1188244 328794 60843 108 0 0 0 0 0 0 553 308022 22934
23.526625 0.17454 -0.201173 5.998 64407 1.0000007 279991 102160 6 2 720367.5 9.38524 22.1003 23.526625 1146 1203695 343851 64276 109 0 0 0 0 0 0 553 308006 24164
23.533375 0.17454 -0.200467 5.99803 64408 1.0000007 279948 102170 6 2 757363.7 9.38524 22.1003 23.533375 1857 1227298 366704 68889 110 0 0 0 0 0 0 553 307959 25405
23.54 0.17454 -0.199773 5.99805 64410 1.0000007 280035 102182 5 2 772865.73 9.38524 22.1003 23.54 2548 1256580 394145 73880 111 0 0 0 0 0 0 553 308065 25925
23.546625 0.17454 -0.19908 5.99807 64411 1.0000007 279926 102118 5 2 801753.17 9.38524 22.1003 23.546625 3764 1288469 426049 81434 112 0 0 0 0 0 0 553 307939 26894
23.553375 0.17454 -0.198373 5.99809 64413 1.0000007 279919 102084 5 2 854907.25 9.38524 22.1003 23.553375 5547 1330411 466459 93163 113 0 0 0 0 0 0 553 307920 28677
23.56 0.17454 -0.197679 5.99812 64414 1.0000007 279815 102058 6 2 916885.57 9.38524 22.1003 23.56 6759 1374118 511501 108277 114 0 0 0 0 0 0 553 307814 30756
23.566625 0.17454 -0.196986 5.99814 64416 1.0000007 279910 102175 6 2 992696.47 9.38524 22.1003 23.566625 7999 1423547 558993 128243 115 0 0 0 0 0 0 553 307922 33299
23.573375 0.17454 -0.196279 5.99816 64417 1.0000007 280919 102522 5 2 1096142.7 9.38524 22.1003 23.573375 8713 1481017 609842 152808 116 0 0 0 0 0 0 553 308940 36769
23.58 0.17454 -0.195586 5.99819 64419 1.0000007 281065 102614 6 2 1208204.5 9.38524 22.1003 23.58 9363 1524820 654974 178679 117 0 0 0 0 0 0 553 309070 40528
23.586625 0.17454 -0.194892 5.99821 64420 1.0000007 280747 102485 6 2 1366921.5 9.38524 22.1003 23.586625 9198 1569888 698807 206146 118 0 0 0 0 0 0 553 308778 45852
23.593375 0.17454 -0.194185 5.99823 64421 1.0000007 280930 102555 5 2 1588302.4 9.38524 22.1003 23.593375 8654 1615554 743751 236015 119 0 0 0 0 0 0 553 308934 53278
23.6 0.17454 -0.193492 5.99825 64423 1.0000007 280803 102432 5 2 1850197.3 9.38524 22.1003 23.6 7915 1655877 784824 263583 120 0 0 0 0 0 0 553 308820 62063
23.606625 0.17454 -0.192798 5.99828 64424 1.0000007 280819 102489 6 2 2177767.2 9.38524 22.1003 23.606625 7218 1704190 832946 294108 121 0 0 0 0 0 0 553 308827 73051
23.613375 0.17454 -0.192092 5.9983 64426 1.0000007 280770 102368 6 2 2572323.7 9.38524 22.1003 23.613375 6357 1762330 890003 328657 122 0 0 0 0 0 0 553 308804 86286
23.62 0.17454 -0.191398 5.99832 64427 1.0000007 280694 102372 5 2 2998778.7 9.38524 22.1003 23.62 6111 1826806 954123 365568 123 0 0 0 0 0 0 553 308726 100591
23.626625 0.17454 -0.190704 5.99834 64429 1.0000007 280749 102357 6 2 3470278.9 9.38524 22.1003 23.626625 8633 1901909 1029469 409165 124 0 0 0 0 0 0 553 308772 116407
23.633375 0.17454 -0.189998 5.99837 64430 1.0000007 280582 102254 5 2 3954091.4 9.38524 22.1003 23.633375 12862 2000443 1127097 464983 125 0 0 0 0 0 0 553 308605 132636
23.64 0.17454 -0.189304 5.99839 64432 1.0000007 280521 102194 7 2 4441242.7 9.38524 22.1003 23.64 19693 2121615 1249310 534130 126 0 0 0 0 0 0 553 308547 148977
23.646625 0.17454 -0.188611 5.99841 64433 1.0000007 280607 102315 5 2 4978805.5 9.38524 22.1003 23.646625 31623 2300562 1426508 631196 127 0 0 0 0 0 0 553 308601 167009
23.653375 0.17454 -0.187904 5.99843 64435 1.0000007 280365 102160 5 2 5574083.5 9.38524 22.1003 23.653375 54181 2563530 1692659 775812 128 0 0 0 0 0 0 553 308362 186977
23.66 0.17454 -0.18721 5.99845 64436 1.0000007 280431 102219 6 2 6221382.8 9.38524 22.1003 23.66 96539 2984011 2112511 1010505 129 0 0 0 0 0 0 553 308464 208690
23.666625 0.17454 -0.186517 5.99848 64438 1.0000007 280528 102257 5 2 6869546.6 9.38524 22.1003 23.666625 170635 3635462 2762915 1393644 130 0 0 0 0 0 0 553 308566 230432
23.673375 0.17454 -0.18581 5.9985 64439 1.0000007 280363 102141 5 2 7612779.6 9.38524 22.1003 23.673375 292761 4627369 3752451 2025803 131 0 0 0 0 0 0 553 308382 255363
23.68 0.17454 -0.185116 5.99852 64441 1.0000007 280296 102115 7 2 8518068.5 9.38524 22.1003 23.68 443998 5956101 5081521 2946072 132 0 0 0 0 0 0 553 308330 285730
23.686625 0.17454 -0.184423 5.99854 64442 1.0000007 280381 102164 5 2 9353985.7 9.38524 22.1003 23.686625 589870 7523371 6648253 4099190 133 0 0 0 0 0 0 553 308401 313770
23.693375 0.17454 -0.183716 5.99856 64444 1.0000007 280298 102039 5 2 10097606 9.38524 22.1003 23.693375 705363 9197051 8320403 5432925 134 0 0 0 0 0 0 553 308300 338714
23.7 0.17454 -0.183023 5.99858 64445 1.0000007 280235 102106 5 2 10851512 9.38524 22.1003 23.7 769340 10649531 9770913 6678384 135 0 0 0 0 0 0 553 308267 364003
23.706625 0.17454 -0.182329 5.9986 64447 1.0000007 280222 102043 7 2 11648376 9.38524 22.1003 23.706625 852365 11617599 10740809 7621614 136 0 0 0 0 0 0 553 308245 390733
23.713375 0.17454 -0.181622 5.99863 64448 1.0000007 280213 102072 7 2 12566603 9.38524 22.1003 23.713375 847651 11905483 11028940 8038880 137 0 0 0 0 0 0 553 308253 421534
23.72 0.17454 -0.180929 5.99865 64450 1.0000007 280132 102004 6 2 13332493 9.38524 22.1003 23.72 755074 11430123 10555299 7786560 138 0 0 0 0 0 0 553 308138 447225
23.726625 0.17454 -0.180235 5.99867 64451 1.0000007 280106 101963 5 2 14021469 9.38524 22.1003 23.726625 586989 10321783 9446761 6932591 139 0 0 0 0 0 0 553 308126 470336
23.733375 0.17454 -0.179528 5.99869 64453 1.0000007 280203 102035 5 2 14384872 9.38524 22.1003 23.733375 403629 8918828 8043586 5799204 140 0 0 0 0 0 0 553 308245 482526
23.74 0.17454 -0.178835 5.99871 64454 1.0000007 279953 101805 5 2 14443989 9.38524 22.1003 23.74 266906 7535537 6666790 4700236 141 0 0 0 0 0 0 553 307952 484509
23.746625 0.17454 -0.178141 5.99873 64456 1.0000007 280131 102053 6 2 14333387 9.38524 22.1003 23.746625 174489 6389995 5517310 3794636 142 0 0 0 0 0 0 553 308148 480799
23.753375 0.17454 -0.177434 5.99875 64457 1.0000007 280013 101883 5 2 13825368 9.38524 22.1003 23.753375 117060 5419941 4549167 3044266 143 0 0 0 0 0 0 553 308019 463758
23.76 0.17454 -0.176741 5.99877 64459 1.0000007 280060 101950 6 2 12955376 9.38524 22.1003 23.76 83564 4672595 3803992 2480453 144 0 0 0 0 0 0 553 308060 434575
23.766625 0.17454 -0.176047 5.99879 64460 1.0000007 280102 101935 5 2 11911732 9.38524 22.1003 23.766625 65083 4086814 3220361 2046725 145 0 0 0 0 0 0 553 308109 399567
23.773375 0.17454 -0.17534 5.99881 64462 1.0000007 280063 101944 6 2 10816096 9.38524 22.1003 23.773375 51831 3607128 2742020 1708686 146 0 0 0 0 0 0 553 308085 362815
23.78 0.17454 -0.174647 5.99883 64463 1.0000007 280011 101951 5 2 9787744.5 9.38524 22.1003 23.78 40438 3202901 2337605 1440463 147 0 0 0 0 0 0 553 308014 328320
23.786625 0.17454 -0.173953 5.99885 64464 1.0000007 279901 101831 6 2 8815767.1 9.38524 22.1003 23.786625 30326 2849622 1985581 1211737 148 0 0 0 0 0 0 553 307918 295716
23.793375 0.17454 -0.173246 5.99887 64466 1.0000007 280068 101971 5 2 7941333.3 9.38524 22.1003 23.793375 21976 2554705 1690218 1022045 149 0 0 0 0 0 0 553 308095 266384
23.8 0.17454 -0.172553 5.99889 64467 1.0000007 279948 101939 6 2 7112421.7 9.38524 22.1003 23.8 16338 2302221 1440294 857898 150 0 0 0 0 0 0 553 307962 238579
23.806625 0.17454 -0.171859 5.99891 64469 1.0000007 280045 101930 5 2 6426993.4 9.38524 22.1003 23.806625 11984 2105373 1243560 725946 151 0 0 0 0 0 0 553 308062 215587
23.813375 0.17454 -0.171152 5.99893 64470 1.0000007 279906 101890 7 2 5816988.4 9.38524 22.1003 23.813375 8973 1947268 1085547 618538 152 0 0 0 0 0 0 553 307915 195125
23.82 0.17454 -0.170459 5.99895 64472 1.0000007 280102 102019 5 2 5283986.9 9.38524 22.1003 23.82 6603 1826499 967584 536412 153 0 0 0 0 0 0 553 308123 177246
23.826625 0.17454 -0.169765 5.99897 64473 1.0000007 279985 101928 6 2 4808313 9.38524 22.1003 23.826625 5216 1733133 873364 471577 154 0 0 0 0 0 0 553 308012 161290
23.833375 0.17454 -0.169058 5.99899 64475 1.0000007 280114 102006 6 2 4444879.7 9.38524 22.1003 23.833375 4003 1655581 796227 418199 155 0 0 0 0 0 0 553 308173 149099
23.84 0.17454 -0.168365 5.99901 64476 1.0000007 279978 101982 6 2 4095070.4 9.38524 22.1003 23.84 3179 1655581 731437 373700 156 0 0 0 0 0 0 553 308008 137365
23.846625 0.17454 -0.167671 5.99903 64478 1.0000007 280025 101972 5 2 3835560.5 9.38524 22.1003 23.846625 2561 1537670 680044 338774 157 0 0 0 0 0 0 553 308063 128660
23.853375 0.17454 -0.166964 5.99905 64479 1.0000007 279936 101900 5 2 3612241.8 9.38524 22.1003 23.853375 2086 1537670 634642 307404 158 0 0 0 0 0 0 553 307958 121169
23.86 0.17454 -0.166271 5.99907 64481 1.0000007 280125 101991 5 2 3412802.2 9.38524 22.1003 23.86 1744 1490383 599341 282458 159 0 0 0 0 0 0 553 308161 114479
23.866625 0.17454 -0.165577 5.99909 64482 1.0000007 279979 101938 6 2 3201318.7 9.38524 22.1003 23.866625 1352 1419136 564257 258873 160 0 0 0 0 0 0 553 308005 107385
23.873375 0.17454 -0.16487 5.99911 64484 1.0000007 279965 101942 6 2 3070863.1 9.38524 22.1003 23.873375 1167 1419136 539390 241978 161 0 0 0 0 0 0 553 307993 103009
23.88 0.17454 -0.164177 5.99913 64485 1.0000007 280070 102018 6 2 2923206.2 9.38524 22.1003 23.88 982 1371050 516554 225800 162 0 0 0 0 0 0 553 308103 98056
23.886625 0.17454 -0.163483 5.99915 64487 1.0000007 280157 102049 5 2 2803393.4 9.38524 22.1003 23.886625 871 1371050 498627 213378 163 0 0 0 0 0 0 553 308201 94037
23.893375 0.17454 -0.162776 5.99917 64488 1.0000007 280120 102083 5 2 2687336.9 9.38524 22.1003 23.893375 764 1334748 480074 201193 164 0 0 0 0 0 0 553 308156 90144
23.9 0.17454 -0.162083 5.99919 64490 1.0000007 280185 102108 5 2 2601181.3 9.38524 22.1003 23.9 689 1321158 468610 193181 165 0 0 0 0 0 0 553 308256 87254
23.906625 0.17454 -0.161389 5.9992 64491 1.0000007 280043 102048 6 2 2504979.3 9.38524 22.1003 23.906625 611 1307914 455830 184332 166 0 0 0 0 0 0 553 308062 84027
23.913375 0.17454 -0.160682 5.99922 64493 1.0000007 280002 102080 6 2 2424249.5 9.38524 22.1003 23.913375 569 1294905 443343 177005 167 0 0 0 0 0 0 553 308009 81319
23.92 0.17454 -0.159988 5.99924 64494 1.0000007 280043 102077 5 2 2342535.9 9.38524 22.1003 23.92 518 1284805 432519 170036 168 0 0 0 0 0 0 553 308043 78578
23.926625 0.17454 -0.159295 5.99926 64496 1.0000007 280093 102129 5 2 2287831.6 9.38524 22.1003 23.926625 492 1274402 425067 165361 169 0 0 0 0 0 0 553 308120 76743
23.933375 0.17454 -0.158588 5.99928 64497 1.0000007 280139 102172 5 2 2253578.1 9.38524 22.1003 23.933375 457 1267312 417822 161742 170 0 0 0 0 0 0 553 308157 75594
23.94 0.17454 -0.157894 5.9993 64498 1.0000007 279982 102091 6 2 2215359.6 9.38524 22.1003 23.94 531 1258664 410930 157777 171 0 0 0 0 0 0 553 307987 74312
23.946625 0.17454 -0.157201 5.99932 64500 1.0000007 280134 102201 7 2 2215359.6 9.38524 22.1003 23.946625 531 1258664 410930 157777 172 0 0 0 0 0 0 553 308157 74312
23.953375 0.17454 -0.156494 5.99933 64502 1.0000007 280301 102321 6 2 2178005.7 9.38524 22.1003 23.953375 441 1250382 401134 151972 173 0 0 0 0 0 0 553 308314 73059
23.96 0.17454 -0.1558 5.99935 64503 1.0000007 280091 102194 5 2 2192911.5 9.38524 22.1003 23.96 470 1246334 398399 150450 174 0 0 0 0 0 0 553 308092 73559
23.966625 0.17454 -0.155106 5.99937 64505 1.0000007 280226 102272 6 2 2175441.9 9.38524 22.1003 23.966625 479 1240260 394023 148782 175 0 0 0 0 0 0 553 308243 72973
23.973375 0.17454 -0.1544 5.99939 64506 1.0000007 280127 102110 5 2 2178274 9.38524 22.1003 23.973375 490 1237040 390350 147441 176 0 0 0 0 0 0 553 308144 73068
23.98 0.17454 -0.153706 5.99941 64507 1.0000007 280246 102247 4 2 2201616.5 9.38524 22.1003 23.98 491 1235538 389008 146913 177 0 0 0 0 0 0 553 308253 73851
23.986625 0.17454 -0.153012 5.99942 64509 1.0000007 280338 102346 5 2 2208979.9 9.38524 22.1003 23.986625 556 1231758 385804 145609 178 0 0 0 0 0 0 553 308343 74098
23.993375 0.17454 -0.152305 5.99944 64510 1.0000007 280356 102342 5 2 2276980.2 9.38524 22.1003 23.993375 686 1232230 385630 146473 179 0 0 0 0 0 0 553 308369 76379
24 0.17454 -0.151612 5.99946 64512 1.0000007 280425 102429 6 2 2310965.4 9.38524 22.1003 24 812 1227670 383431 146622 180 0 0 0 0 0 0 553 308419 77519
24.006625 0.17454 -0.150918 5.99948 64513 1.0000007 280475 102477 7 2 2386806.1 9.38524 22.1003 24.006625 1070 1228228 384600 148193 181 0 0 0 0 0 0 553 308480 80063
24.013375 0.17454 -0.150211 5.99949 64515 1.0000007 280523 102484 7 2 2477642.1 9.38524 22.1003 24.013375 1488 1229380 385161 150573 182 0 0 0 0 0 0 553 308537 83110
24.02 0.17454 -0.149517 5.99951 64516 1.0000007 280395 102412 5 2 2562485.9 9.38524 22.1003 24.02 1992 1227742 385488 151617 183 0 0 0 0 0 0 553 308401 85956
24.026625 0.17454 -0.148824 5.99953 64518 1.0000007 280499 102478 5 2 2656064.5 9.38524 22.1003 24.026625 2057 1226358 384354 153414 184 0 0 0 0 0 0 553 308496 89095
24.033375 0.17454 -0.148117 5.99955 64519 1.0000007 280406 102411 5 2 2757245.1 9.38524 22.1003 24.033375 2757 1227508 386291 156173 185 0 0 0 0 0 0 553 308420 92489
24.04 0.17454 -0.147423 5.99956 64521 1.0000007 280551 102518 6 2 2848528.2 9.38524 22.1003 24.04 3077 1228245 387090 158725 186 0 0 0 0 0 0 553 308576 95551
24.046625 0.17454 -0.14673 5.99958 64522 1.0000007 280828 102685 5 2 2850644.8 9.38524 22.1003 24.046625 3289 1230308 386788 158627 187 0 0 0 0 0 0 553 308865 95622
24.053375 0.17454 -0.146023 5.9996 64524 1.0000007 280529 102581 6 2 2805569.7 9.38524 22.1003 24.053375 3041 1221100 381284 156826 188 0 0 0 0 0 0 553 308524 94110
24.06 0.17454 -0.145329 5.99961 64525 1.0000007 280660 102653 5 2 2865729.5 9.38524 22.1003 24.06 3261 1224602 384412 159460 189 0 0 0 0 0 0 553 308643 96128
24.066625 0.17454 -0.144635 5.99963 64527 1.0000007 280647 102692 6 2 2956744.3 9.38524 22.1003 24.066625 3401 1226981 385343 162482 190 0 0 0 0 0 0 553 308661 99181
24.073375 0.17454 -0.143928 5.99965 64528 1.0000007 280556 102678 6 2 3065139.3 9.38524 22.1003 24.073375 3796 1228067 389107 167282 191 0 0 0 0 0 0 553 308565 102817
24.08 0.17454 -0.143235 5.99966 64530 1.0000007 280945 102898 6 2 3289084 9.38524 22.1003 24.08 4663 1233359 394395 175227 192 0 0 0 0 0 0 553 308964 110329
24.086625 0.17454 -0.142541 5.99968 64531 1.0000007 280787 102766 5 2 3423206.4 9.38524 22.1003 24.086625 5342 1235007 397524 179932 193 0 0 0 0 0 0 553 308794 114828
24.093375 0.17454 -0.141834 5.9997 64533 1.0000007 281172 103137 5 2 3546119.6 9.38524 22.1003 24.093375 5850 1239880 401313 184196 194 0 0 0 0 0 0 553 309187 118951
24.1 0.17454 -0.14114 5.99971 64534 1.0000007 281062 103019 6 2 3583354.3 9.38524 22.1003 24.1 5963 1238843 400636 184411 195 0 0 0 0 0 0 553 309093 120200
24.106625 0.17454 -0.140447 5.99973 64536 1.0000007 280686 102771 6 2 3367518.3 9.38524 22.1003 24.106625 5366 1222795 385355 172208 196 0 0 0 0 0 0 553 308686 112960
24.113375 0.17454 -0.13974 5.99975 64537 1.0000007 281457 103313 6 2 3102672.1 9.38524 22.1003 24.113375 4691 1210944 372078 158534 197 0 0 0 0 0 0 553 309489 104076
24.12 0.17454 -0.139046 5.99976 64538 1.0000007 282106 103747 6 2 2728447.1 9.38524 22.1003 24.12 3738 1196110 353804 140876 198 0 0 0 0 0 0 553 310133 91523
24.126625 0.17454 -0.138352 5.99978 64540 1.0000007 281322 103291 5 2 2299935.1 9.38524 22.1003 24.126625 2872 1168135 331482 120671 199 0 0 0 0 0 0 553 309250 77149
24.133375 0.17454 -0.137646 5.9998 64541 1.0000007 281312 103192 5 2 1976061.9 9.38524 22.1003 24.133375 2257 1152403 315635 105969 200 0 0 0 0 0 0 553 309330 66285
24.14 0.17454 -0.136952 5.99981 64543 1.0000007 281553 103379 5 2 1705014.8 9.38524 22.1003 24.14 1765 1139597 302104 93172 201 0 0 0 0 0 0 553 309566 57193
24.146625 0.17454 -0.136258 5.99983 64544 1.0000007 281076 103028 5 2 1465717.1 9.38524 22.1003 24.146625 1305 1123915 290365 82833 202 0 0 0 0 0 0 553 309082 49166
24.153375 0.17454 -0.135551 5.99984 64546 1.0000007 281764 103564 5 2 1220695.6 9.38524 22.1003 24.153375 958 1117006 279870 72841 203 0 0 0 0 0 0 553 309759 40947
24.16 0.17454 -0.134857 5.99986 64547 1.0000007 282031 103673 5 2 1058252.2 9.38524 22.1003 24.16 674 1108046 271657 65799 204 0 0 0 0 0 0 553 310105 35498
24.166625 0.17454 -0.134164 5.99987 64549 1.0000007 281175 103192 5 2 922669.02 9.38524 22.1003 24.166625 548 1098512 264372 60057 205 0 0 0 0 0 0 553 309139 30950
24.173375 0.17454 -0.133457 5.99989 64550 1.0000007 281831 103611 6 2 838689.74 9.38524 22.1003 24.173375 404 1094617 260666 57036 206 0 0 0 0 0 0 553 309845 28133
24.18 0.17454 -0.132763 5.99991 64552 1.0000007 281414 103372 6 2 749463.62 9.38524 22.1003 24.18 339 1090217 256065 53281 207 0 0 0 0 0 0 553 309402 25140
24.186625 0.17454 -0.132069 5.99992 64553 1.0000007 281684 103520 5 2 706117.56 9.38524 22.1003 24.186625 231 1088634 253738 51410 208 0 0 0 0 0 0 553 309702 23686
24.193375 0.17454 -0.131363 5.99994 64555 1.0000007 281891 103624 6 2 652874.04 9.38524 22.1003 24.193375 152 1085067 251292 49379 209 0 0 0 0 0 0 553 309915 21900
24.2 0.17454 -0.130669 5.99995 64556 1.0000007 281817 103536 6 2 625626.24 9.38524 22.1003 24.2 106 1083127 248984 48092 210 0 0 0 0 0 0 553 309833 20986
24.206625 0.17454 -0.129975 5.99997 64558 1.0000007 281388 103318 6 2 594055.75 9.38524 22.1003 24.206625 94 1076187 247184 46693 211 0 0 0 0 0 0 553 309357 19927
24.213375 0.17454 -0.129268 5.99998 64559 1.0000007 281565 103419 5 2 585142.08 9.38524 22.1003 24.213375 96 1078308 245853 46323 212 0 0 0 0 0 0 553 309545 19628
24.22 0.17454 -0.128574 6 64561 1.0000007 281678 103495 4 2 575602.37 9.38524 22.1003 24.22 90 1078660 244737 45738 213 0 0 0 0 0 0 553 309658 19308
24.226625 0.17454 -0.127881 6.00001 64562 1.0000007 281979 103897 6 2 568089.85 9.38524 22.1003 24.226625 96 1074750 244553 45537 214 0 0 0 0 0 0 553 309931 19056
24.233375 0.17454 -0.127174 6.00003 64563 1.0000007 282626 104181 5 2 561084.12 9.38524 22.1003 24.233375 92 1077968 244098 44996 215 0 0 0 0 0 0 553 310699 18821
24.24 0.17454 -0.12648 6.00004 64565 1.0000007 282009 103909 6 2 554913.12 9.38524 22.1003 24.24 96 1073940 242466 44268 216 0 0 0 0 0 0 553 309982 18614
24.246625 0.17454 -0.125786 6.00006 64566 1.0000007 281779 103633 4 2 552081.02 9.38524 22.1003 24.246625 88 1071148 241823 44311 217 0 0 0 0 0 0 553 309782 18519
24.253375 0.17454 -0.125079 6.00007 64568 1.0000007 281918 103767 5 2 542094.13 9.38524 22.1003 24.253375 85 1069404 240348 43827 218 0 0 0 0 0 0 553 309905 18184
24.26 0.17454 -0.124386 6.00009 64569 1.0000007 282147 103935 5 2 543703.96 9.38524 22.1003 24.26 89 1069708 240130 43962 219 0 0 0 0 0 0 553 310140 18238
24.266625 0.17454 -0.123692 6.0001 64571 1.0000007 282045 103860 6 2 538814.86 9.38524 22.1003 24.266625 92 1069723 240091 43838 220 0 0 0 0 0 0 553 310055 18074
24.273375 0.17454 -0.122985 6.00011 64572 1.0000007 281996 103819 5 2 533538.21 9.38524 22.1003 24.273375 87 1069981 239401 43414 221 0 0 0 0 0 0 553 310011 17897
24.28 0.17454 -0.122291 6.00013 64574 1.0000007 281945 103780 5 2 530676.29 9.38524 22.1003 24.28 86 1067830 239052 43313 222 0 0 0 0 0 0 553 309949 17801
24.286625 0.17454 -0.121597 6.00014 64575 1.0000007 281633 103593 5 2 527247.96 9.38524 22.1003 24.286625 93 1065152 237347 42932 223 0 0 0 0 0 0 553 309611 17686
24.293375 0.17454 -0.12089 6.00016 64577 1.0000007 281679 103637 6 2 529513.64 9.38524 22.1003 24.293375 86 1064594 237369 42903 224 0 0 0 0 0 0 553 309669 17762
24.3 0.17454 -0.120197 6.00017 64578 1.0000007 281554 103541 5 2 533389.15 9.38524 22.1003 24.3 92 1064791 237915 43237 225 0 0 0 0 0 0 553 309542 17892
24.306625 0.17454 -0.119503 6.00018 64580 1.0000007 281575 103554 5 2 526741.16 9.38524 22.1003 24.306625 86 1062877 235744 42752 226 0 0 0 0 0 0 553 309557 17669
24.313375 0.17454 -0.118796 6.0002 64581 1.0000007 281418 103416 5 2 524415.86 9.38524 22.1003 24.313375 88 1061210 235554 42507 227 0 0 0 0 0 0 553 309406 17591
24.32 0.17454 -0.118102 6.00021 64583 1.0000007 281741 103634 5 2 515800.3 9.38524 22.1003 24.32 92 1061208 235907 42436 228 0 0 0 0 0 0 553 309786 17302
24.326625 0.17454 -0.117408 6.00023 64584 1.0000007 281337 103292 5 2 527009.46 9.38524 22.1003 24.326625 88 1060413 235324 42537 229 0 0 0 0 0 0 553 309363 17678
24.333375 0.17454 -0.116702 6.00024 64585 1.0000007 281180 103237 6 2 521732.81 9.38524 22.1003 24.333375 90 1057789 234883 42436 230 0 0 0 0 0 0 553 309169 17501
24.34 0.17454 -0.116008 6.00025 64587 1.0000007 281325 103387 5 2 523581.13 9.38524 22.1003 24.34 92 1059622 235028 42525 231 0 0 0 0 0 0 553 309295 17563
24.346625 0.17454 -0.115314 6.00027 64588 1.0000007 281317 103322 6 2 522567.54 9.38524 22.1003 24.346625 89 1056843 233970 42449 232 0 0 0 0 0 0 553 309290 17529
24.353375 0.17454 -0.114607 6.00028 64590 1.0000007 281266 103225 5 2 521643.38 9.38524 22.1003 24.353375 89 1056637 233561 42419 233 0 0 0 0 0 0 553 309252 17498
24.36 0.17454 -0.113913 6.00029 64591 1.0000007 281248 103309 6 2 520510.54 9.38524 22.1003 24.36 97 1055425 233281 41924 234 0 0 0 0 0 0 553 309216 17460
24.366625 0.17454 -0.113219 6.00031 64593 1.0000007 281171 103218 5 2 513504.81 9.38524 22.1003 24.366625 90 1053438 232270 42019 235 0 0 0 0 0 0 553 309154 17225
24.373375 0.17454 -0.112513 6.00032 64594 1.0000007 281567 103530 6 2 515412.75 9.38524 22.1003 24.373375 89 1057737 233835 41986 236 0 0 0 0 0 0 553 309605 17289
24.38 0.17454 -0.111819 6.00033 64596 1.0000007 281130 103209 6 2 506976.07 9.38524 22.1003 24.38 89 1052393 231894 41432 237 0 0 0 0 0 0 553 309155 17006
24.386625 0.17454 -0.111125 6.00035 64597 1.0000007 281177 103196 5 2 508138.72 9.38524 22.1003 24.386625 93 1051789 232109 41461 238 0 0 0 0 0 0 553 309175 17045
24.393375 0.17454 -0.110418 6.00036 64599 1.0000007 281123 103126 7 2 507542.49 9.38524 22.1003 24.393375 96 1051362 231596 41500 239 0 0 0 0 0 0 553 309106 17025
24.4 0.17454 -0.109724 6.00037 64600 1.0000007 280898 102984 5 2 520033.55 9.38524 22.1003 24.4 90 1049309 230799 41680 240 0 0 0 0 0 0 553 308874 17444
24.406625 0.17454 -0.10903 6.00038 64602 1.0000007 281060 103057 7 2 508526.27 9.38524 22.1003 24.406625 91 1049543 230214 41595 241 0 0 0 0 0 0 553 309064 17058
24.413375 0.17454 -0.108324 6.0004 64603 1.0000007 280744 102847 5 2 514309.72 9.38524 22.1003 24.413375 90 1046977 230617 41735 242 0 0 0 0 0 0 553 308749 17252
24.42 0.17454 -0.10763 6.00041 64605 1.0000007 281018 103038 6 2 511358.37 9.38524 22.1003 24.42 89 1048068 230185 41294 243 0 0 0 0 0 0 553 309019 17153
24.426625 0.17454 -0.106936 6.00042 64606 1.0000007 280739 102835 6 2 511119.88 9.38524 22.1003 24.426625 90 1045810 229644 41272 244 0 0 0 0 0 0 553 308720 17145
24.433375 0.17454 -0.106229 6.00043 64608 1.0000007 281590 103460 5 2 516605.22 9.38524 22.1003 24.433375 94 1051602 230650 41787 245 0 0 0 0 0 0 553 309630 17329
24.44 0.17454 -0.105535 6.00045 64609 1.0000007 280458 102682 6 2 506022.1 9.38524 22.1003 24.44 87 1044245 229408 41205 246 0 0 0 0 0 0 553 308444 16974
24.446625 0.17454 -0.104841 6.00046 64611 1.0000007 280789 102862 5 2 504680.58 9.38524 22.1003 24.446625 87 1044893 228360 41153 247 0 0 0 0 0 0 553 308799 16929
24.453375 0.17454 -0.104134 6.00047 64612 1.0000007 280594 102787 6 2 507274.19 9.38524 22.1003 24.453375 93 1041032 228724 41104 248 0 0 0 0 0 0 553 308592 17016
24.46 0.17454 -0.103441 6.00048 64614 1.0000007 280363 102596 6 2 503398.68 9.38524 22.1003 24.46 92 1041451 228407 41140 249 0 0 0 0 0 0 553 308366 16886
24.466625 0.17454 -0.102747 6.00049 64615 1.0000007 279787 102226 5 2 516217.67 9.38524 22.1003 24.466625 92 1039846 228403 41252 250 0 0 0 0 0 0 553 307724 17316
24.473375 0.17454 -0.10204 6.00051 64616 1.0000007 281383 103326 5 2 504352.65 9.38524 22.1003 24.473375 88 1043198 227821 40951 251 0 0 0 0 0 0 553 309453 16918
24.48 0.17454 -0.101346 6.00052 64618 1.0000007 280002 102427 6 2 505902.85 9.38524 22.1003 24.48 86 1037534 226950 40991 252 0 0 0 0 0 0 553 307990 16970
24.486625 0.17454 -0.100652 6.00053 64619 1.0000007 279593 102042 6 2 504799.82 9.38524 22.1003 24.486625 90 1035420 226871 40849 253 0 0 0 0 0 0 553 307577 16933
24.493375 0.17454 -0.0999453 6.00054 64621 1.0000007 280354 102558 5 2 504889.26 9.38524 22.1003 24.493375 86 1039215 227140 40603 254 0 0 0 0 0 0 553 308382 16936
24.5 0.17454 -0.0992515 6.00055 64622 1.0000007 280207 102465 5 2 500029.97 9.38524 22.1003 24.5 97 1037603 226818 40830 255 0 0 0 0 0 0 553 308208 16773
24.506625 0.17454 -0.0985576 6.00056 64624 1.0000007 279886 102323 5 2 500477.14 9.38524 22.1003 24.506625 89 1034335 226505 40522 256 0 0 0 0 0 0 553 307876 16788
24.513375 0.17454 -0.0978507 6.00058 64625 1.0000007 279913 102281 7 2 503368.87 9.38524 22.1003 24.513375 88 1035145 227135 40917 257 0 0 0 0 0 0 553 307875 16885
24.52 0.17454 -0.0971569 6.00059 64627 1.0000007 280187 102460 5 2 499791.47 9.38524 22.1003 24.52 87 1035930 226229 40797 258 0 0 0 0 0 0 553 308174 16765
24.526625 0.17454 -0.096463 6.0006 64628 1.0000007 279522 101997 5 2 494186.89 9.38524 22.1003 24.526625 86 1029933 224377 40163 259 0 0 0 0 0 0 553 307502 16577
24.533375 0.17454 -0.0957561 6.00061 64630 1.0000007 280416 102564 5 2 505127.75 9.38524 22.1003 24.533375 87 1036559 226151 40840 260 0 0 0 0 0 0 553 308465 16944
24.54 0.17454 -0.0950622 6.00062 64631 1.0000007 279246 101696 5 2 498748.07 9.38524 22.1003 24.54 91 1030579 225294 40489 261 0 0 0 0 0 0 553 307222 16730
24.546625 0.17454 -0.0943684 6.00063 64633 1.0000007 280243 102409 5 2 498837.5 9.38524 22.1003 24.546625 91 1034654 226092 40563 262 0 0 0 0 0 0 553 308269 16733
24.553375 0.17454 -0.0936615 6.00064 64634 1.0000007 280412 102604 5 2 505306.62 9.38524 22.1003 24.553375 85 1036342 226287 40786 263 0 0 0 0 0 0 553 308450 16950
24.56 0.17454 -0.0929676 6.00065 64636 1.0000007 280126 102474 4 2 494574.44 9.38524 22.1003 24.56 87 1033123 224881 40207 264 0 0 0 0 0 0 553 308150 16590
24.566625 0.17454 -0.0922738 6.00066 64637 1.0000007 279553 102048 5 2 495856.34 9.38524 22.1003 24.566625 87 1031028 224445 40364 265 0 0 0 0 0 0 553 307511 16633
24.573375 0.17454 -0.0915669 6.00068 64639 1.0000007 278619 101401 6 2 495498.6 9.38524 22.1003 24.573375 88 1025751 224331 40327 266 0 0 0 0 0 0 553 306564 16621
24.58 0.17454 -0.090873 6.00069 64640 1.0000007 279837 102201 5 2 503547.74 9.38524 22.1003 24.58 92 1030315 225151 41035 267 0 0 0 0 0 0 553 307866 16891
24.586625 0.17454 -0.0901792 6.0007 64641 1.0000007 279926 102272 5 2 499642.42 9.38524 22.1003 24.586625 87 1031157 225202 40438 268 0 0 0 0 0 0 553 307934 16760
24.593375 0.17454 -0.0894722 6.00071 64643 1.0000007 279597 102008 5 2 497466.17 9.38524 22.1003 24.593375 87 1028281 224222 40340 269 0 0 0 0 0 0 553 307598 16687
24.6 0.17454 -0.0887784 6.00072 64644 1.0000007 279305 101839 6 2 491772.15 9.38524 22.1003 24.6 100 1026493 223614 39930 270 0 0 0 0 0 0 553 307309 16496
24.606625 0.17454 -0.0880845 6.00073 64646 1.0000007 279447 101788 6 2 491533.66 9.38524 22.1003 24.606625 93 1029623 224720 40335 271 0 0 0 0 0 0 553 307487 16488
24.613375 0.17454 -0.0873776 6.00074 64647 1.0000007 279746 102086 5 2 493769.53 9.38524 22.1003 24.613375 91 1028404 223859 39969 272 0 0 0 0 0 0 553 307786 16563
24.62 0.17454 -0.0866837 6.00075 64649 1.0000007 279451 101942 5 2 497376.73 9.38524 22.1003 24.62 86 1026709 223914 40208 273 0 0 0 0 0 0 553 307425 16684
24.626625 0.17454 -0.0859899 6.00076 64650 1.0000007 278525 101263 5 2 492696.31 9.38524 22.1003 24.626625 98 1022600 223067 40040 274 0 0 0 0 0 0 553 306518 16527
24.633375 0.17454 -0.0852829 6.00077 64652 1.0000007 279586 102060 5 2 497406.55 9.38524 22.1003 24.633375 94 1028015 223846 40169 275 0 0 0 0 0 0 553 307581 16685
24.64 0.17454 -0.0845891 6.00078 64653 1.0000007 279474 101836 6 2 494604.26 9.38524 22.1003 24.64 91 1025394 223625 39987 276 0 0 0 0 0 0 553 307500 16591
24.646625 0.17454 -0.0838952 6.00079 64655 1.0000007 279067 101533 5 2 490967.24 9.38524 22.1003 24.646625 94 1024360 222697 40031 277 0 0 0 0 0 0 553 307081 16469
24.653375 0.17454 -0.0831882 6.0008 64656 1.0000007 277111 100840 6 2 490132.52 9.38524 22.1003 24.653375 90 1015470 221366 39735 278 0 0 0 0 0 0 553 305017 16441
24.66 0.17454 -0.0824944 6.00081 64658 1.0000007 279839 101847 6 2 494783.13 9.38524 22.1003 24.66 86 1025698 223190 40359 279 0 0 0 0 0 0 553 307799 16597
24.666625 0.17454 -0.0818005 6.00082 64659 1.0000007 279565 101580 5 2 493024.24 9.38524 22.1003 24.666625 93 1025410 223591 40196 280 0 0 0 0 0 0 553 307554 16538
24.673375 0.17454 -0.0810936 6.00083 64661 1.0000007 280088 101947 5 2 496065.02 9.38524 22.1003 24.673375 98 1028178 223753 40295 281 0 0 0 0 0 0 553 308122 16640
24.68 0.17454 -0.0803997 6.00084 64662 1.0000007 279691 101692 6 2 494067.65 9.38524 22.1003 24.68 99 1023414 222377 39936 282 0 0 0 0 0 0 553 307709 16573
24.686625 0.17454 -0.0797058 6.00084 64664 1.0000007 279461 101578 5 2 490698.94 9.38524 22.1003 24.686625 87 1023499 222526 39873 283 0 0 0 0 0 0 553 307439 16460
24.693375 0.17454 -0.0789989 6.00085 64665 1.0000007 279878 101876 4 2 494067.65 9.38524 22.1003 24.693375 85 1024404 223775 40095 284 0 0 0 0 0 0 553 307838 16573
24.7 0.17454 -0.078305 6.00086 64667 1.0000007 279244 101441 6 2 490639.31 9.38524 22.1003 24.7 86 1022906 221706 39908 285 0 0 0 0 0 0 553 307261 16458
24.706625 0.17454 -0.0776111 6.00087 64668 1.0000007 280021 101798 6 2 496631.44 9.38524 22.1003 24.706625 89 1025187 222012 40045 286 0 0 0 0 0 0 553 308114 16659
24.713375 0.17454 -0.0769042 6.00088 64670 1.0000007 279653 101700 5 2 486257.01 9.38524 22.1003 24.713375 88 1023592 222262 39762 287 0 0 0 0 0 0 553 307692 16311
24.72 0.17454 -0.0762103 6.00089 64671 1.0000007 279384 101418 6 2 485541.53 9.38524 22.1003 24.72 98 1023548 222720 39858 288 0 0 0 0 0 0 553 307425 16287
24.726625 0.17454 -0.0755164 6.0009 64672 1.0000007 278511 100948 6 2 488761.18 9.38524 22.1003 24.726625 99 1017594 221453 39804 289 0 0 0 0 0 0 553 306513 16395
24.733375 0.17454 -0.0748095 6.00091 64674 1.0000007 279274 101430 5 2 480592.8 9.38524 22.1003 24.733375 86 1019939 221069 39397 290 0 0 0 0 0 0 553 307280 16121
24.74 0.17454 -0.0741156 6.00092 64675 1.0000007 279502 101600 6 2 490579.69 9.38524 22.1003 24.74 89 1022660 222913 40101 291 0 0 0 0 0 0 553 307535 16456
24.746625 0.17454 -0.0734217 6.00093 64677 1.0000007 279506 101632 6 2 497555.6 9.38524 22.1003 24.746625 85 1021704 221667 40121 292 0 0 0 0 0 0 553 307508 16690
24.753375 0.17454 -0.0727148 6.00093 64678 1.0000007 279594 101583 5 2 496869.94 9.38524 22.1003 24.753375 95 1020909 222621 40101 293 0 0 0 0 0 0 553 307640 16667
24.76 0.17454 -0.0720209 6.00094 64680 1.0000007 279229 101431 6 2 490281.57 9.38524 22.1003 24.76 88 1020467 221474 39589 294 0 0 0 0 0 0 553 307258 16446
24.766625 0.17454 -0.071327 6.00095 64681 1.0000007 279621 101626 6 2 490341.2 9.38524 22.1003 24.766625 93 1019129 221983 39790 295 0 0 0 0 0 0 553 307678 16448
24.773375 0.17454 -0.07062 6.00096 64683 1.0000007 279127 101306 5 2 492010.65 9.38524 22.1003 24.773375 88 1017497 222175 40005 296 0 0 0 0 0 0 553 307138 16504
24.78 0.17454 -0.0699261 6.00097 64684 1.0000007 279184 101333 5 2 487837.02 9.38524 22.1003 24.78 92 1020056 221940 39584 297 0 0 0 0 0 0 553 307204 16364
24.786625 0.17454 -0.0692323 6.00097 64686 1.0000007 279542 101558 5 2 494544.63 9.38524 22.1003 24.786625 90 1020118 222431 40280 298 0 0 0 0 0 0 553 307535 16589
24.793375 0.17454 -0.0685253 6.00098 64687 1.0000007 279114 101332 7 2 486406.07 9.38524 22.1003 24.793375 91 1016619 220498 39373 299 0 0 0 0 0 0 553 307091 16316
24.8 0.17454 -0.0678314 6.00099 64689 1.0000007 279824 101771 6 2 489923.83 9.38524 22.1003 24.8 88 1022688 221939 39841 300 0 0 0 0 0 0 553 307856 16434
