Eta  H  K  L  Epoch  Sec  ion1  Hubmon  scan_bar  Filters  Correct  Qmag  Energy  Graze  p_peak  p_total  p_del_s  p_nu_s  p_image  p_xcen  p_xsig  p_ycen  p_ysig  power  tempsp  gun_on  ion0  p_point
13.89 0.129841 -0.209295 3.99391 17020 0.5000007 141929 105349 5 2 373300.86 6.255089 22.1003 13.89 4501 677212 159144 29944 0 0 0 0 0 0 0 553 155726 12522
13.9 0.129841 -0.208598 3.99395 17021 0.5000007 141885 105309 4 2 377116.74 6.255089 22.1003 13.9 4498 679688 160456 30229 1 0 0 0 0 0 0 553 155709 12650
13.91 0.129841 -0.207901 3.99398 17022 0.5000007 141913 105325 4 2 374612.57 6.255089 22.1003 13.91 4485 680407 160419 30093 2 0 0 0 0 0 0 553 155716 12566
13.92 0.129841 -0.207204 3.99402 17023 0.5000007 141958 105346 4 2 380068.09 6.255089 22.1003 13.92 4432 684347 161767 30450 3 0 0 0 0 0 0 553 155791 12749
13.93 0.129841 -0.206507 3.99405 17024 0.5000007 141866 105336 3 2 392618.77 6.255089 22.1003 13.93 4594 685899 162695 31229 4 0 0 0 0 0 0 553 155685 13170
13.94 0.129841 -0.20581 3.99409 17025 0.5000007 141965 105395 4 2 391008.95 6.255089 22.1003 13.94 4510 686584 162992 30871 5 0 0 0 0 0 0 553 155777 13116
13.95 0.129841 -0.205113 3.99413 17026 0.5000007 141922 105372 4 2 389518.37 6.255089 22.1003 13.95 4489 689101 163975 31091 6 0 0 0 0 0 0 553 155740 13066
13.96 0.129841 -0.204416 3.99416 17027 0.5000007 142036 105484 4 2 391962.92 6.255089 22.1003 13.96 4549 692966 165460 31551 7 0 0 0 0 0 0 553 155827 13148
13.97 0.129841 -0.203718 3.9942 17028 0.5000007 141972 105401 4 2 398819.58 6.255089 22.1003 13.97 4445 693587 165988 31768 8 0 0 0 0 0 0 553 155789 13378
13.98 0.129841 -0.203021 3.99423 17029 0.5000007 142017 105489 5 2 404752.09 6.255089 22.1003 13.98 4579 695024 166013 31864 9 0 0 0 0 0 0 553 155840 13577
13.99 0.129841 -0.202324 3.99427 17030 0.5000007 141972 105467 4 2 392082.16 6.255089 22.1003 13.99 4676 696023 166578 31488 10 0 0 0 0 0 0 553 155781 13152
14 0.129841 -0.201627 3.9943 17031 0.5000007 142121 105610 5 2 404155.86 6.255089 22.1003 14 4531 700712 167947 32057 11 0 0 0 0 0 0 553 155931 13557
14.01 0.129841 -0.20093 3.99434 17032 0.5000007 142129 105654 5 2 401681.5 6.255089 22.1003 14.01 4670 702446 169043 32094 12 0 0 0 0 0 0 553 155939 13474
14.02 0.129841 -0.200233 3.99437 17033 0.5000007 142116 105615 4 2 403380.76 6.255089 22.1003 14.02 4456 704282 169996 32387 13 0 0 0 0 0 0 553 155924 13531
14.03 0.129841 -0.199536 3.99441 17034 0.5000007 142173 105715 4 2 406987.96 6.255089 22.1003 14.03 4564 707481 170968 32551 14 0 0 0 0 0 0 553 156000 13652
14.04 0.129841 -0.198838 3.99444 17035 0.5000007 142217 105747 4 2 416706.54 6.255089 22.1003 14.04 4602 708414 172541 33169 15 0 0 0 0 0 0 553 156032 13978
14.05 0.129841 -0.198141 3.99448 17036 0.5000007 142247 105814 5 2 419598.27 6.255089 22.1003 14.05 4568 712916 173426 33280 16 0 0 0 0 0 0 553 156053 14075
14.06 0.129841 -0.197444 3.99451 17038 0.5000007 142208 105747 3 2 422907.36 6.255089 22.1003 14.06 4560 714091 174116 33670 17 0 0 0 0 0 0 553 156001 14186
14.07 0.129841 -0.196747 3.99455 17039 0.5000007 142231 105801 4 2 420403.18 6.255089 22.1003 14.07 4652 716622 174784 33606 18 0 0 0 0 0 0 553 156041 14102
14.08 0.129841 -0.19605 3.99458 17040 0.5000007 142223 105825 4 2 441569.42 6.255089 22.1003 14.08 4531 720958 176874 34468 19 0 0 0 0 0 0 553 156034 14812
14.09 0.129841 -0.195353 3.99462 17041 0.5000007 142226 105788 4 2 433430.85 6.255089 22.1003 14.09 4524 723960 177464 34284 20 0 0 0 0 0 0 553 156050 14539
14.1 0.129841 -0.194655 3.99465 17042 0.5000007 142188 105819 4 2 443745.67 6.255089 22.1003 14.1 4505 724031 179203 34870 21 0 0 0 0 0 0 553 155984 14885
14.11 0.129841 -0.193958 3.99468 17043 0.5000007 142143 105674 4 2 440108.65 6.255089 22.1003 14.11 4353 727656 179942 34872 22 0 0 0 0 0 0 553 155948 14763
14.12 0.129841 -0.193261 3.99472 17044 0.5000007 142290 105826 3 2 454567.28 6.255089 22.1003 14.12 4350 731394 180973 35597 23 0 0 0 0 0 0 553 156080 15248
14.13 0.129841 -0.192564 3.99475 17045 0.5000007 142328 105925 5 2 449797.42 6.255089 22.1003 14.13 4512 734738 183348 35627 24 0 0 0 0 0 0 553 156138 15088
14.14 0.129841 -0.191867 3.99478 17046 0.5000007 142409 106072 4 2 456505.03 6.255089 22.1003 14.14 4532 738053 183965 35878 25 0 0 0 0 0 0 553 156198 15313
14.15 0.129841 -0.191169 3.99482 17047 0.5000007 142335 105975 4 2 460529.6 6.255089 22.1003 14.15 4528 740379 185767 36338 26 0 0 0 0 0 0 553 156139 15448
14.16 0.129841 -0.190472 3.99485 17048 0.5000007 142410 106094 4 2 466134.18 6.255089 22.1003 14.16 4510 741204 186658 36768 27 0 0 0 0 0 0 553 156208 15636
14.17 0.129841 -0.189775 3.99488 17049 0.5000007 142265 105862 4 2 477432.77 6.255089 22.1003 14.17 4630 745154 188405 37564 28 0 0 0 0 0 0 553 156065 16015
14.18 0.129841 -0.189078 3.99492 17050 0.5000007 142291 105951 4 2 482232.44 6.255089 22.1003 14.18 4509 747755 190143 37757 29 0 0 0 0 0 0 553 156094 16176
14.19 0.129841 -0.18838 3.99495 17051 0.5000007 142389 106061 3 2 490013.27 6.255089 22.1003 14.19 4448 753983 192373 38309 30 0 0 0 0 0 0 553 156198 16437
14.2 0.129841 -0.187683 3.99498 17052 0.5000007 142327 106000 4 2 495438.98 6.255089 22.1003 14.2 4520 756155 194018 38818 31 0 0 0 0 0 0 553 156118 16619
14.21 0.129841 -0.186986 3.99502 17053 0.5000007 142306 106016 3 2 505694.17 6.255089 22.1003 14.21 4538 759508 195158 38966 32 0 0 0 0 0 0 553 156107 16963
14.22 0.129841 -0.186289 3.99505 17054 0.5000007 142282 105946 4 2 517439.94 6.255089 22.1003 14.22 4525 763613 197651 40180 33 0 0 0 0 0 0 553 156075 17357
14.23 0.129841 -0.185591 3.99508 17055 0.5000007 142267 105901 5 2 510732.33 6.255089 22.1003 14.23 4448 767830 198975 39704 34 0 0 0 0 0 0 553 156068 17132
14.24 0.129841 -0.184894 3.99511 17056 0.5000007 142289 105943 4 2 526472.86 6.255089 22.1003 14.24 4458 771820 201589 41082 35 0 0 0 0 0 0 553 156099 17660
14.25 0.129841 -0.184197 3.99515 17057 0.5000007 142330 106025 4 2 538278.25 6.255089 22.1003 14.25 4482 775676 204443 41874 36 0 0 0 0 0 0 553 156129 18056
14.26 0.129841 -0.183499 3.99518 17058 0.5000007 142366 106092 4 2 545075.29 6.255089 22.1003 14.26 4634 777398 204918 42209 37 0 0 0 0 0 0 553 156167 18284
14.27 0.129841 -0.182802 3.99521 17059 0.5000007 142297 105989 4 2 556940.31 6.255089 22.1003 14.27 4576 784234 208870 42921 38 0 0 0 0 0 0 553 156078 18682
14.28 0.129841 -0.182105 3.99524 17060 0.5000007 142278 105994 5 2 570385.34 6.255089 22.1003 14.28 4531 787872 211407 43697 39 0 0 0 0 0 0 553 156074 19133
14.29 0.129841 -0.181408 3.99527 17061 0.5000007 142269 105948 3 2 576914.08 6.255089 22.1003 14.29 4516 791936 213191 44380 40 0 0 0 0 0 0 553 156069 19352
14.3 0.129841 -0.18071 3.9953 17062 0.5000007 142281 105946 5 2 589285.9 6.255089 22.1003 14.3 4559 798059 215991 45395 41 0 0 0 0 0 0 553 156100 19767
14.31 0.129841 -0.180013 3.99534 17063 0.5000007 142348 106038 5 2 601210.54 6.255089 22.1003 14.31 4570 802755 219845 46015 42 0 0 0 0 0 0 553 156149 20167
14.32 0.129841 -0.179316 3.99537 17064 0.5000007 142230 105852 4 2 622704.7 6.255089 22.1003 14.32 4528 807324 222441 47006 43 0 0 0 0 0 0 553 156032 20888
14.33 0.129841 -0.178618 3.9954 17065 0.5000007 142232 105876 4 2 628458.34 6.255089 22.1003 14.33 4528 807324 225051 47483 44 0 0 0 0 0 0 553 156041 21081
14.34 0.129841 -0.177921 3.99543 17066 0.5000007 142293 105946 5 2 644318.11 6.255089 22.1003 14.34 4449 820773 230023 49124 45 0 0 0 0 0 0 553 156104 21613
14.35 0.129841 -0.177224 3.99546 17067 0.5000007 142192 105818 4 2 671208.17 6.255089 22.1003 14.35 4578 824239 233514 50091 46 0 0 0 0 0 0 553 156001 22515
14.36 0.129841 -0.176526 3.99549 17068 0.5000007 142181 105793 4 2 676961.81 6.255089 22.1003 14.36 4604 829035 237341 51115 47 0 0 0 0 0 0 553 155976 22708
14.37 0.129841 -0.175829 3.99552 17069 0.5000007 142166 105715 4 2 702838.28 6.255089 22.1003 14.37 4528 835969 240903 52454 48 0 0 0 0 0 0 553 155992 23576
14.38 0.129841 -0.175132 3.99555 17070 0.5000007 142123 105770 5 2 716968.98 6.255089 22.1003 14.38 4545 842531 244962 53306 49 0 0 0 0 0 0 553 155945 24050
14.39 0.129841 -0.174434 3.99558 17071 0.5000007 142103 105638 5 2 742875.26 6.255089 22.1003 14.39 4494 847367 249530 55485 50 0 0 0 0 0 0 553 155906 24919
14.4 0.129841 -0.173737 3.99561 17072 0.5000007 142059 105674 4 2 765740.76 6.255089 22.1003 14.4 4631 854885 254674 56789 51 0 0 0 0 0 0 553 155861 25686
14.41 0.129841 -0.17304 3.99564 17073 0.5000007 142071 105616 4 2 795701.42 6.255089 22.1003 14.41 4573 864330 259905 58669 52 0 0 0 0 0 0 553 155870 26691
14.42 0.129841 -0.172342 3.99567 17074 0.5000007 142075 105673 4 2 831207.03 6.255089 22.1003 14.42 4667 870719 265422 61054 53 0 0 0 0 0 0 553 155883 27882
14.43 0.129841 -0.171645 3.9957 17075 0.5000007 142006 105513 5 2 852641.57 6.255089 22.1003 14.43 4549 878566 270638 62399 54 0 0 0 0 0 0 553 155813 28601
14.44 0.129841 -0.170947 3.99573 17076 0.5000007 141978 105508 4 2 889995.51 6.255089 22.1003 14.44 4532 889425 277735 64723 55 0 0 0 0 0 0 553 155780 29854
14.45 0.129841 -0.17025 3.99576 17077 0.5000007 142090 105677 4 2 940078.99 6.255089 22.1003 14.45 4537 896639 284628 67733 56 0 0 0 0 0 0 553 155881 31534
14.46 0.129841 -0.169553 3.99579 17078 0.5000007 141872 105416 4 2 976121.22 6.255089 22.1003 14.46 4532 905526 290751 69933 57 0 0 0 0 0 0 553 155679 32743
14.47 0.129841 -0.168855 3.99582 17079 0.5000007 142010 105522 5 2 1036251.2 6.255089 22.1003 14.47 4474 918088 299313 73681 58 0 0 0 0 0 0 553 155834 34760
14.48 0.129841 -0.168158 3.99585 17080 0.5000007 141934 105485 4 2 1079537.7 6.255089 22.1003 14.48 4550 925057 307004 76612 59 0 0 0 0 0 0 553 155740 36212
14.49 0.129841 -0.16746 3.99588 17081 0.5000007 141921 105422 4 2 1134033.3 6.255089 22.1003 14.49 4600 937986 315487 79890 60 0 0 0 0 0 0 553 155729 38040
14.5 0.129841 -0.166763 3.99591 17083 0.5000007 141899 105391 4 2 1207280.4 6.255089 22.1003 14.5 4490 951318 326195 84556 61 0 0 0 0 0 0 553 155727 40497
14.51 0.129841 -0.166066 3.99594 17084 0.5000007 141813 105318 4 2 1297609.5 6.255089 22.1003 14.51 4585 963823 337247 90051 62 0 0 0 0 0 0 553 155609 43527
14.52 0.129841 -0.165368 3.99597 17085 0.5000007 141734 105234 4 2 1379561.6 6.255089 22.1003 14.52 4668 977094 348090 95083 63 0 0 0 0 0 0 553 155549 46276
14.53 0.129841 -0.164671 3.996 17086 0.5000007 141652 105059 4 2 1473050.8 6.255089 22.1003 14.53 4531 993371 360948 100826 64 0 0 0 0 0 0 553 155454 49412
14.54 0.129841 -0.163973 3.99603 17087 0.5000007 141738 105200 4 2 1602105.2 6.255089 22.1003 14.54 4521 1012081 377225 108419 65 0 0 0 0 0 0 553 155546 53741
14.55 0.129841 -0.163276 3.99605 17088 0.5000007 141720 105160 4 2 1730235.5 6.255089 22.1003 14.55 4612 1029913 392543 116032 66 0 0 0 0 0 0 553 155547 58039
14.56 0.129841 -0.162578 3.99608 17089 0.5000007 141627 105033 4 2 1891247.9 6.255089 22.1003 14.56 4467 1049281 410531 125282 67 0 0 0 0 0 0 553 155431 63440
14.57 0.129841 -0.161881 3.99611 17090 0.5000007 141614 104989 3 2 2079597.6 6.255089 22.1003 14.57 4576 1073238 431841 135876 68 0 0 0 0 0 0 553 155411 69758
14.58 0.129841 -0.161183 3.99614 17091 0.5000007 141590 104980 4 2 2285327.4 6.255089 22.1003 14.58 4594 1100138 456335 147891 69 0 0 0 0 0 0 553 155415 76659
14.59 0.129841 -0.160486 3.99617 17092 0.5000007 141527 104819 5 2 2542810.2 6.255089 22.1003 14.59 4420 1129730 486428 163395 70 0 0 0 0 0 0 553 155324 85296
14.6 0.129841 -0.159789 3.9962 17093 0.5000007 141581 104917 4 2 2837289.2 6.255089 22.1003 14.6 4497 1167989 521099 181207 71 0 0 0 0 0 0 553 155392 95174
14.61 0.129841 -0.159091 3.99622 17094 0.5000007 141513 104926 3 2 3183521.1 6.255089 22.1003 14.61 4512 1208765 561846 203311 72 0 0 0 0 0 0 553 155328 106788
14.62 0.129841 -0.158394 3.99625 17095 0.5000007 141460 104791 4 2 3561770.7 6.255089 22.1003 14.62 4492 1258604 612000 231311 73 0 0 0 0 0 0 553 155272 119476
14.63 0.129841 -0.157696 3.99628 17096 0.5000007 141472 104770 4 2 4046090 6.255089 22.1003 14.63 4512 1325688 679707 270601 74 0 0 0 0 0 0 553 155291 135722
14.64 0.129841 -0.156999 3.99631 17097 0.5000007 141443 104672 4 2 4598677.8 6.255089 22.1003 14.64 4376 1410133 765652 323548 75 0 0 0 0 0 0 553 155283 154258
14.65 0.129841 -0.156301 3.99633 17098 0.5000007 141322 104550 5 2 5313858.1 6.255089 22.1003 14.65 4530 1526629 883803 403738 76 0 0 0 0 0 0 553 155127 178248
14.66 0.129841 -0.155604 3.99636 17099 0.5000007 141276 104575 4 2 6223767.7 6.255089 22.1003 14.66 6132 1698040 1057318 531083 77 0 0 0 0 0 0 553 155084 208770
14.67 0.129841 -0.154906 3.99639 17100 0.5000007 141301 104565 5 2 7530112 6.255089 22.1003 14.67 11073 1963696 1326098 745085 78 0 0 0 0 0 0 553 155121 252590
14.68 0.129841 -0.154209 3.99642 17101 0.5000007 141261 104487 4 2 9394589.1 6.255089 22.1003 14.68 21070 2406292 1767385 1122835 79 0 0 0 0 0 0 553 155095 315132
14.69 0.129841 -0.153511 3.99644 17102 0.5000007 141329 104597 5 2 12249408 6.255089 22.1003 14.69 48465 3169778 2531333 1818755 80 0 0 0 0 0 0 553 155129 410894
14.7 0.129841 -0.152814 3.99647 17103 0.5000007 141352 104602 4 2 16722966 6.255089 22.1003 14.7 107826 4490962 3852570 3061465 81 0 0 0 0 0 0 553 155181 560955
14.71 0.129841 -0.152116 3.9965 17104 0.5000007 141172 104396 5 2 23961521 6.255089 22.1003 14.71 188288 6803571 6168218 5301578 82 0 0 0 0 0 0 553 154988 803765
14.72 0.129841 -0.151419 3.99652 17105 0.5000007 141142 104330 3 2 35991068 6.255089 22.1003 14.72 386278 10868810 10231247 9289758 83 0 0 0 0 0 0 553 154975 1207284
14.73 0.129841 -0.150721 3.99655 17106 0.5000007 141205 104432 4 2 57170540 6.255089 22.1003 14.73 535824 16835136 16188783 15166991 84 0 0 0 0 0 0 553 155053 1917728
14.74 0.129841 -0.150024 3.99657 17107 0.5000007 141095 104312 5 2 94185189 6.255089 22.1003 14.74 532987 19524925 18860473 17708746 85 0 0 0 0 0 0 553 154912 3159347
14.75 0.129841 -0.149326 3.9966 17108 0.5000007 141116 104347 4 2 1.3783083e+08 6.255089 22.1003 14.75 558835 20058068 19365415 18085299 86 0 0 0 0 0 0 553 154925 4623396
14.76 0.129841 -0.148628 3.99663 17109 0.5000007 141070 104297 5 2 1.8881064e+08 6.255089 22.1003 14.76 591934 21180657 20460933 19076068 87 0 0 0 0 0 0 553 154885 6333462
14.77 0.129841 -0.147931 3.99665 17110 0.5000007 140991 104202 5 2 1.8555786e+08 6.255089 22.1003 14.77 532805 19970319 19287865 18259901 88 0 0 0 0 0 0 553 154804 6224351
14.78 0.129841 -0.147233 3.99668 17111 0.5000007 140991 104147 5 2 1.7680386e+08 6.255089 22.1003 14.78 526260 18264180 17606043 16813086 89 0 0 0 0 0 0 553 154830 5930707
14.79 0.129841 -0.146536 3.9967 17112 0.5000007 140970 104099 4 2 1.3410775e+08 6.255089 22.1003 14.79 483463 13587260 12946682 12312785 90 0 0 0 0 0 0 553 154790 4498509
14.8 0.129841 -0.145838 3.99673 17113 0.5000007 140993 104144 5 2 96109438 6.255089 22.1003 14.8 500287 8878510 8248397 7705425 91 0 0 0 0 0 0 553 154813 3223894
14.81 0.129841 -0.145141 3.99675 17114 0.5000007 140918 103991 5 2 55194717 6.255089 22.1003 14.81 278798 5257886 4630906 4131963 92 0 0 0 0 0 0 553 154735 1851451
14.82 0.129841 -0.144443 3.99678 17115 0.5000007 140975 104135 4 2 31323793 6.255089 22.1003 14.82 96539 3425770 2800042 2322579 93 0 0 0 0 0 0 553 154792 1050725
14.83 0.129841 -0.143746 3.99681 17116 0.5000007 140919 104111 3 2 19760619 6.255089 22.1003 14.83 40520 2554695 1929587 1466095 94 0 0 0 0 0 0 553 154759 662850
14.84 0.129841 -0.143048 3.99683 17117 0.5000007 140837 103917 4 2 14196701 6.255089 22.1003 14.84 20265 2126860 1501641 1044763 95 0 0 0 0 0 0 553 154688 476214
14.85 0.129841 -0.14235 3.99686 17118 0.5000007 140875 103957 3 2 11018010 6.255089 22.1003 14.85 12645 1887549 1263785 808315 96 0 0 0 0 0 0 553 154701 369588
14.86 0.129841 -0.141653 3.99688 17119 0.5000007 140923 104106 4 2 8922433 6.255089 22.1003 14.86 8657 1738018 1112802 653035 97 0 0 0 0 0 0 553 154755 299294
14.87 0.129841 -0.140955 3.9969 17120 0.5000007 140865 103968 3 2 7433880.2 6.255089 22.1003 14.87 5889 1629592 1005409 544792 98 0 0 0 0 0 0 553 154696 249362
14.88 0.129841 -0.140258 3.99693 17121 0.5000007 140864 103958 4 2 6416946.9 6.255089 22.1003 14.88 4597 1544820 922283 467423 99 0 0 0 0 0 0 553 154672 215250
14.89 0.129841 -0.13956 3.99695 17122 0.5000007 140853 103962 4 2 5785119.8 6.255089 22.1003 14.89 4422 1486260 861581 415133 100 0 0 0 0 0 0 553 154685 194056
14.9 0.129841 -0.138862 3.99698 17123 0.5000007 140823 103979 4 2 5350526.3 6.255089 22.1003 14.9 4434 1441831 817995 378894 101 0 0 0 0 0 0 553 154645 179478
14.91 0.129841 -0.138165 3.997 17124 0.5000007 140894 104044 4 2 5174846.6 6.255089 22.1003 14.91 4495 1412187 787719 354646 102 0 0 0 0 0 0 553 154744 173585
14.92 0.129841 -0.137467 3.99703 17125 0.5000007 140756 103854 4 2 5170255.6 6.255089 22.1003 14.92 4464 1394450 770736 342917 103 0 0 0 0 0 0 553 154604 173431
14.93 0.129841 -0.13677 3.99705 17126 0.5000007 140832 103925 3 2 5170255.6 6.255089 22.1003 14.93 4464 1394450 763913 340183 104 0 0 0 0 0 0 553 154652 173431
14.94 0.129841 -0.136072 3.99707 17127 0.5000007 140949 104085 5 2 5707639.5 6.255089 22.1003 14.94 4979 1392741 767203 344623 105 0 0 0 0 0 0 553 154784 191457
14.95 0.129841 -0.135374 3.9971 17128 0.5000007 140851 103958 4 2 5807538.2 6.255089 22.1003 14.95 5442 1387142 761434 342240 106 0 0 0 0 0 0 553 154677 194808
14.96 0.129841 -0.134677 3.99712 17129 0.5000007 140841 103997 5 2 5400043.4 6.255089 22.1003 14.96 4369 1366281 741264 324423 107 0 0 0 0 0 0 553 154697 181139
14.97 0.129841 -0.133979 3.99714 17130 0.5000007 140842 103940 3 2 4899566.3 6.255089 22.1003 14.97 4429 1345725 720785 303531 108 0 0 0 0 0 0 553 154660 164351
14.98 0.129841 -0.133281 3.99717 17131 0.5000007 140830 103924 5 2 4538577.6 6.255089 22.1003 14.98 4463 1331871 707570 288267 109 0 0 0 0 0 0 553 154662 152242
14.99 0.129841 -0.132584 3.99719 17132 0.5000007 140881 104018 4 2 4347425.6 6.255089 22.1003 14.99 4532 1324577 699397 280160 110 0 0 0 0 0 0 553 154714 145830
15 0.129841 -0.131886 3.99721 17133 0.5000007 140865 103961 3 2 4205939.8 6.255089 22.1003 15 4476 1318172 691678 273059 111 0 0 0 0 0 0 553 154692 141084
15.01 0.129841 -0.131189 3.99724 17134 0.5000007 140848 104002 5 2 4149178.5 6.255089 22.1003 15.01 4441 1315570 690320 271012 112 0 0 0 0 0 0 553 154654 139180
15.02 0.129841 -0.130491 3.99726 17135 0.5000007 140959 104152 4 2 4103268.6 6.255089 22.1003 15.02 4451 1318092 692231 270769 113 0 0 0 0 0 0 553 154792 137640
15.03 0.129841 -0.129793 3.99728 17137 0.5000007 140958 104133 4 2 4157197.8 6.255089 22.1003 15.03 4401 1326464 700728 274782 114 0 0 0 0 0 0 553 154773 139449
15.04 0.129841 -0.129096 3.99731 17138 0.5000007 141002 104167 4 2 4193359.3 6.255089 22.1003 15.04 4415 1338538 712077 279334 115 0 0 0 0 0 0 553 154823 140662
15.05 0.129841 -0.128398 3.99733 17139 0.5000007 140959 104145 5 2 4261449 6.255089 22.1003 15.05 4382 1356439 731222 288983 116 0 0 0 0 0 0 553 154785 142946
15.06 0.129841 -0.1277 3.99735 17140 0.5000007 141040 104228 4 2 4485572.6 6.255089 22.1003 15.06 4344 1384228 759617 305716 117 0 0 0 0 0 0 553 154871 150464
15.07 0.129841 -0.127003 3.99737 17141 0.5000007 140989 104177 3 2 4744158.4 6.255089 22.1003 15.07 4323 1419197 795874 326181 118 0 0 0 0 0 0 553 154810 159138
15.08 0.129841 -0.126305 3.99739 17142 0.5000007 141125 104307 5 2 5077213.6 6.255089 22.1003 15.08 4422 1466751 843524 352536 119 0 0 0 0 0 0 553 154912 170310
15.09 0.129841 -0.125607 3.99742 17143 0.5000007 141134 104291 4 2 5432418.8 6.255089 22.1003 15.09 4855 1523242 901601 383624 120 0 0 0 0 0 0 553 154962 182225
15.1 0.129841 -0.124909 3.99744 17144 0.5000007 141012 104169 4 2 5599006 6.255089 22.1003 15.1 6229 1586417 966304 412323 121 0 0 0 0 0 0 553 154823 187813
15.11 0.129841 -0.124212 3.99746 17145 0.5000007 141157 104429 5 2 5233456.2 6.255089 22.1003 15.11 8341 1657847 1038574 433857 122 0 0 0 0 0 0 553 154984 175551
15.12 0.129841 -0.123514 3.99748 17146 0.5000007 141139 104437 3 2 4714794 6.255089 22.1003 15.12 12347 1770974 1153249 462089 123 0 0 0 0 0 0 553 154963 158153
15.13 0.129841 -0.122816 3.9975 17147 0.5000007 141221 104539 5 2 4210083.6 6.255089 22.1003 15.13 21025 1987009 1367676 510207 124 0 0 0 0 0 0 553 155043 141223
15.14 0.129841 -0.122119 3.99752 17148 0.5000007 141154 104449 5 2 3950961.2 6.255089 22.1003 15.14 55952 2492225 1874777 611878 125 0 0 0 0 0 0 553 154961 132531
15.15 0.129841 -0.121421 3.99755 17149 0.5000007 141195 104561 4 2 3820386.4 6.255089 22.1003 15.15 171592 4009622 3392148 851817 126 0 0 0 0 0 0 553 155032 128151
15.16 0.129841 -0.120723 3.99757 17150 0.5000007 141320 104643 5 2 3983336.6 6.255089 22.1003 15.16 512856 8773979 8153154 1506062 127 0 0 0 0 0 0 553 155129 133617
15.17 0.129841 -0.120026 3.99759 17151 0.5000007 141173 104489 5 2 5185399.9 6.255089 22.1003 15.17 533815 13775090 13138532 2755755 128 0 0 0 0 0 0 553 155006 173939
15.18 0.129841 -0.119328 3.99761 17152 0.5000007 141427 104849 4 2 7092746.1 6.255089 22.1003 15.18 547724 14841792 14176772 3604846 129 0 0 0 0 0 0 553 155254 237919
15.19 0.129841 -0.11863 3.99763 17153 0.5000007 141333 104665 4 2 7001790.9 6.255089 22.1003 15.19 545716 15519330 14860695 4107754 130 0 0 0 0 0 0 553 155131 234868
15.2 0.129841 -0.117932 3.99765 17154 0.5000007 141463 104902 4 2 6743622.4 6.255089 22.1003 15.2 565289 15360849 14714647 4289571 131 0 0 0 0 0 0 553 155281 226208
15.21 0.129841 -0.117235 3.99767 17155 0.5000007 141408 104803 5 2 6954211.6 6.255089 22.1003 15.21 568112 14302727 13673855 4046415 132 0 0 0 0 0 0 553 155210 233272
15.22 0.129841 -0.116537 3.99769 17156 0.5000007 141426 104820 5 2 9562577.5 6.255089 22.1003 15.22 550649 13454765 12837479 3557181 133 0 0 0 0 0 0 553 155245 320767
15.23 0.129841 -0.115839 3.99771 17157 0.5000007 141495 104989 7 2 15217301 6.255089 22.1003 15.23 495490 11341126 10729130 3557181 134 0 0 0 0 0 0 553 155310 510449
15.24 0.129841 -0.115142 3.99773 17158 0.5000007 141487 104975 4 2 21683765 6.255089 22.1003 15.24 363726 7985266 7376981 2235311 135 0 0 0 0 0 0 553 155311 727360
15.25 0.129841 -0.114444 3.99775 17159 0.5000007 141540 105023 4 2 29401482 6.255089 22.1003 15.25 221410 5124733 4521736 1971999 136 0 0 0 0 0 0 553 155345 986243
15.26 0.129841 -0.113746 3.99777 17160 0.5000007 141536 105003 5 2 41175663 6.255089 22.1003 15.26 72988 4058977 3455588 2124792 137 0 0 0 0 0 0 553 155363 1381196
15.27 0.129841 -0.113048 3.99779 17161 0.5000007 141592 105127 4 2 61182436 6.255089 22.1003 15.27 54054 4345619 3744169 2925006 138 0 0 0 0 0 0 553 155402 2052303
15.28 0.129841 -0.112351 3.99781 17162 0.5000007 141619 105124 4 2 1.0042064e+08 6.255089 22.1003 15.28 170337 6355955 5753726 5069449 139 0 0 0 0 0 0 553 155439 3368509
15.29 0.129841 -0.111653 3.99783 17163 0.5000007 141548 105109 5 2 1.3883951e+08 6.255089 22.1003 15.29 313710 9332551 8728613 8021148 140 0 0 0 0 0 0 553 155366 4657231
15.3 0.129841 -0.110955 3.99785 17164 0.5000007 141669 105254 5 2 1.4364839e+08 6.255089 22.1003 15.3 342277 11195471 10590903 9802026 141 0 0 0 0 0 0 553 155494 4818540
15.31 0.129841 -0.110257 3.99787 17165 0.5000007 141711 105367 5 2 1.1458318e+08 6.255089 22.1003 15.31 272134 10582059 9979706 9065741 142 0 0 0 0 0 0 553 155499 3843577
15.32 0.129841 -0.10956 3.99789 17166 0.5000007 141750 105329 3 2 71479035 6.255089 22.1003 15.32 213176 8043211 7443842 6539417 143 0 0 0 0 0 0 553 155540 2397692
15.33 0.129841 -0.108862 3.99791 17167 0.5000007 141810 105372 5 2 35575166 6.255089 22.1003 15.33 154726 5251752 4655320 3906728 144 0 0 0 0 0 0 553 155631 1193333
15.34 0.129841 -0.108164 3.99793 17168 0.5000007 141750 105402 5 2 16394114 6.255089 22.1003 15.34 81446 3202676 2609918 1990474 145 0 0 0 0 0 0 553 155560 549924
15.35 0.129841 -0.107466 3.99795 17169 0.5000007 141812 105376 3 2 8111796 6.255089 22.1003 15.35 31598 2073030 1480558 953940 146 0 0 0 0 0 0 553 155616 272102
15.36 0.129841 -0.106768 3.99796 17170 0.5000007 141774 105311 4 2 4463750.5 6.255089 22.1003 15.36 9939 1532796 943341 481241 147 0 0 0 0 0 0 553 155575 149732
15.37 0.129841 -0.106071 3.99798 17171 0.5000007 141882 105503 4 2 2833771.4 6.255089 22.1003 15.37 4348 1288598 700627 286318 148 0 0 0 0 0 0 553 155672 95056
15.38 0.129841 -0.105373 3.998 17172 0.5000007 141859 105493 5 2 2056702.3 6.255089 22.1003 15.38 4435 1165351 578318 200679 149 0 0 0 0 0 0 553 155666 68990
15.39 0.129841 -0.104675 3.99802 17173 0.5000007 141794 105405 4 2 1642857.7 6.255089 22.1003 15.39 4307 1099953 512977 159373 150 0 0 0 0 0 0 553 155613 55108
15.4 0.129841 -0.103977 3.99804 17174 0.5000007 141825 105478 4 2 1404633.2 6.255089 22.1003 15.4 4217 1054175 470022 137822 151 0 0 0 0 0 0 553 155611 47117
15.41 0.129841 -0.10328 3.99806 17175 0.5000007 141890 105508 4 2 1254472.1 6.255089 22.1003 15.41 4291 1021698 439530 122223 152 0 0 0 0 0 0 553 155692 42080
15.42 0.129841 -0.102582 3.99807 17176 0.5000007 141896 105572 4 2 1139190.7 6.255089 22.1003 15.42 4356 999451 416261 111258 153 0 0 0 0 0 0 553 155686 38213
15.43 0.129841 -0.101884 3.99809 17177 0.5000007 141918 105610 5 2 1058460.9 6.255089 22.1003 15.43 4368 977487 396401 103421 154 0 0 0 0 0 0 553 155702 35505
15.44 0.129841 -0.101186 3.99811 17178 0.5000007 141712 105267 4 2 993352.32 6.255089 22.1003 15.44 4187 961248 381970 97481 155 0 0 0 0 0 0 553 155524 33321
15.45 0.129841 -0.100488 3.99813 17179 0.5000007 141741 105329 5 2 945474.89 6.255089 22.1003 15.45 4279 946516 367798 91439 156 0 0 0 0 0 0 553 155568 31715
15.46 0.129841 -0.0997906 3.99814 17180 0.5000007 141847 105576 5 2 915812.35 6.255089 22.1003 15.46 4262 934636 356761 87315 157 0 0 0 0 0 0 553 155618 30720
15.47 0.129841 -0.0990927 3.99816 17181 0.5000007 141813 105413 5 2 867636.81 6.255089 22.1003 15.47 4270 921869 345326 82537 158 0 0 0 0 0 0 553 155619 29104
15.48 0.129841 -0.0983949 3.99818 17182 0.5000007 142001 105680 5 2 863165.07 6.255089 22.1003 15.48 4389 911734 336179 79404 159 0 0 0 0 0 0 553 155822 28954
15.49 0.129841 -0.0976971 3.9982 17183 0.5000007 141837 105491 3 2 821965.44 6.255089 22.1003 15.49 4356 898452 325890 75320 160 0 0 0 0 0 0 553 155649 27572
15.5 0.129841 -0.0969993 3.99821 17184 0.5000007 141912 105499 4 2 807626.06 6.255089 22.1003 15.5 4426 889739 317683 72829 161 0 0 0 0 0 0 553 155700 27091
15.51 0.129841 -0.0963015 3.99823 17185 0.5000007 141787 105416 5 2 794002.15 6.255089 22.1003 15.51 4362 880359 310498 70161 162 0 0 0 0 0 0 553 155578 26634
15.52 0.129841 -0.0956037 3.99825 17186 0.5000007 141803 105444 4 2 768632.48 6.255089 22.1003 15.52 4251 873179 303482 67655 163 0 0 0 0 0 0 553 155618 25783
15.53 0.129841 -0.0949058 3.99826 17187 0.5000007 141760 105372 4 2 754471.97 6.255089 22.1003 15.53 4327 864016 297320 66020 164 0 0 0 0 0 0 553 155565 25308
15.54 0.129841 -0.094208 3.99828 17188 0.5000007 141763 105376 4 2 743322.43 6.255089 22.1003 15.54 4365 855797 291603 64121 165 0 0 0 0 0 0 553 155573 24934
15.55 0.129841 -0.0935102 3.9983 17189 0.5000007 141753 105344 5 2 727850.21 6.255089 22.1003 15.55 4382 848860 285385 62386 166 0 0 0 0 0 0 553 155546 24415
15.56 0.129841 -0.0928123 3.99831 17190 0.5000007 141713 105342 4 2 707608.14 6.255089 22.1003 15.56 4256 842356 279018 62386 167 0 0 0 0 0 0 553 155522 23736
15.57 0.129841 -0.0921145 3.99833 17191 0.5000007 141761 105407 3 2 697025.02 6.255089 22.1003 15.57 4416 837182 274933 59146 168 0 0 0 0 0 0 553 155577 23381
15.58 0.129841 -0.0914166 3.99834 17192 0.5000007 141622 105218 4 2 678124.47 6.255089 22.1003 15.58 4246 829717 268767 57516 169 0 0 0 0 0 0 553 155415 22747
15.59 0.129841 -0.0907188 3.99836 17193 0.5000007 141761 105413 4 2 676574.26 6.255089 22.1003 15.59 4366 823864 264910 56592 170 0 0 0 0 0 0 553 155550 22695
15.6 0.129841 -0.090021 3.99838 17194 0.5000007 141621 105212 4 2 652486.49 6.255089 22.1003 15.6 4358 817265 258967 54494 171 0 0 0 0 0 0 553 155414 21887
15.61 0.129841 -0.0893231 3.99839 17195 0.5000007 141815 105442 4 2 643751.69 6.255089 22.1003 15.61 4362 813347 256031 53590 172 0 0 0 0 0 0 553 155625 21594
15.62 0.129841 -0.0886253 3.99841 17197 0.5000007 141915 105556 4 2 639399.2 6.255089 22.1003 15.62 4572 809716 253639 52858 173 0 0 0 0 0 0 553 155718 21448
15.63 0.129841 -0.0879274 3.99842 17198 0.5000007 141849 105383 5 2 632333.85 6.255089 22.1003 15.63 4307 805299 249134 52217 174 0 0 0 0 0 0 553 155662 21211
15.64 0.129841 -0.0872295 3.99844 17199 0.5000007 141690 105206 4 2 616205.77 6.255089 22.1003 15.64 4316 794934 243351 50748 175 0 0 0 0 0 0 553 155517 20670
15.65 0.129841 -0.0865317 3.99845 17200 0.5000007 141729 105274 4 2 607918.15 6.255089 22.1003 15.65 4255 793990 240841 50010 176 0 0 0 0 0 0 553 155565 20392
15.66 0.129841 -0.0858338 3.99847 17201 0.5000007 141629 105174 5 2 597513.9 6.255089 22.1003 15.66 4335 785815 236777 48963 177 0 0 0 0 0 0 553 155445 20043
15.67 0.129841 -0.085136 3.99848 17202 0.5000007 141750 105289 4 2 592237.25 6.255089 22.1003 15.67 4253 783536 233831 48193 178 0 0 0 0 0 0 553 155552 19866
15.68 0.129841 -0.0844381 3.9985 17203 0.5000007 141752 105323 4 2 588630.04 6.255089 22.1003 15.68 4408 780746 231658 47543 179 0 0 0 0 0 0 553 155580 19745
15.69 0.129841 -0.0837402 3.99851 17204 0.5000007 141549 104989 5 2 570892.14 6.255089 22.1003 15.69 4362 773756 226758 46440 180 0 0 0 0 0 0 553 155341 19150
15.7 0.129841 -0.0830423 3.99853 17205 0.5000007 141526 104991 3 2 564572.08 6.255089 22.1003 15.7 4320 770558 224912 45706 181 0 0 0 0 0 0 553 155336 18938
15.71 0.129841 -0.0823445 3.99854 17206 0.5000007 141558 105100 4 2 554615.01 6.255089 22.1003 15.71 4281 765962 222409 45269 182 0 0 0 0 0 0 553 155373 18604
15.72 0.129841 -0.0816466 3.99856 17207 0.5000007 141470 104881 4 2 551931.96 6.255089 22.1003 15.72 4323 765518 220658 44879 183 0 0 0 0 0 0 553 155277 18514
15.73 0.129841 -0.0809487 3.99857 17208 0.5000007 141480 104920 4 2 542034.51 6.255089 22.1003 15.73 4314 758367 217376 44063 184 0 0 0 0 0 0 553 155288 18182
15.74 0.129841 -0.0802508 3.99858 17209 0.5000007 141363 104799 4 2 526204.55 6.255089 22.1003 15.74 4284 753796 214722 43062 185 0 0 0 0 0 0 553 155181 17651
15.75 0.129841 -0.0795529 3.9986 17210 0.5000007 141375 104844 4 2 528291.36 6.255089 22.1003 15.75 4394 749644 211061 42589 186 0 0 0 0 0 0 553 155193 17721
15.76 0.129841 -0.078855 3.99861 17211 0.5000007 141354 104737 5 2 521524.13 6.255089 22.1003 15.76 4227 746599 208748 41644 187 0 0 0 0 0 0 553 155176 17494
15.77 0.129841 -0.0781572 3.99863 17212 0.5000007 141474 104887 4 2 516038.8 6.255089 22.1003 15.77 4318 743945 206725 41224 188 0 0 0 0 0 0 553 155297 17310
15.78 0.129841 -0.0774593 3.99864 17213 0.5000007 141472 104910 4 2 504203.59 6.255089 22.1003 15.78 4413 739950 203591 40606 189 0 0 0 0 0 0 553 155288 16913
15.79 0.129841 -0.0767614 3.99865 17214 0.5000007 141330 104695 4 2 498330.71 6.255089 22.1003 15.79 4332 736235 201865 39869 190 0 0 0 0 0 0 553 155157 16716
15.8 0.129841 -0.0760635 3.99867 17215 0.5000007 141231 104592 4 2 494872.56 6.255089 22.1003 15.8 4151 733098 199459 39407 191 0 0 0 0 0 0 553 155049 16600
15.81 0.129841 -0.0753656 3.99868 17216 0.5000007 141317 104699 4 2 498062.4 6.255089 22.1003 15.81 4284 730357 198377 39569 192 0 0 0 0 0 0 553 155130 16707
15.82 0.129841 -0.0746677 3.99869 17217 0.5000007 141152 104412 4 2 483037.35 6.255089 22.1003 15.82 4235 726844 196203 38776 193 0 0 0 0 0 0 553 154981 16203
15.83 0.129841 -0.0739698 3.99871 17218 0.5000007 141125 104450 4 2 478118.44 6.255089 22.1003 15.83 4206 722971 194169 38191 194 0 0 0 0 0 0 553 154950 16038
15.84 0.129841 -0.0732719 3.99872 17219 0.5000007 141107 104373 4 2 468012.31 6.255089 22.1003 15.84 4419 720589 192144 37698 195 0 0 0 0 0 0 553 154921 15699
15.85 0.129841 -0.072574 3.99873 17220 0.5000007 141002 104281 4 2 470754.98 6.255089 22.1003 15.85 4118 715964 190037 37275 196 0 0 0 0 0 0 553 154820 15791
15.86 0.129841 -0.071876 3.99874 17221 0.5000007 141101 104349 4 2 468906.66 6.255089 22.1003 15.86 4224 714595 189003 37093 197 0 0 0 0 0 0 553 154921 15729
15.87 0.129841 -0.0711781 3.99876 17222 0.5000007 140928 104189 5 2 457906.18 6.255089 22.1003 15.87 4352 710785 186298 36372 198 0 0 0 0 0 0 553 154770 15360
15.88 0.129841 -0.0704802 3.99877 17223 0.5000007 141059 104267 4 2 454895.2 6.255089 22.1003 15.88 4227 708642 185061 36478 199 0 0 0 0 0 0 553 154906 15259
15.89 0.129841 -0.0697823 3.99878 17224 0.5000007 140939 104141 5 2 442851.32 6.255089 22.1003 15.89 4239 705060 183055 35329 200 0 0 0 0 0 0 553 154752 14855
15.9 0.129841 -0.0690844 3.99879 17225 0.5000007 140865 103979 4 2 444759.26 6.255089 22.1003 15.9 4389 703430 182487 35283 201 0 0 0 0 0 0 553 154687 14919
15.91 0.129841 -0.0683865 3.9988 17226 0.5000007 141018 104243 5 2 444431.33 6.255089 22.1003 15.91 4365 701066 181301 35266 202 0 0 0 0 0 0 553 154826 14908
15.92 0.129841 -0.0676885 3.99882 17227 0.5000007 141061 104338 5 2 432298.01 6.255089 22.1003 15.92 4372 699550 179584 34667 203 0 0 0 0 0 0 553 154862 14501
15.93 0.129841 -0.0669906 3.99883 17228 0.5000007 140928 104182 5 2 437604.48 6.255089 22.1003 15.93 4330 695637 178012 34474 204 0 0 0 0 0 0 553 154754 14679
15.94 0.129841 -0.0662927 3.99884 17229 0.5000007 140934 104155 4 2 425679.84 6.255089 22.1003 15.94 4283 692875 176562 33780 205 0 0 0 0 0 0 553 154760 14279
15.95 0.129841 -0.0655947 3.99885 17230 0.5000007 140847 103953 3 2 426961.74 6.255089 22.1003 15.95 4165 690438 174806 33961 206 0 0 0 0 0 0 553 154677 14322
15.96 0.129841 -0.0648968 3.99886 17231 0.5000007 140870 104056 5 2 416169.94 6.255089 22.1003 15.96 4388 689370 174247 33326 207 0 0 0 0 0 0 553 154706 13960
15.97 0.129841 -0.0641989 3.99887 17232 0.5000007 140710 103794 4 2 419479.02 6.255089 22.1003 15.97 4178 686770 172812 33181 208 0 0 0 0 0 0 553 154586 14071
15.98 0.129841 -0.0635009 3.99888 17233 0.5000007 140704 103844 4 2 406809.09 6.255089 22.1003 15.98 4426 681794 171396 32935 209 0 0 0 0 0 0 553 154525 13646
15.99 0.129841 -0.062803 3.9989 17234 0.5000007 140696 103796 4 2 413039.72 6.255089 22.1003 15.99 4099 681075 170697 32807 210 0 0 0 0 0 0 553 154523 13855
16 0.129841 -0.0621051 3.99891 17235 0.5000007 140639 103760 4 2 405258.89 6.255089 22.1003 16 4240 678367 169475 32255 211 0 0 0 0 0 0 553 154498 13594
16.01 0.129841 -0.0614071 3.99892 17236 0.5000007 140594 103665 5 2 401621.88 6.255089 22.1003 16.01 4152 677309 168371 32212 212 0 0 0 0 0 0 553 154461 13472
16.02 0.129841 -0.0607092 3.99893 17237 0.5000007 140639 103781 5 2 393423.69 6.255089 22.1003 16.02 4098 674956 167033 31727 213 0 0 0 0 0 0 553 154455 13197
16.03 0.129841 -0.0600112 3.99894 17238 0.5000007 140645 103689 4 2 400906.4 6.255089 22.1003 16.03 4284 675071 167082 31962 214 0 0 0 0 0 0 553 154489 13448
16.04 0.129841 -0.0593133 3.99895 17239 0.5000007 140529 103542 5 2 388296.09 6.255089 22.1003 16.04 4140 672925 164994 31219 215 0 0 0 0 0 0 553 154365 13025
16.05 0.129841 -0.0586153 3.99896 17240 0.5000007 140585 103634 4 2 397358.82 6.255089 22.1003 16.05 4260 669258 164125 31400 216 0 0 0 0 0 0 553 154440 13329
16.06 0.129841 -0.0579174 3.99897 17241 0.5000007 140477 103527 5 2 387670.05 6.255089 22.1003 16.06 4294 665752 163315 31041 217 0 0 0 0 0 0 553 154296 13004
16.07 0.129841 -0.0572194 3.99898 17242 0.5000007 140533 103650 5 2 380425.83 6.255089 22.1003 16.07 4286 664707 162059 30551 218 0 0 0 0 0 0 553 154367 12761
16.08 0.129841 -0.0565215 3.99899 17243 0.5000007 140481 103535 3 2 381737.54 6.255089 22.1003 16.08 4266 662440 161307 30382 219 0 0 0 0 0 0 553 154325 12805
16.09 0.129841 -0.0558235 3.999 17244 0.5000007 140507 103588 4 2 377772.6 6.255089 22.1003 16.09 4156 661733 160832 30327 220 0 0 0 0 0 0 553 154353 12672
16.1 0.129841 -0.0551256 3.99901 17245 0.5000007 140438 103481 4 2 379471.86 6.255089 22.1003 16.1 4238 661028 161071 30388 221 0 0 0 0 0 0 553 154270 12729
16.11 0.129841 -0.0544276 3.99902 17246 0.5000007 140483 103543 4 2 372376.7 6.255089 22.1003 16.11 4316 660053 159925 30162 222 0 0 0 0 0 0 553 154304 12491
16.12 0.129841 -0.0537296 3.99903 17248 0.5000007 140424 103468 4 2 374910.68 6.255089 22.1003 16.12 4271 658598 159120 30060 223 0 0 0 0 0 0 553 154261 12576
16.13 0.129841 -0.0530317 3.99904 17249 0.5000007 140412 103461 5 2 373748.03 6.255089 22.1003 16.13 4294 658171 158624 29928 224 0 0 0 0 0 0 553 154245 12537
16.14 0.129841 -0.0523337 3.99905 17250 0.5000007 140461 103483 4 2 370319.7 6.255089 22.1003 16.14 4248 657071 158406 29657 225 0 0 0 0 0 0 553 154289 12422
16.15 0.129841 -0.0516357 3.99906 17251 0.5000007 140444 103496 5 2 370558.19 6.255089 22.1003 16.15 4184 656876 158347 30029 226 0 0 0 0 0 0 553 154255 12430
16.16 0.129841 -0.0509378 3.99906 17252 0.5000007 140350 103414 4 2 366742.3 6.255089 22.1003 16.16 4326 655967 157714 29784 227 0 0 0 0 0 0 553 154174 12302
16.17 0.129841 -0.0502398 3.99907 17253 0.5000007 140374 103339 5 2 359915.45 6.255089 22.1003 16.17 4198 652455 156607 29302 228 0 0 0 0 0 0 553 154201 12073
16.18 0.129841 -0.0495418 3.99908 17254 0.5000007 140337 103387 4 2 364446.81 6.255089 22.1003 16.18 4311 648089 154104 29359 229 0 0 0 0 0 0 553 154176 12225
16.19 0.129841 -0.0488439 3.99909 17255 0.5000007 140163 103167 4 2 356576.55 6.255089 22.1003 16.19 4287 646301 153748 28801 230 0 0 0 0 0 0 553 153988 11961
16.2 0.129841 -0.0481459 3.9991 17256 0.5000007 140284 103333 4 2 353833.88 6.255089 22.1003 16.2 4311 643222 152232 28271 231 0 0 0 0 0 0 553 154113 11869
16.21 0.129841 -0.0474479 3.99911 17257 0.5000007 140302 103354 4 2 351538.39 6.255089 22.1003 16.21 4196 641502 151378 28351 232 0 0 0 0 0 0 553 154114 11792
16.22 0.129841 -0.0467499 3.99912 17258 0.5000007 140267 103273 4 2 351091.21 6.255089 22.1003 16.22 4140 639097 150580 28103 233 0 0 0 0 0 0 553 154116 11777
16.23 0.129841 -0.046052 3.99912 17259 0.5000007 140301 103377 5 2 349839.13 6.255089 22.1003 16.23 4330 637383 149988 28052 234 0 0 0 0 0 0 553 154135 11735
16.24 0.129841 -0.045354 3.99913 17260 0.5000007 140321 103359 4 2 356189 6.255089 22.1003 16.24 4200 638517 150154 28271 235 0 0 0 0 0 0 553 154153 11948
16.25 0.129841 -0.044656 3.99914 17261 0.5000007 140319 103366 4 2 349988.18 6.255089 22.1003 16.25 4374 637950 149465 28005 236 0 0 0 0 0 0 553 154147 11740
16.26 0.129841 -0.043958 3.99915 17262 0.5000007 140343 103383 5 2 348288.92 6.255089 22.1003 16.26 4390 637207 149385 27840 237 0 0 0 0 0 0 553 154159 11683
16.27 0.129841 -0.04326 3.99916 17263 0.5000007 140298 103324 3 2 352134.62 6.255089 22.1003 16.27 4448 634117 148670 27846 238 0 0 0 0 0 0 553 154123 11812
16.28 0.129841 -0.0425621 3.99916 17264 0.5000007 140309 103290 5 2 349451.58 6.255089 22.1003 16.28 4444 633473 147937 27681 239 0 0 0 0 0 0 553 154125 11722
16.29 0.129841 -0.0418641 3.99917 17265 0.5000007 140304 103344 4 2 347573.44 6.255089 22.1003 16.29 4145 629750 146546 27685 240 0 0 0 0 0 0 553 154133 11659
16.3 0.129841 -0.0411661 3.99918 17266 0.5000007 140361 103393 4 2 346887.78 6.255089 22.1003 16.3 4247 629868 146748 27428 241 0 0 0 0 0 0 553 154195 11636
16.31 0.129841 -0.0404681 3.99918 17267 0.5000007 140250 103274 5 2 339077.14 6.255089 22.1003 16.31 4257 629163 146233 27055 242 0 0 0 0 0 0 553 154078 11374
16.32 0.129841 -0.0397701 3.99919 17268 0.5000007 140092 103000 5 2 338480.91 6.255089 22.1003 16.32 4051 626162 145235 27278 243 0 0 0 0 0 0 553 153939 11354
16.33 0.129841 -0.0390721 3.9992 17269 0.5000007 140209 103231 3 2 342058.3 6.255089 22.1003 16.33 4222 625174 144345 27097 244 0 0 0 0 0 0 553 154058 11474
16.34 0.129841 -0.0383741 3.99921 17270 0.5000007 140207 103253 5 2 336125.79 6.255089 22.1003 16.34 4416 623997 144308 26991 245 0 0 0 0 0 0 553 154018 11275
16.35 0.129841 -0.0376761 3.99921 17271 0.5000007 140199 103303 4 2 332190.66 6.255089 22.1003 16.35 4169 622493 143785 26472 246 0 0 0 0 0 0 553 154036 11143
16.36 0.129841 -0.0369781 3.99922 17272 0.5000007 140291 103360 4 2 335380.5 6.255089 22.1003 16.36 4293 622110 143774 26763 247 0 0 0 0 0 0 553 154119 11250
16.37 0.129841 -0.0362801 3.99922 17273 0.5000007 140374 103503 4 2 333770.67 6.255089 22.1003 16.37 4418 621645 143081 26675 248 0 0 0 0 0 0 553 154184 11196
16.38 0.129841 -0.0355821 3.99923 17274 0.5000007 140252 103233 3 2 328881.57 6.255089 22.1003 16.38 4264 620819 143449 26538 249 0 0 0 0 0 0 553 154034 11032
16.39 0.129841 -0.0348841 3.99924 17275 0.5000007 140339 103435 5 2 333323.5 6.255089 22.1003 16.39 4330 618902 142191 26625 250 0 0 0 0 0 0 553 154157 11181
16.4 0.129841 -0.0341861 3.99924 17276 0.5000007 140272 103288 3 2 334128.41 6.255089 22.1003 16.4 4286 616761 141432 26386 251 0 0 0 0 0 0 553 154080 11208
16.41 0.129841 -0.0334881 3.99925 17277 0.5000007 140321 103438 4 2 327867.98 6.255089 22.1003 16.41 4368 617411 142006 26397 252 0 0 0 0 0 0 553 154141 10998
16.42 0.129841 -0.0327901 3.99925 17278 0.5000007 140273 103311 3 2 334665.02 6.255089 22.1003 16.42 4168 615382 140958 26176 253 0 0 0 0 0 0 553 154097 11226
16.43 0.129841 -0.0320921 3.99926 17279 0.5000007 140260 103272 4 2 323127.93 6.255089 22.1003 16.43 4276 613738 140699 25904 254 0 0 0 0 0 0 553 154109 10839
16.44 0.129841 -0.0313941 3.99927 17280 0.5000007 140286 103422 5 2 323813.6 6.255089 22.1003 16.44 4224 613345 140519 25920 255 0 0 0 0 0 0 553 154113 10862
16.45 0.129841 -0.0306961 3.99927 17281 0.5000007 140307 103424 4 2 323992.47 6.255089 22.1003 16.45 4225 611024 139273 26006 256 0 0 0 0 0 0 553 154121 10868
16.46 0.129841 -0.0299981 3.99928 17282 0.5000007 140330 103362 5 2 321369.05 6.255089 22.1003 16.46 4258 611713 139756 25713 257 0 0 0 0 0 0 553 154163 10780
16.47 0.129841 -0.0293001 3.99928 17283 0.5000007 140351 103398 4 2 323276.99 6.255089 22.1003 16.47 4217 610307 139361 25726 258 0 0 0 0 0 0 553 154193 10844
16.48 0.129841 -0.0286021 3.99929 17284 0.5000007 140363 103484 5 2 318626.38 6.255089 22.1003 16.48 4376 609379 139270 25593 259 0 0 0 0 0 0 553 154207 10688
16.49 0.129841 -0.0279041 3.99929 17285 0.5000007 140315 103440 4 2 320355.45 6.255089 22.1003 16.49 4235 609365 138542 25715 260 0 0 0 0 0 0 553 154124 10746
16.5 0.129841 -0.0272061 3.9993 17286 0.5000007 140330 103449 5 2 323932.85 6.255089 22.1003 16.5 4335 606679 137411 25752 261 0 0 0 0 0 0 553 154123 10866
16.51 0.129841 -0.0265081 3.9993 17287 0.5000007 140263 103382 5 2 321756.6 6.255089 22.1003 16.51 4301 605434 137588 25612 262 0 0 0 0 0 0 553 154078 10793
16.52 0.129841 -0.0258101 3.99931 17288 0.5000007 140275 103333 4 2 321041.12 6.255089 22.1003 16.52 4192 604208 137364 25366 263 0 0 0 0 0 0 553 154088 10769
16.53 0.129841 -0.0251121 3.99931 17289 0.5000007 140303 103425 4 2 317284.86 6.255089 22.1003 16.53 4243 603654 137028 25356 264 0 0 0 0 0 0 553 154121 10643
16.54 0.129841 -0.0244141 3.99931 17290 0.5000007 140374 103464 4 2 317881.09 6.255089 22.1003 16.54 4367 603004 136597 25338 265 0 0 0 0 0 0 553 154185 10663
16.55 0.129841 -0.023716 3.99932 17291 0.5000007 140396 103495 4 2 315019.18 6.255089 22.1003 16.55 4357 601577 135957 25176 266 0 0 0 0 0 0 553 154205 10567
16.56 0.129841 -0.023018 3.99932 17293 0.5000007 140358 103497 4 2 314303.7 6.255089 22.1003 16.56 4294 601316 136032 24983 267 0 0 0 0 0 0 553 154195 10543
16.57 0.129841 -0.02232 3.99933 17294 0.5000007 140353 103382 5 2 315913.53 6.255089 22.1003 16.57 4223 600927 136591 25430 268 0 0 0 0 0 0 553 154174 10597
16.58 0.129841 -0.021622 3.99933 17295 0.5000007 140438 103629 4 2 314780.68 6.255089 22.1003 16.58 4409 600980 136186 25191 269 0 0 0 0 0 0 553 154274 10559
16.59 0.129841 -0.020924 3.99933 17296 0.5000007 140365 103464 4 2 315376.92 6.255089 22.1003 16.59 4250 597248 135433 25329 270 0 0 0 0 0 0 553 154182 10579
16.6 0.129841 -0.020226 3.99934 17297 0.5000007 140393 103578 5 2 311292.73 6.255089 22.1003 16.6 4363 598607 135418 24916 271 0 0 0 0 0 0 553 154200 10442
16.61 0.129841 -0.0195279 3.99934 17298 0.5000007 140520 103732 4 2 310607.06 6.255089 22.1003 16.61 4392 598526 135355 24945 272 0 0 0 0 0 0 553 154346 10419
16.62 0.129841 -0.0188299 3.99934 17299 0.5000007 140397 103565 4 2 307894.2 6.255089 22.1003 16.62 4415 598851 135523 24762 273 0 0 0 0 0 0 553 154214 10328
16.63 0.129841 -0.0181319 3.99935 17300 0.5000007 140473 103718 4 2 311531.22 6.255089 22.1003 16.63 4256 596295 134417 24855 274 0 0 0 0 0 0 553 154288 10450
16.64 0.129841 -0.0174339 3.99935 17301 0.5000007 140441 103633 5 2 311710.09 6.255089 22.1003 16.64 4389 596375 134462 24784 275 0 0 0 0 0 0 553 154238 10456
16.65 0.129841 -0.0167359 3.99935 17302 0.5000007 140456 103618 5 2 311471.6 6.255089 22.1003 16.65 4351 593667 133788 24892 276 0 0 0 0 0 0 553 154262 10448
16.66 0.129841 -0.0160379 3.99936 17303 0.5000007 140458 103610 5 2 309742.52 6.255089 22.1003 16.66 4472 596161 134228 24881 277 0 0 0 0 0 0 553 154273 10390
16.67 0.129841 -0.0153398 3.99936 17304 0.5000007 140430 103621 4 2 304913.04 6.255089 22.1003 16.67 4390 593012 133039 24492 278 0 0 0 0 0 0 553 154233 10228
16.68 0.129841 -0.0146418 3.99936 17305 0.5000007 140479 103675 4 2 303780.2 6.255089 22.1003 16.68 4401 593506 133403 24478 279 0 0 0 0 0 0 553 154313 10190
16.69 0.129841 -0.0139438 3.99936 17306 0.5000007 140464 103700 4 2 310010.83 6.255089 22.1003 16.69 4248 595939 134008 24678 280 0 0 0 0 0 0 553 154279 10399
16.7 0.129841 -0.0132458 3.99937 17307 0.5000007 140532 103778 4 2 304257.19 6.255089 22.1003 16.7 4379 594933 133464 24515 281 0 0 0 0 0 0 553 154328 10206
16.71 0.129841 -0.0125478 3.99937 17308 0.5000007 140488 103711 3 2 307745.15 6.255089 22.1003 16.71 4360 591438 132469 24329 282 0 0 0 0 0 0 553 154312 10323
16.72 0.129841 -0.0118497 3.99937 17309 0.5000007 140529 103748 5 2 312962.18 6.255089 22.1003 16.72 4257 590983 132828 24671 283 0 0 0 0 0 0 553 154347 10498
16.73 0.129841 -0.0111517 3.99937 17310 0.5000007 140676 103955 4 2 309414.6 6.255089 22.1003 16.73 4437 590045 132761 24513 284 0 0 0 0 0 0 553 154498 10379
16.74 0.129841 -0.0104537 3.99938 17311 0.5000007 140564 103819 4 2 303362.84 6.255089 22.1003 16.74 4404 588085 131422 24129 285 0 0 0 0 0 0 553 154384 10176
16.75 0.129841 -0.00975567 3.99938 17312 0.5000007 140563 103760 4 2 304257.19 6.255089 22.1003 16.75 4422 587988 131916 24312 286 0 0 0 0 0 0 553 154390 10206
16.76 0.129841 -0.00905764 3.99938 17313 0.5000007 140608 103831 4 2 309682.9 6.255089 22.1003 16.76 4367 588429 131862 24443 287 0 0 0 0 0 0 553 154430 10388
16.77 0.129841 -0.00835962 3.99938 17314 0.5000007 140642 103853 4 2 303273.41 6.255089 22.1003 16.77 4353 587767 131506 24354 288 0 0 0 0 0 0 553 154480 10173
16.78 0.129841 -0.0076616 3.99938 17315 0.5000007 138142 101920 5 2 299725.83 6.255089 22.1003 16.78 4102 575401 128499 23964 289 0 0 0 0 0 0 553 151860 10054
16.79 0.129841 -0.00696357 3.99938 17316 0.5000007 141240 104440 5 2 300351.87 6.255089 22.1003 16.79 4464 588960 131528 24342 290 0 0 0 0 0 0 553 155048 10075
16.8 0.129841 -0.00626555 3.99938 17317 0.5000007 141266 104413 4 2 308251.94 6.255089 22.1003 16.8 4514 589757 132815 24813 291 0 0 0 0 0 0 553 155067 10340
16.81 0.129841 -0.00556752 3.99939 17318 0.5000007 141311 104497 4 2 299785.45 6.255089 22.1003 16.81 4512 587697 131401 23946 292 0 0 0 0 0 0 553 155119 10056
16.82 0.129841 -0.0048695 3.99939 17319 0.5000007 141259 104467 4 2 303333.03 6.255089 22.1003 16.82 4479 587114 131768 24305 293 0 0 0 0 0 0 553 155061 10175
16.83 0.129841 -0.00417147 3.99939 17320 0.5000007 141279 104450 3 2 304287 6.255089 22.1003 16.83 4435 586008 131323 24354 294 0 0 0 0 0 0 553 155081 10207
16.84 0.129841 -0.00347345 3.99939 17321 0.5000007 141333 104537 4 2 300530.74 6.255089 22.1003 16.84 4382 586481 130902 24241 295 0 0 0 0 0 0 553 155154 10081
16.85 0.129841 -0.00277543 3.99939 17322 0.5000007 141274 104423 4 2 299874.88 6.255089 22.1003 16.85 4267 586221 130679 23903 296 0 0 0 0 0 0 553 155076 10059
16.86 0.129841 -0.0020774 3.99939 17323 0.5000007 141359 104552 4 2 302289.62 6.255089 22.1003 16.86 4486 586092 130800 24174 297 0 0 0 0 0 0 553 155184 10140
16.87 0.129841 -0.00137938 3.99939 17324 0.5000007 141352 104571 5 2 303690.77 6.255089 22.1003 16.87 4505 584627 130809 24084 298 0 0 0 0 0 0 553 155163 10187
16.88 0.129841 -0.00068135 3.99939 17325 0.5000007 141417 104665 5 2 306552.68 6.255089 22.1003 16.88 4522 583495 130051 23975 299 0 0 0 0 0 0 553 155227 10283
16.89 0.129841 1.66748e-05 3.99939 17326 0.5000007 141289 104466 5 2 302617.55 6.255089 22.1003 16.89 4281 583642 130382 24059 300 0 0 0 0 0 0 553 155088 