Eta  H  K  L  Epoch  Sec  ion1  Hubmon  scan_bar  Filters  Correct  Qmag  Energy  Graze  p_peak  p_total  p_del_s  p_nu_s  p_image  p_xcen  p_xsig  p_ycen  p_ysig  power  tempsp  gun_on  ion0  p_point
23.3 -0.202937 -0.22596 5.9976 59160 1.0000007 280834 102378 6 2 493024.24 9.3873904 22.1003 23.3 210 1014960 221597 39691 0 0 0 0 0 0 0 553 309214 16538
23.306625 -0.202937 -0.225266 5.99763 59161 1.0000007 280990 102334 6 2 487986.08 9.3873904 22.1003 23.306625 216 1016457 221169 39869 1 0 0 0 0 0 0 553 309390 16369
23.313375 -0.202937 -0.22456 5.99766 59162 1.0000007 280930 102386 6 2 489834.4 9.3873904 22.1003 23.313375 192 1017613 221198 40161 2 0 0 0 0 0 0 553 309315 16431
23.32 -0.202937 -0.223866 5.99768 59164 1.0000007 280807 102170 5 2 488731.37 9.3873904 22.1003 23.32 230 1017744 222169 39803 3 0 0 0 0 0 0 553 309205 16394
23.326625 -0.202937 -0.223173 5.99771 59166 1.0000007 280903 102377 5 2 493203.11 9.3873904 22.1003 23.326625 198 1017158 220891 39701 4 0 0 0 0 0 0 553 309280 16544
23.333375 -0.202937 -0.222466 5.99773 59167 1.0000007 280963 102318 5 2 491533.66 9.3873904 22.1003 23.333375 203 1016436 221300 40077 5 0 0 0 0 0 0 553 309368 16488
23.34 -0.202937 -0.221773 5.99776 59169 1.0000007 280964 102411 6 2 491921.21 9.3873904 22.1003 23.34 209 1016352 221710 39794 6 0 0 0 0 0 0 553 309361 16501
23.346625 -0.202937 -0.221079 5.99778 59170 1.0000007 280856 102180 5 2 488850.62 9.3873904 22.1003 23.346625 210 1016095 221824 39996 7 0 0 0 0 0 0 553 309237 16398
23.353375 -0.202937 -0.220373 5.99781 59171 1.0000007 280789 102289 5 2 495140.86 9.3873904 22.1003 23.353375 211 1020376 221848 39837 8 0 0 0 0 0 0 553 309208 16609
23.36 -0.202937 -0.219679 5.99784 59173 1.0000007 280847 102210 5 2 498748.07 9.3873904 22.1003 23.36 226 1017017 222027 40200 9 0 0 0 0 0 0 553 309226 16730
23.366625 -0.202937 -0.218986 5.99786 59174 1.0000007 280864 102297 5 2 486584.94 9.3873904 22.1003 23.366625 255 1017402 220849 39849 10 0 0 0 0 0 0 553 309265 16322
23.373375 -0.202937 -0.218279 5.99789 59176 1.0000007 280945 102249 5 2 489595.91 9.3873904 22.1003 23.373375 237 1018447 222515 39999 11 0 0 0 0 0 0 553 309343 16423
23.38 -0.202937 -0.217585 5.99791 59177 1.0000007 280845 102363 5 2 495737.1 9.3873904 22.1003 23.38 208 1018349 222941 40217 12 0 0 0 0 0 0 553 309236 16629
23.386625 -0.202937 -0.216892 5.99794 59179 1.0000007 280886 102292 5 2 490997.05 9.3873904 22.1003 23.386625 243 1018810 221752 39668 13 0 0 0 0 0 0 553 309276 16470
23.393375 -0.202937 -0.216185 5.99796 59181 1.0000007 280885 102365 5 2 497823.91 9.3873904 22.1003 23.393375 210 1020691 222646 40386 14 0 0 0 0 0 0 553 309294 16699
23.4 -0.202937 -0.215492 5.99799 59182 1.0000007 280884 102293 5 2 495230.3 9.3873904 22.1003 23.4 247 1021774 222502 39900 15 0 0 0 0 0 0 553 309264 16612
23.406625 -0.202937 -0.214798 5.99801 59184 1.0000007 280753 102277 6 2 498569.2 9.3873904 22.1003 23.406625 220 1018509 222457 40104 16 0 0 0 0 0 0 553 309132 16724
23.413375 -0.202937 -0.214092 5.99804 59185 1.0000007 280788 102260 6 2 498956.75 9.3873904 22.1003 23.413375 230 1019637 222425 40293 17 0 0 0 0 0 0 553 309161 16737
23.42 -0.202937 -0.213398 5.99806 59187 1.0000007 280819 102411 6 2 495856.34 9.3873904 22.1003 23.42 227 1021267 223256 40194 18 0 0 0 0 0 0 553 309234 16633
23.426625 -0.202937 -0.212705 5.99809 59188 1.0000007 280836 102276 5 2 502236.03 9.3873904 22.1003 23.426625 241 1020782 223566 40517 19 0 0 0 0 0 0 553 309202 16847
23.433375 -0.202937 -0.211998 5.99811 59190 1.0000007 280953 102458 6 2 486376.25 9.3873904 22.1003 23.433375 216 1022230 222891 39799 20 0 0 0 0 0 0 553 309346 16315
23.44 -0.202937 -0.211304 5.99814 59191 1.0000007 280953 102345 5 2 500029.97 9.3873904 22.1003 23.44 223 1022648 223099 40182 21 0 0 0 0 0 0 553 309337 16773
23.446625 -0.202937 -0.210611 5.99816 59193 1.0000007 280904 102448 5 2 489566.1 9.3873904 22.1003 23.446625 215 1023128 222872 39911 22 0 0 0 0 0 0 553 309277 16422
23.453375 -0.202937 -0.209904 5.99819 59194 1.0000007 281070 102376 6 2 499076 9.3873904 22.1003 23.453375 243 1023833 223003 40366 23 0 0 0 0 0 0 553 309446 16741
23.46 -0.202937 -0.209211 5.99821 59196 1.0000007 280940 102483 6 2 496094.84 9.3873904 22.1003 23.46 216 1023210 222623 40170 24 0 0 0 0 0 0 553 309296 16641
23.466625 -0.202937 -0.208517 5.99823 59197 1.0000007 280926 102395 6 2 489983.46 9.3873904 22.1003 23.466625 236 1024079 223754 40298 25 0 0 0 0 0 0 553 309291 16436
23.473375 -0.202937 -0.20781 5.99826 59199 1.0000007 280938 102527 5 2 500715.63 9.3873904 22.1003 23.473375 234 1026382 223961 40492 26 0 0 0 0 0 0 553 309338 16796
23.48 -0.202937 -0.207117 5.99828 59200 1.0000007 281176 102533 5 2 503190 9.3873904 22.1003 23.48 220 1027878 223696 40712 27 0 0 0 0 0 0 553 309572 16879
23.486625 -0.202937 -0.206423 5.99831 59201 1.0000007 281132 102617 4 2 493799.34 9.3873904 22.1003 23.486625 239 1025904 223850 40112 28 0 0 0 0 0 0 553 309516 16564
23.493375 -0.202937 -0.205717 5.99833 59203 1.0000007 281224 102550 5 2 497823.91 9.3873904 22.1003 23.493375 225 1029968 225147 40174 29 0 0 0 0 0 0 553 309594 16699
23.5 -0.202937 -0.205023 5.99835 59204 1.0000007 281112 102638 5 2 502325.46 9.3873904 22.1003 23.5 207 1031063 225635 41155 30 0 0 0 0 0 0 553 309476 16850
23.506625 -0.202937 -0.204329 5.99838 59206 1.0000007 281287 102712 5 2 490520.07 9.3873904 22.1003 23.506625 219 1029622 224076 40012 31 0 0 0 0 0 0 553 309641 16454
23.513375 -0.202937 -0.203623 5.9984 59207 1.0000007 281205 102749 6 2 504740.2 9.3873904 22.1003 23.513375 218 1030143 225297 40658 32 0 0 0 0 0 0 553 309577 16931
23.52 -0.202937 -0.202929 5.99843 59209 1.0000007 281364 102717 6 2 499970.34 9.3873904 22.1003 23.52 239 1031282 226204 40538 33 0 0 0 0 0 0 553 309739 16771
23.526625 -0.202937 -0.202236 5.99845 59210 1.0000007 281249 102771 5 2 503011.13 9.3873904 22.1003 23.526625 259 1032021 225605 40680 34 0 0 0 0 0 0 553 309593 16873
23.533375 -0.202937 -0.201529 5.99847 59212 1.0000007 281478 102819 5 2 499910.72 9.3873904 22.1003 23.533375 243 1032058 225479 40445 35 0 0 0 0 0 0 553 309821 16769
23.54 -0.202937 -0.200835 5.9985 59213 1.0000007 281493 102928 6 2 503219.81 9.3873904 22.1003 23.54 222 1034955 226599 40752 36 0 0 0 0 0 0 553 309849 16880
23.546625 -0.202937 -0.200142 5.99852 59215 1.0000007 281558 102919 6 2 503577.55 9.3873904 22.1003 23.546625 252 1034236 226953 40941 37 0 0 0 0 0 0 553 309921 16892
23.553375 -0.202937 -0.199435 5.99854 59216 1.0000007 281533 102977 6 2 499374.11 9.3873904 22.1003 23.553375 223 1034972 226944 41021 38 0 0 0 0 0 0 553 309890 16751
23.56 -0.202937 -0.198741 5.99857 59218 1.0000007 281664 103006 5 2 504293.03 9.3873904 22.1003 23.56 231 1035060 226255 41081 39 0 0 0 0 0 0 553 310030 16916
23.566625 -0.202937 -0.198048 5.99859 59219 1.0000007 281665 103060 6 2 507244.37 9.3873904 22.1003 23.566625 205 1037644 227444 41323 40 0 0 0 0 0 0 553 310022 17015
23.573375 -0.202937 -0.197341 5.99861 59221 1.0000007 281778 103108 5 2 511298.75 9.3873904 22.1003 23.573375 244 1038181 227683 41245 41 0 0 0 0 0 0 553 310136 17151
23.58 -0.202937 -0.196648 5.99864 59222 1.0000007 281678 103053 5 2 506051.91 9.3873904 22.1003 23.58 207 1039582 227922 41128 42 0 0 0 0 0 0 553 310021 16975
23.586625 -0.202937 -0.195954 5.99866 59224 1.0000007 281860 103216 4 2 511954.61 9.3873904 22.1003 23.586625 240 1039546 228378 41406 43 0 0 0 0 0 0 553 310189 17173
23.593375 -0.202937 -0.195247 5.99868 59225 1.0000007 281905 103203 6 2 507512.68 9.3873904 22.1003 23.593375 225 1038964 228762 41302 44 0 0 0 0 0 0 553 310227 17024
23.6 -0.202937 -0.194554 5.9987 59227 1.0000007 281896 103219 4 2 501073.37 9.3873904 22.1003 23.6 215 1040738 228147 41146 45 0 0 0 0 0 0 553 310227 16808
23.606625 -0.202937 -0.19386 5.99873 59228 1.0000007 281885 103274 6 2 510672.71 9.3873904 22.1003 23.606625 241 1043037 229377 41145 46 0 0 0 0 0 0 553 310227 17130
23.613375 -0.202937 -0.193153 5.99875 59230 1.0000007 282182 103465 4 2 502742.82 9.3873904 22.1003 23.613375 255 1044641 228985 41208 47 0 0 0 0 0 0 553 310537 16864
23.62 -0.202937 -0.19246 5.99877 59231 1.0000007 282006 103348 6 2 508824.39 9.3873904 22.1003 23.62 226 1045068 228686 41578 48 0 0 0 0 0 0 553 310346 17068
23.626625 -0.202937 -0.191766 5.99879 59233 1.0000007 282168 103475 5 2 515532 9.3873904 22.1003 23.626625 236 1046324 230432 41684 49 0 0 0 0 0 0 553 310509 17293
23.633375 -0.202937 -0.191059 5.99882 59234 1.0000007 282056 103385 5 2 509659.11 9.3873904 22.1003 23.633375 241 1046861 230555 41647 50 0 0 0 0 0 0 553 310396 17096
23.64 -0.202937 -0.190366 5.99884 59236 1.0000007 282149 103554 5 2 511477.62 9.3873904 22.1003 23.64 279 1048457 230450 41566 51 0 0 0 0 0 0 553 310463 17157
23.646625 -0.202937 -0.189672 5.99886 59237 1.0000007 282138 103474 6 2 518841.09 9.3873904 22.1003 23.646625 216 1050178 231178 42073 52 0 0 0 0 0 0 553 310458 17404
23.653375 -0.202937 -0.188965 5.99888 59239 1.0000007 282274 103528 5 2 515681.06 9.3873904 22.1003 23.653375 229 1050608 232851 41685 53 0 0 0 0 0 0 553 310607 17298
23.66 -0.202937 -0.188272 5.9989 59240 1.0000007 282179 103462 5 2 519914.3 9.3873904 22.1003 23.66 229 1049504 232123 41950 54 0 0 0 0 0 0 553 310501 17440
23.666625 -0.202937 -0.187578 5.99893 59242 1.0000007 282314 103697 6 2 522507.91 9.3873904 22.1003 23.666625 228 1053026 231541 41953 55 0 0 0 0 0 0 553 310638 17527
23.673375 -0.202937 -0.186871 5.99895 59243 1.0000007 282352 103673 5 2 519377.7 9.3873904 22.1003 23.673375 241 1054789 233480 42281 56 0 0 0 0 0 0 553 310684 17422
23.68 -0.202937 -0.186178 5.99897 59245 1.0000007 282479 103792 5 2 526979.65 9.3873904 22.1003 23.68 226 1055684 234484 42757 57 0 0 0 0 0 0 553 310818 17677
23.686625 -0.202937 -0.185484 5.99899 59246 1.0000007 282449 103740 5 2 521017.33 9.3873904 22.1003 23.686625 237 1057699 234203 42615 58 0 0 0 0 0 0 553 310754 17477
23.693375 -0.202937 -0.184777 5.99901 59248 1.0000007 282585 103918 6 2 509241.75 9.3873904 22.1003 23.693375 246 1058927 235001 41968 59 0 0 0 0 0 0 553 310916 17082
23.7 -0.202937 -0.184084 5.99903 59249 1.0000007 282656 103885 4 2 524863.03 9.3873904 22.1003 23.7 222 1059290 234384 42491 60 0 0 0 0 0 0 553 310997 17606
23.706625 -0.202937 -0.18339 5.99906 59251 1.0000007 282648 103972 5 2 523342.64 9.3873904 22.1003 23.706625 250 1060616 235781 42574 61 0 0 0 0 0 0 553 310982 17555
23.713375 -0.202937 -0.182683 5.99908 59252 1.0000007 282611 103904 5 2 524147.55 9.3873904 22.1003 23.713375 206 1063834 236775 42394 62 0 0 0 0 0 0 553 310957 17582
23.72 -0.202937 -0.18199 5.9991 59253 1.0000007 282614 104005 6 2 530378.18 9.3873904 22.1003 23.72 230 1065616 236423 42743 63 0 0 0 0 0 0 553 310902 17791
23.726625 -0.202937 -0.181296 5.99912 59255 1.0000007 282663 103964 5 2 531481.2 9.3873904 22.1003 23.726625 222 1065680 237381 42996 64 0 0 0 0 0 0 553 310994 17828
23.733375 -0.202937 -0.180589 5.99914 59256 1.0000007 281225 103466 5 2 530735.91 9.3873904 22.1003 23.733375 209 1060520 236916 43153 65 0 0 0 0 0 0 553 309523 17803
23.74 -0.202937 -0.179895 5.99916 59258 1.0000007 283197 104237 4 2 530646.48 9.3873904 22.1003 23.74 224 1071290 239699 43362 66 0 0 0 0 0 0 553 311544 17800
23.746625 -0.202937 -0.179202 5.99918 59259 1.0000007 283062 104262 5 2 535952.94 9.3873904 22.1003 23.746625 238 1072975 240799 43511 67 0 0 0 0 0 0 553 311404 17978
23.753375 -0.202937 -0.178495 5.9992 59261 1.0000007 283173 104275 4 2 540573.74 9.3873904 22.1003 23.753375 223 1074348 241500 43814 68 0 0 0 0 0 0 553 311513 18133
23.76 -0.202937 -0.177801 5.99922 59262 1.0000007 283308 104444 5 2 537145.41 9.3873904 22.1003 23.76 226 1077751 243023 43770 69 0 0 0 0 0 0 553 311638 18018
23.766625 -0.202937 -0.177108 5.99924 59264 1.0000007 283202 104285 6 2 543733.77 9.3873904 22.1003 23.766625 210 1079225 243460 44232 70 0 0 0 0 0 0 553 311526 18239
23.773375 -0.202937 -0.176401 5.99926 59265 1.0000007 283097 104418 4 2 546536.06 9.3873904 22.1003 23.773375 261 1079758 244628 44560 71 0 0 0 0 0 0 553 311425 18333
23.78 -0.202937 -0.175707 5.99929 59267 1.0000007 283256 104373 5 2 551305.92 9.3873904 22.1003 23.78 233 1083356 245330 44867 72 0 0 0 0 0 0 553 311582 18493
23.786625 -0.202937 -0.175014 5.99931 59268 1.0000007 283355 104488 6 2 555270.86 9.3873904 22.1003 23.786625 239 1086322 246922 45122 73 0 0 0 0 0 0 553 311682 18626
23.793375 -0.202937 -0.174307 5.99933 59270 1.0000007 283255 104382 4 2 555807.47 9.3873904 22.1003 23.793375 254 1088004 248966 45330 74 0 0 0 0 0 0 553 311582 18644
23.8 -0.202937 -0.173613 5.99935 59271 1.0000007 283298 104490 5 2 560935.07 9.3873904 22.1003 23.8 226 1091442 250237 45374 75 0 0 0 0 0 0 553 311667 18816
23.806625 -0.202937 -0.172919 5.99937 59273 1.0000007 283292 104392 5 2 565883.79 9.3873904 22.1003 23.806625 216 1093812 251459 45608 76 0 0 0 0 0 0 553 311640 18982
23.813375 -0.202937 -0.172213 5.99939 59274 1.0000007 283317 104526 5 2 567732.11 9.3873904 22.1003 23.813375 223 1094577 253394 45915 77 0 0 0 0 0 0 553 311689 19044
23.82 -0.202937 -0.171519 5.99941 59276 1.0000007 283282 104406 5 2 566807.95 9.3873904 22.1003 23.82 206 1096089 254285 46350 78 0 0 0 0 0 0 553 311618 19013
23.826625 -0.202937 -0.170825 5.99943 59277 1.0000007 283254 104424 4 2 571846.11 9.3873904 22.1003 23.826625 222 1098103 256454 46498 79 0 0 0 0 0 0 553 311610 19182
23.833375 -0.202937 -0.170118 5.99945 59279 1.0000007 283331 104423 4 2 567165.69 9.3873904 22.1003 23.833375 249 1102792 258149 46457 80 0 0 0 0 0 0 553 311669 19025
23.84 -0.202937 -0.169425 5.99947 59280 1.0000007 283088 104369 4 2 584277.55 9.3873904 22.1003 23.84 211 1104337 260292 47350 81 0 0 0 0 0 0 553 311424 19599
23.846625 -0.202937 -0.168731 5.99949 59282 1.0000007 283256 104389 5 2 577838.24 9.3873904 22.1003 23.846625 228 1108392 262999 47786 82 0 0 0 0 0 0 553 311577 19383
23.853375 -0.202937 -0.168024 5.99951 59283 1.0000007 283249 104500 6 2 587228.9 9.3873904 22.1003 23.853375 228 1113614 266222 48180 83 0 0 0 0 0 0 553 311582 19698
23.86 -0.202937 -0.16733 5.99952 59285 1.0000007 283214 104404 5 2 604191.7 9.3873904 22.1003 23.86 237 1117930 269603 49239 84 0 0 0 0 0 0 553 311554 20267
23.866625 -0.202937 -0.166637 5.99954 59286 1.0000007 283204 104475 5 2 608156.64 9.3873904 22.1003 23.866625 249 1120726 272716 49671 85 0 0 0 0 0 0 553 311568 20400
23.873375 -0.202937 -0.16593 5.99956 59288 1.0000007 283323 104433 5 2 611167.61 9.3873904 22.1003 23.873375 219 1126644 276282 50152 86 0 0 0 0 0 0 553 311687 20501
23.88 -0.202937 -0.165236 5.99958 59289 1.0000007 283085 104425 4 2 622883.57 9.3873904 22.1003 23.88 233 1130675 281352 51178 87 0 0 0 0 0 0 553 311415 20894
23.886625 -0.202937 -0.164542 5.9996 59291 1.0000007 283057 104290 5 2 622883.57 9.3873904 22.1003 23.886625 221 1137736 286758 51710 88 0 0 0 0 0 0 553 311376 20894
23.893375 -0.202937 -0.163836 5.99962 59292 1.0000007 282974 104279 6 2 647895.5 9.3873904 22.1003 23.893375 221 1137736 286758 51710 89 0 0 0 0 0 0 553 311300 21733
23.9 -0.202937 -0.163142 5.99964 59294 1.0000007 283051 104321 5 2 651920.07 9.3873904 22.1003 23.9 273 1143795 293550 53107 90 0 0 0 0 0 0 553 311380 21868
23.906625 -0.202937 -0.162448 5.99966 59295 1.0000007 283130 104444 5 2 657822.77 9.3873904 22.1003 23.906625 232 1162755 308728 55073 91 0 0 0 0 0 0 553 311464 22066
23.913375 -0.202937 -0.161741 5.99968 59297 1.0000007 283102 104326 4 2 680956.57 9.3873904 22.1003 23.913375 250 1173803 321641 56762 92 0 0 0 0 0 0 553 311420 22842
23.92 -0.202937 -0.161048 5.9997 59298 1.0000007 282906 104233 5 2 691509.87 9.3873904 22.1003 23.92 315 1187138 334216 57484 93 0 0 0 0 0 0 553 311233 23196
23.926625 -0.202937 -0.160354 5.99972 59300 1.0000007 283022 104330 6 2 708949.66 9.3873904 22.1003 23.926625 503 1208958 353345 59612 94 0 0 0 0 0 0 553 311382 23781
23.933375 -0.202937 -0.159647 5.99973 59301 1.0000007 282871 104196 6 2 728774.37 9.3873904 22.1003 23.933375 503 1208958 353345 59612 95 0 0 0 0 0 0 553 311206 24446
23.94 -0.202937 -0.158953 5.99975 59302 1.0000007 282933 104299 5 2 750298.35 9.3873904 22.1003 23.94 1969 1268903 414522 64027 96 0 0 0 0 0 0 553 311242 25168
23.946625 -0.202937 -0.15826 5.99977 59304 1.0000007 282816 104163 6 2 784223.95 9.3873904 22.1003 23.946625 3632 1319050 463948 66721 97 0 0 0 0 0 0 553 311148 26306
23.953375 -0.202937 -0.157553 5.99979 59305 1.0000007 282851 104214 5 2 803452.43 9.3873904 22.1003 23.953375 6543 1391288 535820 70131 98 0 0 0 0 0 0 553 311188 26951
23.96 -0.202937 -0.156859 5.99981 59307 1.0000007 282688 104099 6 2 845844.53 9.3873904 22.1003 23.96 12912 1487342 632432 73961 99 0 0 0 0 0 0 553 311024 28373
23.966625 -0.202937 -0.156165 5.99983 59308 1.0000007 282933 104242 5 2 875715.75 9.3873904 22.1003 23.966625 21710 1615204 759983 79499 100 0 0 0 0 0 0 553 311254 29375
23.973375 -0.202937 -0.155458 5.99984 59310 1.0000007 282730 104095 6 2 911608.92 9.3873904 22.1003 23.973375 29177 1752361 897585 85557 101 0 0 0 0 0 0 553 311068 30579
23.98 -0.202937 -0.154765 5.99986 59311 1.0000007 282786 104150 5 2 966372.83 9.3873904 22.1003 23.98 36229 1892985 1037520 94754 102 0 0 0 0 0 0 553 311126 32416
23.986625 -0.202937 -0.154071 5.99988 59313 1.0000007 282855 104237 5 2 1005068.3 9.3873904 22.1003 23.986625 34553 2027384 1172651 106220 103 0 0 0 0 0 0 553 311223 33714
23.993375 -0.202937 -0.153364 5.9999 59314 1.0000007 282826 104259 5 2 1062545 9.3873904 22.1003 23.993375 29493 2175046 1321686 122697 104 0 0 0 0 0 0 553 311162 35642
24 -0.202937 -0.15267 5.99992 59316 1.0000007 282717 104076 4 2 1135851.8 9.3873904 22.1003 24 26421 2363735 1509728 144852 105 0 0 0 0 0 0 553 311053 38101
24.006625 -0.202937 -0.151977 5.99993 59317 1.0000007 282717 104214 6 2 1218429.9 9.3873904 22.1003 24.006625 26421 2363735 1509728 172394 106 0 0 0 0 0 0 553 311022 40871
24.013375 -0.202937 -0.15127 5.99995 59319 1.0000007 282737 104071 5 2 1327212.4 9.3873904 22.1003 24.013375 35867 2972792 2121030 206504 107 0 0 0 0 0 0 553 311074 44520
24.02 -0.202937 -0.150576 5.99997 59320 1.0000007 282870 104204 6 2 1439572.4 9.3873904 22.1003 24.02 47065 3442450 2589483 246003 108 0 0 0 0 0 0 553 311218 48289
24.026625 -0.202937 -0.149882 5.99999 59322 1.0000007 282701 104058 5 2 1585768.4 9.3873904 22.1003 24.026625 55546 4052960 3198379 293152 109 0 0 0 0 0 0 553 311053 53193
24.033375 -0.202937 -0.149175 6 59323 1.0000007 282710 104144 6 2 1767440.3 9.3873904 22.1003 24.033375 96324 4861295 4006661 348385 110 0 0 0 0 0 0 553 311061 59287
24.04 -0.202937 -0.148482 6.00002 59325 1.0000007 282642 103976 5 2 1973498.1 9.3873904 22.1003 24.04 157892 5845968 4992936 413805 111 0 0 0 0 0 0 553 310979 66199
24.046625 -0.202937 -0.147788 6.00004 59326 1.0000007 282510 104007 5 2 2249702.6 9.3873904 22.1003 24.046625 255662 6976504 6121214 500632 112 0 0 0 0 0 0 553 310856 75464
24.053375 -0.202937 -0.147081 6.00006 59328 1.0000007 282539 103931 5 2 2573426.7 9.3873904 22.1003 24.053375 305940 8084649 7230555 614817 113 0 0 0 0 0 0 553 310878 86323
24.06 -0.202937 -0.146387 6.00007 59329 1.0000007 282575 104054 5 2 2918525.8 9.3873904 22.1003 24.06 364859 8875682 8019742 766708 114 0 0 0 0 0 0 553 310933 97899
24.066625 -0.202937 -0.145693 6.00009 59331 1.0000007 282499 103915 5 2 3292482.5 9.3873904 22.1003 24.066625 461555 9523497 8667705 928718 115 0 0 0 0 0 0 553 310836 110443
24.073375 -0.202937 -0.144987 6.00011 59332 1.0000007 282462 103923 5 2 3692792.7 9.3873904 22.1003 24.073375 538215 10066768 9212390 1093867 116 0 0 0 0 0 0 553 310819 123871
24.08 -0.202937 -0.144293 6.00012 59334 1.0000007 282427 103957 6 2 4051307 9.3873904 22.1003 24.08 543525 9405760 8551268 1196695 117 0 0 0 0 0 0 553 310769 135897
24.086625 -0.202937 -0.143599 6.00014 59335 1.0000007 282379 103866 5 2 4356309.5 9.3873904 22.1003 24.086625 484266 8011728 7158764 1190175 118 0 0 0 0 0 0 553 310703 146128
24.093375 -0.202937 -0.142892 6.00016 59337 1.0000007 282268 103909 6 2 4531124.7 9.3873904 22.1003 24.093375 343645 6751642 5902277 1149709 119 0 0 0 0 0 0 553 310610 151992
24.1 -0.202937 -0.142198 6.00017 59338 1.0000007 282428 103825 5 2 4696102.1 9.3873904 22.1003 24.1 211908 5760943 4910313 1111980 120 0 0 0 0 0 0 553 310789 157526
24.106625 -0.202937 -0.141505 6.00019 59340 1.0000007 282314 103921 6 2 4810191.1 9.3873904 22.1003 24.106625 148179 4986102 4136488 1073840 121 0 0 0 0 0 0 553 310652 161353
24.113375 -0.202937 -0.140798 6.00021 59341 1.0000007 282303 103801 5 2 4878608.7 9.3873904 22.1003 24.113375 105949 4412358 3564849 1051289 122 0 0 0 0 0 0 553 310627 163648
24.12 -0.202937 -0.140104 6.00022 59343 1.0000007 282218 103728 5 2 4892262.4 9.3873904 22.1003 24.12 91605 3965217 3117270 1047004 123 0 0 0 0 0 0 553 310584 164106
24.126625 -0.202937 -0.13941 6.00024 59344 1.0000007 282213 103737 6 2 4892441.3 9.3873904 22.1003 24.126625 75348 3560307 2713665 1033482 124 0 0 0 0 0 0 553 310560 164112
24.133375 -0.202937 -0.138703 6.00025 59346 1.0000007 282101 103708 5 2 4869695 9.3873904 22.1003 24.133375 58648 3166254 2320617 979692 125 0 0 0 0 0 0 553 310447 163349
24.14 -0.202937 -0.138009 6.00027 59347 1.0000007 282114 103612 5 2 4814245.5 9.3873904 22.1003 24.14 49135 2812826 1968012 889281 126 0 0 0 0 0 0 553 310457 161489
24.146625 -0.202937 -0.137316 6.00029 59349 1.0000007 282119 103668 5 2 4748004.1 9.3873904 22.1003 24.146625 39607 2508777 1663411 784493 127 0 0 0 0 0 0 553 310452 159267
24.153375 -0.202937 -0.136609 6.0003 59350 1.0000007 282054 103617 5 2 4654067.7 9.3873904 22.1003 24.153375 27670 2240751 1395034 669517 128 0 0 0 0 0 0 553 310394 156116
24.16 -0.202937 -0.135915 6.00032 59352 1.0000007 281996 103644 6 2 4524238.2 9.3873904 22.1003 24.16 18145 2032232 1187124 570763 129 0 0 0 0 0 0 553 310335 151761
24.166625 -0.202937 -0.135221 6.00033 59353 1.0000007 281972 103559 6 2 4435220.8 9.3873904 22.1003 24.166625 11765 1875174 1031047 493176 130 0 0 0 0 0 0 553 310321 148775
24.173375 -0.202937 -0.134514 6.00035 59355 1.0000007 281965 103604 5 2 4311979.6 9.3873904 22.1003 24.173375 8125 1752607 906893 428781 131 0 0 0 0 0 0 553 310288 144641
24.18 -0.202937 -0.13382 6.00037 59356 1.0000007 281917 103507 6 2 4176128.2 9.3873904 22.1003 24.18 4670 1652326 809664 375180 132 0 0 0 0 0 0 553 310260 140084
24.186625 -0.202937 -0.133127 6.00038 59358 1.0000007 281922 103548 7 2 4073785 9.3873904 22.1003 24.186625 2986 1578583 737160 334620 133 0 0 0 0 0 0 553 310257 136651
24.193375 -0.202937 -0.13242 6.0004 59359 1.0000007 281782 103399 5 2 3957609.1 9.3873904 22.1003 24.193375 2093 1520749 678223 302835 134 0 0 0 0 0 0 553 310103 132754
24.2 -0.202937 -0.131726 6.00041 59361 1.0000007 281870 103507 6 2 3856249.7 9.3873904 22.1003 24.2 1625 1480400 637824 282038 135 0 0 0 0 0 0 553 310202 129354
24.206625 -0.202937 -0.131032 6.00043 59362 1.0000007 281827 103405 5 2 3764698.3 9.3873904 22.1003 24.206625 1260 1447438 605605 266973 136 0 0 0 0 0 0 553 310160 126283
24.213375 -0.202937 -0.130325 6.00044 59364 1.0000007 281717 103387 5 2 3697473.1 9.3873904 22.1003 24.213375 1090 1423538 581452 255909 137 0 0 0 0 0 0 553 310068 124028
24.22 -0.202937 -0.129631 6.00046 59365 1.0000007 281786 103408 5 2 3622526.8 9.3873904 22.1003 24.22 835 1401393 559980 245500 138 0 0 0 0 0 0 553 310105 121514
24.226625 -0.202937 -0.128937 6.00047 59367 1.0000007 281630 103355 5 2 3547699.6 9.3873904 22.1003 24.226625 689 1384199 543326 236782 139 0 0 0 0 0 0 553 309948 119004
24.233375 -0.202937 -0.128231 6.00049 59368 1.0000007 281566 103313 5 2 3498987.5 9.3873904 22.1003 24.233375 602 1371062 531157 230750 140 0 0 0 0 0 0 553 309882 117370
24.24 -0.202937 -0.127537 6.0005 59370 1.0000007 281551 103308 5 2 3438022.8 9.3873904 22.1003 24.24 554 1356244 518285 225105 141 0 0 0 0 0 0 553 309898 115325
24.246625 -0.202937 -0.126843 6.00052 59371 1.0000007 281639 103373 5 2 3372467.1 9.3873904 22.1003 24.246625 534 1346337 507156 218191 142 0 0 0 0 0 0 553 309959 113126
24.253375 -0.202937 -0.126136 6.00053 59373 1.0000007 281450 103163 6 2 3316451.1 9.3873904 22.1003 24.253375 499 1335104 497619 212445 143 0 0 0 0 0 0 553 309799 111247
24.26 -0.202937 -0.125442 6.00055 59374 1.0000007 281603 103252 5 2 3250955 9.3873904 22.1003 24.26 487 1325144 487516 206929 144 0 0 0 0 0 0 553 309948 109050
24.266625 -0.202937 -0.124748 6.00056 59376 1.0000007 281334 103141 5 2 3219026.8 9.3873904 22.1003 24.266625 463 1318751 480102 202962 145 0 0 0 0 0 0 553 309663 107979
24.273375 -0.202937 -0.124041 6.00058 59377 1.0000007 282592 103696 5 2 3165962.1 9.3873904 22.1003 24.273375 468 1315840 474066 198486 146 0 0 0 0 0 0 553 310950 106199
24.28 -0.202937 -0.123348 6.00059 59379 1.0000007 282551 103643 6 2 3110482.7 9.3873904 22.1003 24.28 470 1311224 469812 196176 147 0 0 0 0 0 0 553 310909 104338
24.286625 -0.202937 -0.122654 6.0006 59380 1.0000007 282385 103551 6 2 3055480.3 9.3873904 22.1003 24.286625 502 1303910 464504 193594 148 0 0 0 0 0 0 553 310736 102493
24.293375 -0.202937 -0.121947 6.00062 59382 1.0000007 282275 103399 6 2 2993502 9.3873904 22.1003 24.293375 489 1300094 461730 191731 149 0 0 0 0 0 0 553 310635 100414
24.3 -0.202937 -0.121253 6.00063 59383 1.0000007 282215 103417 6 2 2968668.9 9.3873904 22.1003 24.3 479 1298946 458805 189985 150 0 0 0 0 0 0 553 310558 99581
24.306625 -0.202937 -0.120559 6.00065 59385 1.0000007 282084 103272 5 2 2958860.9 9.3873904 22.1003 24.306625 485 1297954 461052 191886 151 0 0 0 0 0 0 553 310427 99252
24.313375 -0.202937 -0.119852 6.00066 59386 1.0000007 282131 103377 5 2 2895839.2 9.3873904 22.1003 24.313375 470 1296660 459948 190319 152 0 0 0 0 0 0 553 310505 97138
24.32 -0.202937 -0.119158 6.00067 59388 1.0000007 282080 103207 6 2 2872049.5 9.3873904 22.1003 24.32 493 1295905 461862 191633 153 0 0 0 0 0 0 553 310432 96340
24.326625 -0.202937 -0.118464 6.00069 59389 1.0000007 282045 103276 5 2 2843579.5 9.3873904 22.1003 24.326625 517 1298470 463690 192119 154 0 0 0 0 0 0 553 310404 95385
24.333375 -0.202937 -0.117758 6.0007 59391 1.0000007 281790 103011 5 2 2832787.7 9.3873904 22.1003 24.333375 560 1302076 467288 194383 155 0 0 0 0 0 0 553 310146 95023
24.34 -0.202937 -0.117064 6.00072 59392 1.0000007 281784 103070 6 2 2801783.6 9.3873904 22.1003 24.34 624 1307337 472944 196307 156 0 0 0 0 0 0 553 310164 93983
24.346625 -0.202937 -0.11637 6.00073 59394 1.0000007 281674 102891 5 2 2784343.8 9.3873904 22.1003 24.346625 696 1311378 477079 198631 157 0 0 0 0 0 0 553 310056 93398
24.353375 -0.202937 -0.115663 6.00074 59395 1.0000007 281542 102912 6 2 2772747.1 9.3873904 22.1003 24.353375 794 1320170 485738 202907 158 0 0 0 0 0 0 553 309892 93009
24.36 -0.202937 -0.114969 6.00076 59397 1.0000007 281290 102670 6 2 2793973 9.3873904 22.1003 24.36 881 1329648 497503 210566 159 0 0 0 0 0 0 553 309629 93721
24.366625 -0.202937 -0.114275 6.00077 59398 1.0000007 281373 102762 7 2 2772180.7 9.3873904 22.1003 24.366625 985 1338846 505667 213836 160 0 0 0 0 0 0 553 309737 92990
24.373375 -0.202937 -0.113568 6.00078 59400 1.0000007 281279 102606 6 2 2750299 9.3873904 22.1003 24.373375 1198 1349068 517311 220166 161 0 0 0 0 0 0 553 309631 92256
24.38 -0.202937 -0.112874 6.0008 59401 1.0000007 281181 102645 6 2 2776473.6 9.3873904 22.1003 24.38 1336 1362083 532899 226976 162 0 0 0 0 0 0 553 309544 93134
24.386625 -0.202937 -0.11218 6.00081 59403 1.0000007 280981 102346 6 2 2803542.5 9.3873904 22.1003 24.386625 1822 1380805 552381 235469 163 0 0 0 0 0 0 553 309354 94042
24.393375 -0.202937 -0.111474 6.00082 59404 1.0000007 280883 102400 5 2 2740192.8 9.3873904 22.1003 24.393375 1657 1401179 571665 241035 164 0 0 0 0 0 0 553 309276 91917
24.4 -0.202937 -0.11078 6.00084 59406 1.0000007 280737 102218 5 2 2630337.1 9.3873904 22.1003 24.4 1854 1422512 594611 246130 165 0 0 0 0 0 0 553 309105 88232
24.406625 -0.202937 -0.110086 6.00085 59407 1.0000007 280759 102299 5 2 2478983.6 9.3873904 22.1003 24.406625 2101 1442000 613914 245900 166 0 0 0 0 0 0 553 309156 83155
24.413375 -0.202937 -0.109379 6.00086 59409 1.0000007 280575 102065 6 2 2377624.2 9.3873904 22.1003 24.413375 3056 1475461 648407 250964 167 0 0 0 0 0 0 553 308946 79755
24.42 -0.202937 -0.108685 6.00087 59410 1.0000007 280502 102159 5 2 2267917.5 9.3873904 22.1003 24.42 4374 1508478 682332 251415 168 0 0 0 0 0 0 553 308896 76075
24.426625 -0.202937 -0.107991 6.00089 59412 1.0000007 280402 101975 5 2 2154394.9 9.3873904 22.1003 24.426625 5299 1545239 720377 251196 169 0 0 0 0 0 0 553 308774 72267
24.433375 -0.202937 -0.107284 6.0009 59413 1.0000007 280357 102005 6 2 2045045.9 9.3873904 22.1003 24.433375 6494 1580241 755655 245355 170 0 0 0 0 0 0 553 308747 68599
24.44 -0.202937 -0.10659 6.00091 59415 1.0000007 280342 101921 5 2 1940973.7 9.3873904 22.1003 24.44 7196 1623134 799374 238790 171 0 0 0 0 0 0 553 308698 65108
24.446625 -0.202937 -0.105896 6.00092 59416 1.0000007 280314 101919 6 2 1845010.1 9.3873904 22.1003 24.446625 8435 1673406 849476 230494 172 0 0 0 0 0 0 553 308724 61889
24.453375 -0.202937 -0.105189 6.00094 59417 1.0000007 280192 101891 7 2 1776890.6 9.3873904 22.1003 24.453375 13468 1742013 918295 224018 173 0 0 0 0 0 0 553 308555 59604
24.46 -0.202937 -0.104496 6.00095 59419 1.0000007 280076 101788 5 2 1731249 9.3873904 22.1003 24.46 23608 1826255 1003912 217434 174 0 0 0 0 0 0 553 308452 58073
24.466625 -0.202937 -0.103802 6.00096 59420 1.0000007 280252 101869 5 2 1652784.9 9.3873904 22.1003 24.466625 42620 1929435 1106901 206712 175 0 0 0 0 0 0 553 308649 55441
24.473375 -0.202937 -0.103095 6.00097 59422 1.0000007 280088 101774 7 2 1629710.7 9.3873904 22.1003 24.473375 52586 2065650 1244224 201995 176 0 0 0 0 0 0 553 308482 54667
24.48 -0.202937 -0.102401 6.00098 59423 1.0000007 280123 101798 6 2 1556225.1 9.3873904 22.1003 24.48 74643 2222624 1401567 194856 177 0 0 0 0 0 0 553 308502 52202
24.486625 -0.202937 -0.101707 6.001 59425 1.0000007 280018 101757 5 2 1528142.6 9.3873904 22.1003 24.486625 119077 2544962 1723104 191150 178 0 0 0 0 0 0 553 308407 51260
24.493375 -0.202937 -0.101 6.00101 59426 1.0000007 280089 101813 5 2 1516605.5 9.3873904 22.1003 24.493375 158954 2968303 2148271 188648 179 0 0 0 0 0 0 553 308454 50873
24.5 -0.202937 -0.100306 6.00102 59428 1.0000007 279998 101760 6 2 1504323.1 9.3873904 22.1003 24.5 149774 3182217 2360723 188592 180 0 0 0 0 0 0 553 308363 50461
24.506625 -0.202937 -0.0996122 6.00103 59429 1.0000007 280060 101784 5 2 1484826.4 9.3873904 22.1003 24.506625 107846 3118769 2297711 186716 181 0 0 0 0 0 0 553 308429 49807
24.513375 -0.202937 -0.0989052 6.00104 59431 1.0000007 280026 101776 7 2 1474064.4 9.3873904 22.1003 24.513375 97230 3040183 2220381 184722 182 0 0 0 0 0 0 553 308420 49446
24.52 -0.202937 -0.0982113 6.00105 59432 1.0000007 280176 101874 6 2 1490699.2 9.3873904 22.1003 24.52 125026 3031683 2211997 180272 183 0 0 0 0 0 0 553 308559 50004
24.526625 -0.202937 -0.0975174 6.00107 59434 1.0000007 279996 101786 6 2 1502325.8 9.3873904 22.1003 24.526625 107238 2913518 2094043 175845 184 0 0 0 0 0 0 553 308381 50394
24.533375 -0.202937 -0.0968104 6.00108 59435 1.0000007 280138 101857 6 2 1454239.7 9.3873904 22.1003 24.533375 66893 2516639 1697523 168041 185 0 0 0 0 0 0 553 308528 48781
24.54 -0.202937 -0.0961165 6.00109 59437 1.0000007 280318 101946 6 2 1338004.2 9.3873904 22.1003 24.54 27412 2027208 1207032 159789 186 0 0 0 0 0 0 553 308681 44882
24.546625 -0.202937 -0.0954226 6.0011 59438 1.0000007 280428 102101 5 2 1245200.7 9.3873904 22.1003 24.546625 14073 1770561 952626 153348 187 0 0 0 0 0 0 553 308817 41769
24.553375 -0.202937 -0.0947157 6.00111 59440 1.0000007 280330 101993 5 2 1179197.8 9.3873904 22.1003 24.553375 10395 1677617 860041 144234 188 0 0 0 0 0 0 553 308701 39555
24.56 -0.202937 -0.0940218 6.00112 59441 1.0000007 280556 102238 7 2 1111078.3 9.3873904 22.1003 24.56 13906 1611740 793500 134353 189 0 0 0 0 0 0 553 308924 37270
24.566625 -0.202937 -0.0933279 6.00113 59442 1.0000007 280569 102191 5 2 1041885.6 9.3873904 22.1003 24.566625 9437 1507811 688995 126640 190 0 0 0 0 0 0 553 308940 34949
24.573375 -0.202937 -0.0926209 6.00114 59444 1.0000007 280705 102353 5 2 982471.09 9.3873904 22.1003 24.573375 4010 1393641 574750 117167 191 0 0 0 0 0 0 553 309089 32956
24.58 -0.202937 -0.091927 6.00115 59445 1.0000007 280753 102287 5 2 950095.69 9.3873904 22.1003 24.58 1850 1315869 498881 108532 192 0 0 0 0 0 0 553 309107 31870
24.586625 -0.202937 -0.0912331 6.00116 59447 1.0000007 280930 102541 6 2 893215.16 9.3873904 22.1003 24.586625 1058 1260609 443343 98808 193 0 0 0 0 0 0 553 309282 29962
24.593375 -0.202937 -0.0905261 6.00117 59448 1.0000007 280984 102495 5 2 863791.11 9.3873904 22.1003 24.593375 728 1221242 403911 90798 194 0 0 0 0 0 0 553 309340 28975
24.6 -0.202937 -0.0898322 6.00119 59450 1.0000007 281039 102633 5 2 810189.85 9.3873904 22.1003 24.6 595 1190459 372784 83554 195 0 0 0 0 0 0 553 309408 27177
24.606625 -0.202937 -0.0891383 6.0012 59451 1.0000007 281265 102686 7 2 758913.9 9.3873904 22.1003 24.606625 460 1165115 346836 75673 196 0 0 0 0 0 0 553 309635 25457
24.613375 -0.202937 -0.0884313 6.00121 59453 1.0000007 281203 102773 6 2 736465.77 9.3873904 22.1003 24.613375 348 1147861 329311 70735 197 0 0 0 0 0 0 553 309559 24704
24.62 -0.202937 -0.0877373 6.00122 59454 1.0000007 281261 102740 5 2 700572.6 9.3873904 22.1003 24.62 295 1134000 315227 65748 198 0 0 0 0 0 0 553 309606 23500
24.626625 -0.202937 -0.0870434 6.00123 59456 1.0000007 281649 103138 6 2 680270.9 9.3873904 22.1003 24.626625 246 1121473 303416 61341 199 0 0 0 0 0 0 553 309990 22819
24.633375 -0.202937 -0.0863364 6.00124 59457 1.0000007 281537 102933 5 2 660177.88 9.3873904 22.1003 24.633375 249 1111661 295051 58213 200 0 0 0 0 0 0 553 309899 22145
24.64 -0.202937 -0.0856425 6.00125 59459 1.0000007 281679 103161 7 2 637431.63 9.3873904 22.1003 24.64 238 1104077 286130 55239 201 0 0 0 0 0 0 553 310022 21382
24.646625 -0.202937 -0.0849486 6.00126 59460 1.0000007 281787 103167 6 2 637431.63 9.3873904 22.1003 24.646625 233 1099764 281155 53348 202 0 0 0 0 0 0 553 310125 21382
24.653375 -0.202937 -0.0842416 6.00127 59462 1.0000007 281948 103350 6 2 615013.31 9.3873904 22.1003 24.653375 232 1095597 277256 52626 203 0 0 0 0 0 0 553 310301 20630
24.66 -0.202937 -0.0835477 6.00128 59464 1.0000007 282029 103344 7 2 596172.38 9.3873904 22.1003 24.66 208 1091832 272023 50677 204 0 0 0 0 0 0 553 310364 19998
24.666625 -0.202937 -0.0828538 6.00129 59465 1.0000007 281959 103424 5 2 591104.4 9.3873904 22.1003 24.666625 222 1087602 269567 49791 205 0 0 0 0 0 0 553 310313 19828
24.673375 -0.202937 -0.0821468 6.0013 59466 1.0000007 282000 103414 5 2 583651.5 9.3873904 22.1003 24.673375 218 1081584 264551 48776 206 0 0 0 0 0 0 553 310320 19578
24.68 -0.202937 -0.0814528 6.0013 59468 1.0000007 282338 103712 6 2 571607.62 9.3873904 22.1003 24.68 261 1080479 262154 47953 207 0 0 0 0 0 0 553 310701 19174
24.686625 -0.202937 -0.0807589 6.00131 59469 1.0000007 282388 103625 5 2 572501.97 9.3873904 22.1003 24.686625 240 1076540 259820 47532 208 0 0 0 0 0 0 553 310731 19204
24.693375 -0.202937 -0.0800519 6.00132 59471 1.0000007 282179 103638 5 2 569669.86 9.3873904 22.1003 24.693375 242 1074708 258859 47494 209 0 0 0 0 0 0 553 310524 19109
24.7 -0.202937 -0.079358 6.00133 59472 1.0000007 282334 103720 6 2 558818.44 9.3873904 22.1003 24.7 216 1075793 256977 46579 210 0 0 0 0 0 0 553 310669 18745
24.706625 -0.202937 -0.0786641 6.00134 59474 1.0000007 282304 103761 5 2 566957.01 9.3873904 22.1003 24.706625 233 1072558 254739 46435 211 0 0 0 0 0 0 553 310635 19018
24.713375 -0.202937 -0.077957 6.00135 59475 1.0000007 282682 103904 6 2 557924.09 9.3873904 22.1003 24.713375 206 1072102 253455 45965 212 0 0 0 0 0 0 553 311035 18715
24.72 -0.202937 -0.0772631 6.00136 59477 1.0000007 282528 103928 6 2 556105.59 9.3873904 22.1003 24.72 218 1071839 252811 45780 213 0 0 0 0 0 0 553 310846 18654
24.726625 -0.202937 -0.0765692 6.00137 59478 1.0000007 282758 103941 5 2 554078.4 9.3873904 22.1003 24.726625 233 1069006 250580 45413 214 0 0 0 0 0 0 553 311114 18586
24.733375 -0.202937 -0.0758622 6.00138 59480 1.0000007 282500 103875 5 2 548533.44 9.3873904 22.1003 24.733375 230 1065793 248981 44970 215 0 0 0 0 0 0 553 310842 18400
24.74 -0.202937 -0.0751682 6.00139 59481 1.0000007 282695 103974 6 2 554525.57 9.3873904 22.1003 24.74 218 1063318 247238 45254 216 0 0 0 0 0 0 553 311034 18601
24.746625 -0.202937 -0.0744743 6.0014 59483 1.0000007 282875 104126 6 2 545224.35 9.3873904 22.1003 24.746625 196 1064279 246128 44663 217 0 0 0 0 0 0 553 311198 18289
24.753375 -0.202937 -0.0737673 6.0014 59484 1.0000007 282750 104087 6 2 540335.25 9.3873904 22.1003 24.753375 245 1061962 245905 44383 218 0 0 0 0 0 0 553 311088 18125
24.76 -0.202937 -0.0730734 6.00141 59486 1.0000007 282710 104107 6 2 540573.74 9.3873904 22.1003 24.76 255 1060850 243664 44352 219 0 0 0 0 0 0 553 311046 18133
24.766625 -0.202937 -0.0723794 6.00142 59487 1.0000007 282836 104217 6 2 540633.37 9.3873904 22.1003 24.766625 217 1059531 243227 43974 220 0 0 0 0 0 0 553 311157 18135
24.773375 -0.202937 -0.0716724 6.00143 59489 1.0000007 282854 104168 7 2 533806.51 9.3873904 22.1003 24.773375 213 1057004 241987 43484 221 0 0 0 0 0 0 553 311193 17906
24.78 -0.202937 -0.0709785 6.00144 59490 1.0000007 282941 104275 6 2 527814.38 9.3873904 22.1003 24.78 227 1054656 241134 43522 222 0 0 0 0 0 0 553 311245 17705
24.786625 -0.202937 -0.0702845 6.00145 59492 1.0000007 282856 104219 6 2 530586.86 9.3873904 22.1003 24.786625 224 1055640 240346 43334 223 0 0 0 0 0 0 553 311187 17798
24.793375 -0.202937 -0.0695775 6.00145 59493 1.0000007 283013 104313 7 2 534223.87 9.3873904 22.1003 24.793375 237 1056099 241174 43692 224 0 0 0 0 0 0 553 311335 17920
24.8 -0.202937 -0.0688836 6.00146 59494 1.0000007 282889 104242 6 2 532464.99 9.3873904 22.1003 24.8 220 1054535 239760 43424 225 0 0 0 0 0 0 553 311207 17861
24.806625 -0.202937 -0.0681896 6.00147 59496 1.0000007 283124 104367 5 2 531988 9.3873904 22.1003 24.806625 241 1053991 238522 43016 226 0 0 0 0 0 0 553 311426 17845
24.813375 -0.202937 -0.0674826 6.00148 59497 1.0000007 283419 104460 5 2 525608.32 9.3873904 22.1003 24.813375 241 1054206 237157 42681 227 0 0 0 0 0 0 553 311763 17631
24.82 -0.202937 -0.0667887 6.00149 59499 1.0000007 283527 104576 5 2 524147.55 9.3873904 22.1003 24.82 220 1051622 237706 42820 228 0 0 0 0 0 0 553 311877 17582
24.826625 -0.202937 -0.0660947 6.00149 59500 1.0000007 283514 104516 6 2 519258.45 9.3873904 22.1003 24.826625 230 1051982 236170 42536 229 0 0 0 0 0 0 553 311880 17418
24.833375 -0.202937 -0.0653877 6.0015 59502 1.0000007 283503 104580 6 2 517946.74 9.3873904 22.1003 24.833375 227 1048930 236283 42633 230 0 0 0 0 0 0 553 311855 17374
24.84 -0.202937 -0.0646937 6.00151 59503 1.0000007 283623 104584 6 2 519437.32 9.3873904 22.1003 24.84 231 1050588 236187 42250 231 0 0 0 0 0 0 553 311943 17424
24.846625 -0.202937 -0.0639998 6.00152 59505 1.0000007 283573 104642 5 2 522955.09 9.3873904 22.1003 24.846625 200 1049673 235302 42593 232 0 0 0 0 0 0 553 311920 17542
24.853375 -0.202937 -0.0632928 6.00152 59506 1.0000007 283300 104424 5 2 517410.13 9.3873904 22.1003 24.853375 248 1047656 234269 42026 233 0 0 0 0 0 0 553 311613 17356
24.86 -0.202937 -0.0625988 6.00153 59508 1.0000007 283456 104623 5 2 523730.19 9.3873904 22.1003 24.86 216 1045154 233780 42204 234 0 0 0 0 0 0 553 311795 17568
24.866625 -0.202937 -0.0619049 6.00154 59509 1.0000007 283376 104429 6 2 521404.88 9.3873904 22.1003 24.866625 216 1045154 233400 42008 235 0 0 0 0 0 0 553 311714 17490
24.873375 -0.202937 -0.0611978 6.00155 59511 1.0000007 283308 104539 6 2 519049.77 9.3873904 22.1003 24.873375 232 1043052 232189 41808 236 0 0 0 0 0 0 553 311633 17411
24.88 -0.202937 -0.0605039 6.00155 59512 1.0000007 283165 104375 6 2 513981.8 9.3873904 22.1003 24.88 221 1042439 231690 41894 237 0 0 0 0 0 0 553 311513 17241
24.886625 -0.202937 -0.0598099 6.00156 59514 1.0000007 283102 104369 5 2 513624.06 9.3873904 22.1003 24.886625 216 1041264 231165 41695 238 0 0 0 0 0 0 553 311458 17229
24.893375 -0.202937 -0.0591029 6.00157 59515 1.0000007 283366 104363 7 2 514935.77 9.3873904 22.1003 24.893375 218 1042498 232099 42022 239 0 0 0 0 0 0 553 311715 17273
24.9 -0.202937 -0.0584089 6.00157 59516 1.0000007 283315 104521 5 2 511149.69 9.3873904 22.1003 24.9 261 1039534 230696 41832 240 0 0 0 0 0 0 553 311636 17146
24.906625 -0.202937 -0.057715 6.00158 59518 1.0000007 283254 104443 6 2 504799.82 9.3873904 22.1003 24.906625 238 1039422 230668 41541 241 0 0 0 0 0 0 553 311588 16933
24.913375 -0.202937 -0.0570079 6.00159 59519 1.0000007 283147 104430 7 2 513981.8 9.3873904 22.1003 24.913375 237 1039421 229539 41475 242 0 0 0 0 0 0 553 311482 17241
24.92 -0.202937 -0.056314 6.00159 59521 1.0000007 283107 104302 5 2 505634.55 9.3873904 22.1003 24.92 239 1037255 228652 41091 243 0 0 0 0 0 0 553 311445 16961
24.926625 -0.202937 -0.05562 6.0016 59522 1.0000007 283131 104319 5 2 509241.75 9.3873904 22.1003 24.926625 244 1037196 229303 41373 244 0 0 0 0 0 0 553 311491 17082
24.933375 -0.202937 -0.054913 6.00161 59524 1.0000007 283074 104288 6 2 510076.48 9.3873904 22.1003 24.933375 219 1037832 229388 41432 245 0 0 0 0 0 0 553 311412 17110
24.94 -0.202937 -0.054219 6.00161 59525 1.0000007 282901 104173 6 2 506677.95 9.3873904 22.1003 24.94 211 1036385 228127 41232 246 0 0 0 0 0 0 553 311237 16996
24.946625 -0.202937 -0.0535251 6.00162 59527 1.0000007 282997 104248 6 2 513475 9.3873904 22.1003 24.946625 217 1036519 228699 41528 247 0 0 0 0 0 0 553 311322 17224
24.953375 -0.202937 -0.052818 6.00163 59528 1.0000007 282888 104086 6 2 499612.6 9.3873904 22.1003 24.953375 212 1033153 228108 40977 248 0 0 0 0 0 0 553 311240 16759
24.96 -0.202937 -0.0521241 6.00163 59530 1.0000007 282819 104141 6 2 504263.21 9.3873904 22.1003 24.96 233 1031344 227401 41239 249 0 0 0 0 0 0 553 311144 16915
24.966625 -0.202937 -0.0514301 6.00164 59531 1.0000007 282758 104114 5 2 506409.65 9.3873904 22.1003 24.966625 207 1031930 227551 40997 250 0 0 0 0 0 0 553 311104 16987
24.973375 -0.202937 -0.0507231 6.00164 59533 1.0000007 282798 104083 5 2 505455.68 9.3873904 22.1003 24.973375 239 1032250 227867 40970 251 0 0 0 0 0 0 553 311136 16955
24.98 -0.202937 -0.0500291 6.00165 59534 1.0000007 282569 103952 5 2 507602.11 9.3873904 22.1003 24.98 210 1028632 225674 40741 252 0 0 0 0 0 0 553 310926 17027
24.986625 -0.202937 -0.0493352 6.00165 59536 1.0000007 282724 104068 5 2 505902.85 9.3873904 22.1003 24.986625 212 1031216 226773 40794 253 0 0 0 0 0 0 553 311049 16970
24.993375 -0.202937 -0.0486281 6.00166 59537 1.0000007 282646 103931 6 2 503756.42 9.3873904 22.1003 24.993375 192 1029848 226515 40916 254 0 0 0 0 0 0 553 310980 16898
25 -0.202937 -0.0479341 6.00167 59539 1.0000007 282572 103941 6 2 508347.4 9.3873904 22.1003 25 223 1030478 225982 40863 255 0 0 0 0 0 0 553 310919 17052
25.006625 -0.202937 -0.0472402 6.00167 59540 1.0000007 282304 103774 5 2 500685.82 9.3873904 22.1003 25.006625 213 1028451 225829 40752 256 0 0 0 0 0 0 553 310656 16795
25.013375 -0.202937 -0.0465331 6.00168 59542 1.0000007 282427 103836 5 2 496184.27 9.3873904 22.1003 25.013375 233 1027394 224928 40383 257 0 0 0 0 0 0 553 310759 16644
25.02 -0.202937 -0.0458392 6.00168 59543 1.0000007 282208 103673 4 2 498330.71 9.3873904 22.1003 25.02 253 1026431 225596 40593 258 0 0 0 0 0 0 553 310544 16716
25.026625 -0.202937 -0.0451452 6.00169 59545 1.0000007 282340 103746 6 2 500805.07 9.3873904 22.1003 25.026625 255 1026469 224600 40934 259 0 0 0 0 0 0 553 310681 16799
25.033375 -0.202937 -0.0444381 6.00169 59546 1.0000007 282276 103713 5 2 497704.66 9.3873904 22.1003 25.033375 245 1024397 223831 40360 260 0 0 0 0 0 0 553 310608 16695
25.04 -0.202937 -0.0437442 6.0017 59548 1.0000007 282260 103689 6 2 502086.97 9.3873904 22.1003 25.04 226 1024960 224821 40592 261 0 0 0 0 0 0 553 310585 16842
25.046625 -0.202937 -0.0430502 6.0017 59549 1.0000007 282130 103586 5 2 499016.37 9.3873904 22.1003 25.046625 230 1021859 223417 40468 262 0 0 0 0 0 0 553 310480 16739
25.053375 -0.202937 -0.0423431 6.00171 59551 1.0000007 281968 103497 5 2 499463.55 9.3873904 22.1003 25.053375 250 1022758 223472 40403 263 0 0 0 0 0 0 553 310295 16754
25.06 -0.202937 -0.0416492 6.00171 59552 1.0000007 281832 103388 5 2 499552.98 9.3873904 22.1003 25.06 225 1023098 223408 40016 264 0 0 0 0 0 0 553 310176 16757
25.066625 -0.202937 -0.0409552 6.00172 59554 1.0000007 281953 103440 6 2 499135.62 9.3873904 22.1003 25.066625 235 1021798 222310 40250 265 0 0 0 0 0 0 553 310298 16743
25.073375 -0.202937 -0.0402482 6.00172 59555 1.0000007 281927 103456 5 2 495349.55 9.3873904 22.1003 25.073375 235 1021332 223400 40140 266 0 0 0 0 0 0 553 310267 16616
25.08 -0.202937 -0.0395542 6.00173 59557 1.0000007 282007 103516 5 2 501967.72 9.3873904 22.1003 25.08 240 1018772 223239 40310 267 0 0 0 0 0 0 553 310349 16838
25.086625 -0.202937 -0.0388602 6.00173 59558 1.0000007 281783 103290 5 2 498599.01 9.3873904 22.1003 25.086625 231 1019984 223391 40236 268 0 0 0 0 0 0 553 310109 16725
25.093375 -0.202937 -0.0381532 6.00174 59559 1.0000007 281750 103324 6 2 495945.78 9.3873904 22.1003 25.093375 208 1019471 223464 40018 269 0 0 0 0 0 0 553 310107 16636
25.1 -0.202937 -0.0374592 6.00174 59561 1.0000007 281676 103233 5 2 493799.34 9.3873904 22.1003 25.1 216 1017580 222687 40061 270 0 0 0 0 0 0 553 309999 16564
25.106625 -0.202937 -0.0367652 6.00175 59562 1.0000007 281673 103247 5 2 490400.82 9.3873904 22.1003 25.106625 237 1019542 222452 39956 271 0 0 0 0 0 0 553 310016 16450
25.113375 -0.202937 -0.0360582 6.00175 59564 1.0000007 281532 103117 5 2 490162.33 9.3873904 22.1003 25.113375 228 1016497 222379 39720 272 0 0 0 0 0 0 553 309871 16442
25.12 -0.202937 -0.0353642 6.00175 59565 1.0000007 281518 103194 5 2 486286.82 9.3873904 22.1003 25.12 244 1015856 222033 39816 273 0 0 0 0 0 0 553 309885 16312
25.126625 -0.202937 -0.0346702 6.00176 59567 1.0000007 281432 103051 6 2 486406.07 9.3873904 22.1003 25.126625 224 1013870 220568 39315 274 0 0 0 0 0 0 553 309777 16316
25.133375 -0.202937 -0.0339631 6.00176 59568 1.0000007 281352 103059 5 2 491921.21 9.3873904 22.1003 25.133375 232 1014607 221289 39811 275 0 0 0 0 0 0 553 309692 16501
25.14 -0.202937 -0.0332692 6.00177 59570 1.0000007 281319 102936 5 2 488820.81 9.3873904 22.1003 25.14 231 1015176 221929 40041 276 0 0 0 0 0 0 553 309678 16397
25.146625 -0.202937 -0.0325752 6.00177 59571 1.0000007 280946 102804 5 2 492189.52 9.3873904 22.1003 25.146625 244 1013188 221000 39474 277 0 0 0 0 0 0 553 309274 16510
25.153375 -0.202937 -0.0318681 6.00177 59573 1.0000007 281073 102786 4 2 489894.02 9.3873904 22.1003 25.153375 261 1009992 219884 39727 278 0 0 0 0 0 0 553 309435 16433
25.16 -0.202937 -0.0311742 6.00178 59574 1.0000007 281074 102834 6 2 489804.59 9.3873904 22.1003 25.16 232 1011007 219884 39791 279 0 0 0 0 0 0 553 309452 16430
25.166625 -0.202937 -0.0304802 6.00178 59576 1.0000007 280873 102600 4 2 481964.14 9.3873904 22.1003 25.166625 232 1011007 219884 39791 280 0 0 0 0 0 0 553 309212 16167
25.173375 -0.202937 -0.0297731 6.00178 59577 1.0000007 280846 102682 6 2 484527.93 9.3873904 22.1003 25.173375 204 1009526 220064 39756 281 0 0 0 0 0 0 553 309208 16253
25.18 -0.202937 -0.0290791 6.00179 59579 1.0000007 280801 102578 5 2 491086.49 9.3873904 22.1003 25.18 204 1009526 220064 39756 282 0 0 0 0 0 0 553 309161 16473
25.186625 -0.202937 -0.0283852 6.00179 59580 1.0000007 280700 102664 6 2 486793.62 9.3873904 22.1003 25.186625 242 1008944 220151 39766 283 0 0 0 0 0 0 553 309073 16329
25.193375 -0.202937 -0.0276781 6.00179 59582 1.0000007 280712 102522 4 2 482590.18 9.3873904 22.1003 25.193375 202 1008421 219157 39222 284 0 0 0 0 0 0 553 309087 16188
25.2 -0.202937 -0.0269841 6.0018 59583 1.0000007 280591 102475 5 2 492547.26 9.3873904 22.1003 25.2 235 1007028 219106 39575 285 0 0 0 0 0 0 553 308972 16522
25.206625 -0.202937 -0.0262901 6.0018 59585 1.0000007 280618 102484 6 2 489923.83 9.3873904 22.1003 25.206625 230 1008562 219106 39575 286 0 0 0 0 0 0 553 308987 16434
25.213375 -0.202937 -0.0255831 6.0018 59586 1.0000007 280459 102426 5 2 486942.67 9.3873904 22.1003 25.213375 215 1004838 219214 39522 287 0 0 0 0 0 0 553 308836 16334
25.22 -0.202937 -0.0248891 6.00181 59588 1.0000007 280430 102277 4 2 486823.43 9.3873904 22.1003 25.22 215 1004838 219214 39522 288 0 0 0 0 0 0 553 308799 16330
25.226625 -0.202937 -0.0241951 6.00181 59589 1.0000007 280463 102305 5 2 490430.63 9.3873904 22.1003 25.226625 221 1004786 219268 39687 289 0 0 0 0 0 0 553 308819 16451
25.233375 -0.202937 -0.023488 6.00181 59591 1.0000007 280364 102287 6 2 486644.56 9.3873904 22.1003 25.233375 258 1004685 218309 39450 290 0 0 0 0 0 0 553 308731 16324
25.24 -0.202937 -0.0227941 6.00181 59593 1.0000007 280402 102271 5 2 481695.83 9.3873904 22.1003 25.24 220 1004328 218620 39164 291 0 0 0 0 0 0 553 308770 16158
25.246625 -0.202937 -0.0221001 6.00182 59594 1.0000007 280187 102206 6 2 485303.04 9.3873904 22.1003 25.246625 253 1004684 218789 39417 292 0 0 0 0 0 0 553 308559 16279
25.253375 -0.202937 -0.021393 6.00182 59596 1.0000007 280215 102149 4 2 479400.34 9.3873904 22.1003 25.253375 223 1000956 217520 39184 293 0 0 0 0 0 0 553 308597 16081
25.26 -0.202937 -0.020699 6.00182 59597 1.0000007 280141 102116 5 2 485869.46 9.3873904 22.1003 25.26 196 1004035 218045 39362 294 0 0 0 0 0 0 553 308517 16298
25.266625 -0.202937 -0.0200051 6.00182 59598 1.0000007 280170 102100 5 2 482828.67 9.3873904 22.1003 25.266625 220 1003062 218617 39121 295 0 0 0 0 0 0 553 308539 16196
25.273375 -0.202937 -0.019298 6.00183 59600 1.0000007 280000 102111 5 2 484676.99 9.3873904 22.1003 25.273375 222 1003305 219201 39341 296 0 0 0 0 0 0 553 308355 16258
25.28 -0.202937 -0.018604 6.00183 59601 1.0000007 280137 102084 6 2 481844.89 9.3873904 22.1003 25.28 239 1000158 217700 39070 297 0 0 0 0 0 0 553 308514 16163
25.286625 -0.202937 -0.01791 6.00183 59603 1.0000007 279906 101936 4 2 484438.5 9.3873904 22.1003 25.286625 240 1001631 218159 39347 298 0 0 0 0 0 0 553 308285 16250
25.293375 -0.202937 -0.017203 6.00183 59604 1.0000007 279932 101968 5 2 479281.09 9.3873904 22.1003 25.293375 223 1000588 218010 39271 299 0 0 0 0 0 0 553 308319 16077
25.3 -0.202937 -0.016509 6.00183 59606 1.0000007 279758 101813 6 2 481308.28 9.3873904 22.1003 25.3 224 999858 217235 39382 300 0 0 0 0 0 0 553 308146 16145