Eta  H  K  L  Epoch  Sec  ion1  Hubmon  scan_bar  Filters  Correct  Qmag  Energy  Graze  p_peak  p_total  p_del_s  p_nu_s  p_image  p_xcen  p_xsig  p_ycen  p_ysig  power  tempsp  gun_on  ion0  p_point
23.3 -0.202937 -0.22596 5.9976 58240 1.0000007 280900 102744 4 2 488790.99 9.3873904 22.1003 23.3 233 1015673 220484 39515 0 0 0 0 0 0 0 553 309289 16396
23.306625 -0.202937 -0.225266 5.99763 58241 1.0000007 281019 102774 6 2 485690.59 9.3873904 22.1003 23.306625 256 1015447 221324 39631 1 0 0 0 0 0 0 553 309408 16292
23.313375 -0.202937 -0.22456 5.99766 58243 1.0000007 280849 102725 6 2 489267.98 9.3873904 22.1003 23.313375 214 1013975 220177 39631 2 0 0 0 0 0 0 553 309226 16412
23.32 -0.202937 -0.223866 5.99768 58244 1.0000007 280844 102732 5 2 486078.14 9.3873904 22.1003 23.32 238 1015214 220251 39664 3 0 0 0 0 0 0 553 309240 16305
23.326625 -0.202937 -0.223173 5.99771 58246 1.0000007 280863 102723 5 2 483395.09 9.3873904 22.1003 23.326625 232 1016057 220902 39763 4 0 0 0 0 0 0 553 309274 16215
23.333375 -0.202937 -0.222466 5.99773 58247 1.0000007 280844 102663 6 2 491772.15 9.3873904 22.1003 23.333375 209 1017042 222086 39842 5 0 0 0 0 0 0 553 309217 16496
23.34 -0.202937 -0.221773 5.99776 58249 1.0000007 280802 102632 5 2 490072.89 9.3873904 22.1003 23.34 227 1015898 221525 39513 6 0 0 0 0 0 0 553 309198 16439
23.346625 -0.202937 -0.221079 5.99778 58250 1.0000007 280656 102533 4 2 491503.85 9.3873904 22.1003 23.346625 227 1015213 220993 39754 7 0 0 0 0 0 0 553 309041 16487
23.353375 -0.202937 -0.220373 5.99781 58252 1.0000007 280682 102559 5 2 494753.31 9.3873904 22.1003 23.353375 243 1016900 220498 39724 8 0 0 0 0 0 0 553 309062 16596
23.36 -0.202937 -0.219679 5.99784 58253 1.0000007 280652 102574 5 2 486018.51 9.3873904 22.1003 23.36 216 1016548 221455 39591 9 0 0 0 0 0 0 553 309025 16303
23.366625 -0.202937 -0.218986 5.99786 58255 1.0000007 280689 102578 4 2 493292.55 9.3873904 22.1003 23.366625 210 1018441 222109 40146 10 0 0 0 0 0 0 553 309082 16547
23.373375 -0.202937 -0.218279 5.99789 58256 1.0000007 280700 102601 6 2 492100.08 9.3873904 22.1003 23.373375 234 1018138 221776 40127 11 0 0 0 0 0 0 553 309077 16507
23.38 -0.202937 -0.217585 5.99791 58258 1.0000007 280687 102616 5 2 496869.94 9.3873904 22.1003 23.38 217 1019198 222341 40271 12 0 0 0 0 0 0 553 309073 16667
23.386625 -0.202937 -0.216892 5.99794 58259 1.0000007 280549 102541 5 2 492845.37 9.3873904 22.1003 23.386625 235 1018134 222190 39927 13 0 0 0 0 0 0 553 308929 16532
23.393375 -0.202937 -0.216185 5.99796 58261 1.0000007 280518 102581 5 2 502355.27 9.3873904 22.1003 23.393375 217 1018965 222268 40275 14 0 0 0 0 0 0 553 308909 16851
23.4 -0.202937 -0.215492 5.99799 58262 1.0000007 280714 102601 4 2 488880.43 9.3873904 22.1003 23.4 234 1019765 222165 39714 15 0 0 0 0 0 0 553 309106 16399
23.406625 -0.202937 -0.214798 5.99801 58264 1.0000007 280538 102534 6 2 495021.62 9.3873904 22.1003 23.406625 228 1018560 221502 40006 16 0 0 0 0 0 0 553 308915 16605
23.413375 -0.202937 -0.214092 5.99804 58265 1.0000007 280598 102607 5 2 497227.68 9.3873904 22.1003 23.413375 225 1020186 222870 40388 17 0 0 0 0 0 0 553 308994 16679
23.42 -0.202937 -0.213398 5.99806 58267 1.0000007 280626 102594 5 2 492278.95 9.3873904 22.1003 23.42 241 1020770 221932 40043 18 0 0 0 0 0 0 553 308992 16513
23.426625 -0.202937 -0.212705 5.99809 58268 1.0000007 280646 102604 5 2 492547.26 9.3873904 22.1003 23.426625 213 1020108 222669 40019 19 0 0 0 0 0 0 553 309030 16522
23.433375 -0.202937 -0.211998 5.99811 58270 1.0000007 280645 102585 6 2 492994.43 9.3873904 22.1003 23.433375 213 1021258 222934 40126 20 0 0 0 0 0 0 553 309030 16537
23.44 -0.202937 -0.211304 5.99814 58271 1.0000007 280538 102526 5 2 496929.56 9.3873904 22.1003 23.44 222 1022160 222937 40199 21 0 0 0 0 0 0 553 308920 16669
23.446625 -0.202937 -0.210611 5.99816 58273 1.0000007 280585 102559 5 2 494932.18 9.3873904 22.1003 23.446625 224 1021939 223393 40195 22 0 0 0 0 0 0 553 308993 16602
23.453375 -0.202937 -0.209904 5.99819 58274 1.0000007 280593 102497 5 2 491831.78 9.3873904 22.1003 23.453375 209 1022561 222649 39785 23 0 0 0 0 0 0 553 308996 16498
23.46 -0.202937 -0.209211 5.99821 58276 1.0000007 280527 102496 6 2 500924.31 9.3873904 22.1003 23.46 182 1023315 223637 40886 24 0 0 0 0 0 0 553 308927 16803
23.466625 -0.202937 -0.208517 5.99823 58277 1.0000007 280474 102485 5 2 496631.44 9.3873904 22.1003 23.466625 223 1023229 222877 40463 25 0 0 0 0 0 0 553 308850 16659
23.473375 -0.202937 -0.20781 5.99826 58279 1.0000007 280639 102581 6 2 494395.57 9.3873904 22.1003 23.473375 234 1025080 224126 39987 26 0 0 0 0 0 0 553 309026 16584
23.48 -0.202937 -0.207117 5.99828 58280 1.0000007 280511 102531 5 2 502504.33 9.3873904 22.1003 23.48 241 1024481 223358 40620 27 0 0 0 0 0 0 553 308901 16856
23.486625 -0.202937 -0.206423 5.99831 58282 1.0000007 280527 102573 7 2 500387.71 9.3873904 22.1003 23.486625 199 1023861 223196 40426 28 0 0 0 0 0 0 553 308902 16785
23.493375 -0.202937 -0.205717 5.99833 58283 1.0000007 280518 102507 6 2 498658.63 9.3873904 22.1003 23.493375 214 1024971 223710 40417 29 0 0 0 0 0 0 553 308900 16727
23.5 -0.202937 -0.205023 5.99835 58285 1.0000007 280414 102459 5 2 487509.09 9.3873904 22.1003 23.5 233 1024811 224122 39972 30 0 0 0 0 0 0 553 308792 16353
23.506625 -0.202937 -0.204329 5.99838 58286 1.0000007 280360 102487 5 2 496661.26 9.3873904 22.1003 23.506625 245 1023964 223337 40360 31 0 0 0 0 0 0 553 308757 16660
23.513375 -0.202937 -0.203623 5.9984 58288 1.0000007 280382 102423 7 2 497138.24 9.3873904 22.1003 23.513375 225 1027713 224377 40413 32 0 0 0 0 0 0 553 308737 16676
23.52 -0.202937 -0.202929 5.99843 58289 1.0000007 280426 102478 6 2 500357.89 9.3873904 22.1003 23.52 248 1028039 224923 40587 33 0 0 0 0 0 0 553 308796 16784
23.526625 -0.202937 -0.202236 5.99845 58291 1.0000007 280380 102455 7 2 494902.37 9.3873904 22.1003 23.526625 224 1028202 224281 40444 34 0 0 0 0 0 0 553 308772 16601
23.533375 -0.202937 -0.201529 5.99847 58292 1.0000007 280427 102512 6 2 498807.69 9.3873904 22.1003 23.533375 243 1028944 225095 40727 35 0 0 0 0 0 0 553 308820 16732
23.54 -0.202937 -0.200835 5.9985 58294 1.0000007 280429 102517 6 2 506707.77 9.3873904 22.1003 23.54 204 1030087 225630 40874 36 0 0 0 0 0 0 553 308810 16997
23.546625 -0.202937 -0.200142 5.99852 58295 1.0000007 280399 102527 5 2 495915.97 9.3873904 22.1003 23.546625 227 1031701 225531 40830 37 0 0 0 0 0 0 553 308778 16635
23.553375 -0.202937 -0.199435 5.99854 58297 1.0000007 280378 102532 6 2 499195.24 9.3873904 22.1003 23.553375 218 1031458 226657 40444 38 0 0 0 0 0 0 553 308782 16745
23.56 -0.202937 -0.198741 5.99857 58298 1.0000007 280301 102448 6 2 499910.72 9.3873904 22.1003 23.56 232 1030420 225849 40681 39 0 0 0 0 0 0 553 308674 16769
23.566625 -0.202937 -0.198048 5.99859 58300 1.0000007 280518 102561 7 2 510255.35 9.3873904 22.1003 23.566625 230 1034290 226721 41189 40 0 0 0 0 0 0 553 308900 17116
23.573375 -0.202937 -0.197341 5.99861 58301 1.0000007 280452 102497 7 2 500924.31 9.3873904 22.1003 23.573375 208 1033629 226504 40820 41 0 0 0 0 0 0 553 308836 16803
23.58 -0.202937 -0.196648 5.99864 58303 1.0000007 280450 102554 5 2 508973.45 9.3873904 22.1003 23.58 239 1035025 227089 41377 42 0 0 0 0 0 0 553 308828 17073
23.586625 -0.202937 -0.195954 5.99866 58304 1.0000007 280310 102416 6 2 508257.97 9.3873904 22.1003 23.586625 236 1034121 226654 41139 43 0 0 0 0 0 0 553 308702 17049
23.593375 -0.202937 -0.195247 5.99868 58306 1.0000007 280486 102511 5 2 506916.45 9.3873904 22.1003 23.593375 251 1035593 227284 41059 44 0 0 0 0 0 0 553 308871 17004
23.6 -0.202937 -0.194554 5.9987 58308 1.0000007 280455 102602 6 2 507214.56 9.3873904 22.1003 23.6 228 1038039 228097 41387 45 0 0 0 0 0 0 553 308821 17014
23.606625 -0.202937 -0.19386 5.99873 58309 1.0000007 280460 102615 5 2 505276.81 9.3873904 22.1003 23.606625 213 1038021 228108 40866 46 0 0 0 0 0 0 553 308842 16949
23.613375 -0.202937 -0.193153 5.99875 58311 1.0000007 280498 102658 5 2 508585.9 9.3873904 22.1003 23.613375 225 1039579 228605 41384 47 0 0 0 0 0 0 553 308856 17060
23.62 -0.202937 -0.19246 5.99877 58312 1.0000007 280526 102688 5 2 509539.87 9.3873904 22.1003 23.62 219 1040487 228720 41269 48 0 0 0 0 0 0 553 308906 17092
23.626625 -0.202937 -0.191766 5.99879 58313 1.0000007 280651 102784 5 2 510970.82 9.3873904 22.1003 23.626625 205 1040792 229263 41604 49 0 0 0 0 0 0 553 309041 17140
23.633375 -0.202937 -0.191059 5.99882 58315 1.0000007 280481 102628 5 2 506797.2 9.3873904 22.1003 23.633375 243 1042149 229141 41139 50 0 0 0 0 0 0 553 308847 17000
23.64 -0.202937 -0.190366 5.99884 58316 1.0000007 280606 102780 6 2 513832.74 9.3873904 22.1003 23.64 245 1041901 229779 41667 51 0 0 0 0 0 0 553 309011 17236
23.646625 -0.202937 -0.189672 5.99886 58318 1.0000007 280695 102788 5 2 508407.03 9.3873904 22.1003 23.646625 223 1044854 230808 41561 52 0 0 0 0 0 0 553 309076 17054
23.653375 -0.202937 -0.188965 5.99888 58320 1.0000007 280691 102836 5 2 508108.91 9.3873904 22.1003 23.653375 178 1044318 230336 41520 53 0 0 0 0 0 0 553 309060 17044
23.66 -0.202937 -0.188272 5.9989 58321 1.0000007 280651 102734 5 2 511656.49 9.3873904 22.1003 23.66 195 1047334 231444 41780 54 0 0 0 0 0 0 553 309014 17163
23.666625 -0.202937 -0.187578 5.99893 58322 1.0000007 280781 102841 6 2 521196.2 9.3873904 22.1003 23.666625 224 1048497 232339 42109 55 0 0 0 0 0 0 553 309129 17483
23.673375 -0.202937 -0.186871 5.99895 58324 1.0000007 280616 102788 6 2 523968.68 9.3873904 22.1003 23.673375 195 1049190 233239 42521 56 0 0 0 0 0 0 553 308992 17576
23.68 -0.202937 -0.186178 5.99897 58325 1.0000007 280847 102928 5 2 525161.15 9.3873904 22.1003 23.68 230 1050396 233362 42648 57 0 0 0 0 0 0 553 309218 17616
23.686625 -0.202937 -0.185484 5.99899 58327 1.0000007 280823 102901 6 2 515025.2 9.3873904 22.1003 23.686625 241 1050243 232556 41978 58 0 0 0 0 0 0 553 309175 17276
23.693375 -0.202937 -0.184777 5.99901 58328 1.0000007 281065 103088 5 2 525906.44 9.3873904 22.1003 23.693375 204 1053776 234151 42553 59 0 0 0 0 0 0 553 309426 17641
23.7 -0.202937 -0.184084 5.99903 58330 1.0000007 281006 103065 5 2 519377.7 9.3873904 22.1003 23.7 215 1055294 234248 42371 60 0 0 0 0 0 0 553 309368 17422
23.706625 -0.202937 -0.18339 5.99906 58331 1.0000007 280945 103065 7 2 528172.12 9.3873904 22.1003 23.706625 215 1056007 235213 42629 61 0 0 0 0 0 0 553 309319 17717
23.713375 -0.202937 -0.182683 5.99908 58333 1.0000007 280992 103079 6 2 521792.43 9.3873904 22.1003 23.713375 225 1056638 235243 42600 62 0 0 0 0 0 0 553 309360 17503
23.72 -0.202937 -0.18199 5.9991 58334 1.0000007 280973 103066 5 2 532912.16 9.3873904 22.1003 23.72 201 1057717 235558 43089 63 0 0 0 0 0 0 553 309355 17876
23.726625 -0.202937 -0.181296 5.99912 58336 1.0000007 281026 103147 5 2 531123.47 9.3873904 22.1003 23.726625 238 1060754 237542 42975 64 0 0 0 0 0 0 553 309395 17816
23.733375 -0.202937 -0.180589 5.99914 58337 1.0000007 281094 103202 5 2 533687.26 9.3873904 22.1003 23.733375 243 1062090 238346 43251 65 0 0 0 0 0 0 553 309433 17902
23.74 -0.202937 -0.179895 5.99916 58339 1.0000007 281123 103181 7 2 531511.02 9.3873904 22.1003 23.74 209 1063249 238744 43411 66 0 0 0 0 0 0 553 309495 17829
23.746625 -0.202937 -0.179202 5.99918 58340 1.0000007 281062 103120 6 2 538009.95 9.3873904 22.1003 23.746625 206 1066894 240025 43571 67 0 0 0 0 0 0 553 309402 18047
23.753375 -0.202937 -0.178495 5.9992 58342 1.0000007 281491 103381 6 2 545373.41 9.3873904 22.1003 23.753375 229 1068222 241102 44000 68 0 0 0 0 0 0 553 309849 18294
23.76 -0.202937 -0.177801 5.99922 58343 1.0000007 282059 103496 5 2 550739.5 9.3873904 22.1003 23.76 229 1075177 242546 44345 69 0 0 0 0 0 0 553 310403 18474
23.766625 -0.202937 -0.177108 5.99924 58345 1.0000007 282189 103564 5 2 549129.67 9.3873904 22.1003 23.766625 210 1075312 243490 44364 70 0 0 0 0 0 0 553 310492 18420
23.773375 -0.202937 -0.176401 5.99926 58346 1.0000007 282508 103752 5 2 550292.32 9.3873904 22.1003 23.773375 225 1080204 244874 44637 71 0 0 0 0 0 0 553 310842 18459
23.78 -0.202937 -0.175707 5.99929 58347 1.0000007 282486 103768 5 2 560040.72 9.3873904 22.1003 23.78 211 1082601 246723 45259 72 0 0 0 0 0 0 553 310818 18786
23.786625 -0.202937 -0.175014 5.99931 58349 1.0000007 282548 103828 5 2 546983.24 9.3873904 22.1003 23.786625 217 1084003 247431 44866 73 0 0 0 0 0 0 553 310897 18348
23.793375 -0.202937 -0.174307 5.99933 58351 1.0000007 282509 103766 5 2 563260.37 9.3873904 22.1003 23.793375 225 1086709 249325 45640 74 0 0 0 0 0 0 553 310858 18894
23.8 -0.202937 -0.173613 5.99935 58352 1.0000007 282544 103862 5 2 562783.38 9.3873904 22.1003 23.8 222 1090246 250908 45686 75 0 0 0 0 0 0 553 310855 18878
23.806625 -0.202937 -0.172919 5.99937 58353 1.0000007 282661 103944 6 2 563767.17 9.3873904 22.1003 23.806625 243 1092978 252484 46242 76 0 0 0 0 0 0 553 310993 18911
23.813375 -0.202937 -0.172213 5.99939 58355 1.0000007 282807 104005 5 2 570594.02 9.3873904 22.1003 23.813375 235 1095101 254071 46226 77 0 0 0 0 0 0 553 311136 19140
23.82 -0.202937 -0.171519 5.99941 58356 1.0000007 280610 103158 5 2 575483.13 9.3873904 22.1003 23.82 218 1088865 254976 46773 78 0 0 0 0 0 0 553 308825 19304
23.826625 -0.202937 -0.170825 5.99943 58358 1.0000007 283848 104529 5 2 582876.4 9.3873904 22.1003 23.826625 214 1105718 260368 47578 79 0 0 0 0 0 0 553 312169 19552
23.833375 -0.202937 -0.170118 5.99945 58359 1.0000007 283829 104548 6 2 579984.68 9.3873904 22.1003 23.833375 220 1108318 262020 48086 80 0 0 0 0 0 0 553 312157 19455
23.84 -0.202937 -0.169425 5.99947 58361 1.0000007 283812 104515 6 2 590210.06 9.3873904 22.1003 23.84 233 1113848 265161 48406 81 0 0 0 0 0 0 553 312128 19798
23.846625 -0.202937 -0.168731 5.99949 58362 1.0000007 283905 104619 5 2 592803.67 9.3873904 22.1003 23.846625 242 1115933 266667 48752 82 0 0 0 0 0 0 553 312242 19885
23.853375 -0.202937 -0.168024 5.99951 58364 1.0000007 284059 104762 5 2 601270.16 9.3873904 22.1003 23.853375 211 1122878 270839 49722 83 0 0 0 0 0 0 553 312398 20169
23.86 -0.202937 -0.16733 5.99952 58365 1.0000007 284127 104752 5 2 615490.29 9.3873904 22.1003 23.86 230 1127232 274922 50278 84 0 0 0 0 0 0 553 312444 20646
23.866625 -0.202937 -0.166637 5.99954 58367 1.0000007 284121 104803 5 2 629233.44 9.3873904 22.1003 23.866625 221 1130931 279096 51228 85 0 0 0 0 0 0 553 312422 21107
23.873375 -0.202937 -0.16593 5.99956 58368 1.0000007 284184 104888 5 2 632810.83 9.3873904 22.1003 23.873375 242 1137602 284675 52315 86 0 0 0 0 0 0 553 312511 21227
23.88 -0.202937 -0.165236 5.99958 58370 1.0000007 284234 104927 5 2 644675.85 9.3873904 22.1003 23.88 250 1145973 290163 53080 87 0 0 0 0 0 0 553 312533 21625
23.886625 -0.202937 -0.164542 5.9996 58371 1.0000007 284121 104876 5 2 668346.26 9.3873904 22.1003 23.886625 211 1152594 297163 54565 88 0 0 0 0 0 0 553 312444 22419
23.893375 -0.202937 -0.163836 5.99962 58373 1.0000007 284064 104928 6 2 658478.62 9.3873904 22.1003 23.893375 257 1158891 304021 55022 89 0 0 0 0 0 0 553 312378 22088
23.9 -0.202937 -0.163142 5.99964 58374 1.0000007 284169 105011 5 2 692642.71 9.3873904 22.1003 23.9 332 1171132 313900 56914 90 0 0 0 0 0 0 553 312484 23234
23.906625 -0.202937 -0.162448 5.99966 58376 1.0000007 283901 104839 5 2 699737.88 9.3873904 22.1003 23.906625 428 1183993 325479 58345 91 0 0 0 0 0 0 553 312217 23472
23.913375 -0.202937 -0.161741 5.99968 58377 1.0000007 284050 105008 6 2 711245.15 9.3873904 22.1003 23.913375 578 1199106 339720 60370 92 0 0 0 0 0 0 553 312378 23858
23.92 -0.202937 -0.161048 5.9997 58378 1.0000007 284061 104986 6 2 733723.1 9.3873904 22.1003 23.92 802 1214234 355547 62467 93 0 0 0 0 0 0 553 312361 24612
23.926625 -0.202937 -0.160354 5.99972 58380 1.0000007 284070 105001 5 2 766784.16 9.3873904 22.1003 23.926625 1097 1238525 377982 65052 94 0 0 0 0 0 0 553 312386 25721
23.933375 -0.202937 -0.159647 5.99973 58382 1.0000007 284090 105052 6 2 799606.74 9.3873904 22.1003 23.933375 1517 1263708 404019 68724 95 0 0 0 0 0 0 553 312413 26822
23.94 -0.202937 -0.158953 5.99975 58383 1.0000007 284236 105177 5 2 819669.94 9.3873904 22.1003 23.94 2002 1296984 435770 71693 96 0 0 0 0 0 0 553 312551 27495
23.946625 -0.202937 -0.15826 5.99977 58385 1.0000007 284061 105045 5 2 855443.86 9.3873904 22.1003 23.946625 2695 1335504 474705 76032 97 0 0 0 0 0 0 553 312367 28695
23.953375 -0.202937 -0.157553 5.99979 58386 1.0000007 284312 105176 5 2 907584.35 9.3873904 22.1003 23.953375 3572 1387619 524835 81653 98 0 0 0 0 0 0 553 312613 30444
23.96 -0.202937 -0.156859 5.99981 58388 1.0000007 284239 105152 5 2 948933.04 9.3873904 22.1003 23.96 4795 1445170 582297 88171 99 0 0 0 0 0 0 553 312567 31831
23.966625 -0.202937 -0.156165 5.99983 58389 1.0000007 284273 105106 5 2 990043.24 9.3873904 22.1003 23.966625 6469 1513445 650255 95494 100 0 0 0 0 0 0 553 312616 33210
23.973375 -0.202937 -0.155458 5.99984 58391 1.0000007 284019 105060 6 2 1048593.2 9.3873904 22.1003 23.973375 8452 1596276 735235 105417 101 0 0 0 0 0 0 553 312356 35174
23.98 -0.202937 -0.154765 5.99986 58392 1.0000007 284166 105071 5 2 1101449.2 9.3873904 22.1003 23.98 10831 1695987 834302 116918 102 0 0 0 0 0 0 553 312474 36947
23.986625 -0.202937 -0.154071 5.99988 58394 1.0000007 283975 104997 6 2 1176067.6 9.3873904 22.1003 23.986625 13914 1814275 953218 131186 103 0 0 0 0 0 0 553 312294 39450
23.993375 -0.202937 -0.153364 5.9999 58395 1.0000007 283854 104974 5 2 1250447.6 9.3873904 22.1003 23.993375 18936 1974944 1112672 148886 104 0 0 0 0 0 0 553 312171 41945
24 -0.202937 -0.15267 5.99992 58397 1.0000007 283879 104951 6 2 1356964.4 9.3873904 22.1003 24 24033 2172965 1313115 171423 105 0 0 0 0 0 0 553 312188 45518
24.006625 -0.202937 -0.151977 5.99993 58398 1.0000007 283785 104914 5 2 1445594.3 9.3873904 22.1003 24.006625 31539 2438667 1576842 197573 106 0 0 0 0 0 0 553 312111 48491
24.013375 -0.202937 -0.15127 5.99995 58400 1.0000007 283800 104834 6 2 1545701.6 9.3873904 22.1003 24.013375 41201 2819288 1957971 231944 107 0 0 0 0 0 0 553 312115 51849
24.02 -0.202937 -0.150576 5.99997 58401 1.0000007 283961 104910 6 2 1704329.2 9.3873904 22.1003 24.02 63356 3353207 2492534 276968 108 0 0 0 0 0 0 553 312256 57170
24.026625 -0.202937 -0.149882 5.99999 58402 1.0000007 283750 104889 6 2 1855891.3 9.3873904 22.1003 24.026625 105489 4132993 3272573 338335 109 0 0 0 0 0 0 553 312061 62254
24.033375 -0.202937 -0.149175 6 58404 1.0000007 283630 104695 5 2 2059117 9.3873904 22.1003 24.033375 196430 5293008 4433048 421852 110 0 0 0 0 0 0 553 311953 69071
24.04 -0.202937 -0.148482 6.00002 58405 1.0000007 283613 104700 6 2 2285446.7 9.3873904 22.1003 24.04 341919 6778278 5917943 530888 111 0 0 0 0 0 0 553 311953 76663
24.046625 -0.202937 -0.147788 6.00004 58407 1.0000007 283626 104742 6 2 2542869.9 9.3873904 22.1003 24.046625 494243 8120811 7259194 641111 112 0 0 0 0 0 0 553 311956 85298
24.053375 -0.202937 -0.147081 6.00006 58408 1.0000007 283599 104645 5 2 2774506 9.3873904 22.1003 24.053375 539955 8657729 7796480 711264 113 0 0 0 0 0 0 553 311918 93068
24.06 -0.202937 -0.146387 6.00007 58410 1.0000007 283440 104522 6 2 2992756.7 9.3873904 22.1003 24.06 618984 8937091 8077505 808681 114 0 0 0 0 0 0 553 311776 100389
24.066625 -0.202937 -0.145693 6.00009 58411 1.0000007 283378 104520 6 2 3285774.9 9.3873904 22.1003 24.066625 630706 9270265 8410709 1024970 115 0 0 0 0 0 0 553 311703 110218
24.073375 -0.202937 -0.144987 6.00011 58413 1.0000007 283418 104516 6 2 3544629.1 9.3873904 22.1003 24.073375 578200 9406861 8548150 1399656 116 0 0 0 0 0 0 553 311756 118901
24.08 -0.202937 -0.144293 6.00012 58414 1.0000007 283322 104484 6 2 3815855 9.3873904 22.1003 24.08 465302 9264724 8404929 1872279 117 0 0 0 0 0 0 553 311661 127999
24.086625 -0.202937 -0.143599 6.00014 58416 1.0000007 283070 104319 6 2 4123063.5 9.3873904 22.1003 24.086625 457386 9047247 8190152 2404697 118 0 0 0 0 0 0 553 311398 138304
24.093375 -0.202937 -0.142892 6.00016 58417 1.0000007 283287 104371 6 2 4373838.7 9.3873904 22.1003 24.093375 401612 8395735 7538442 2830153 119 0 0 0 0 0 0 553 311633 146716
24.1 -0.202937 -0.142198 6.00017 58419 1.0000007 283179 104326 5 2 4597246.8 9.3873904 22.1003 24.1 244974 7260489 6404207 2929425 120 0 0 0 0 0 0 553 311515 154210
24.106625 -0.202937 -0.141505 6.00019 58420 1.0000007 283110 104323 6 2 4849780.9 9.3873904 22.1003 24.106625 151755 6117837 5265045 2729564 121 0 0 0 0 0 0 553 311433 162681
24.113375 -0.202937 -0.140798 6.00021 58422 1.0000007 282979 104257 6 2 5112093.2 9.3873904 22.1003 24.113375 130062 5225741 4372954 2483678 122 0 0 0 0 0 0 553 311323 171480
24.12 -0.202937 -0.140104 6.00022 58423 1.0000007 282857 104203 6 2 5454300.5 9.3873904 22.1003 24.12 143677 4551694 3698570 2264899 123 0 0 0 0 0 0 553 311189 182959
24.126625 -0.202937 -0.13941 6.00024 58425 1.0000007 283052 104217 6 2 5928632.9 9.3873904 22.1003 24.126625 135818 3983588 3132958 2022539 124 0 0 0 0 0 0 553 311417 198870
24.133375 -0.202937 -0.138703 6.00025 58426 1.0000007 282862 104176 5 2 6237719.6 9.3873904 22.1003 24.133375 105711 3365446 2515530 1635172 125 0 0 0 0 0 0 553 311195 209238
24.14 -0.202937 -0.138009 6.00027 58427 1.0000007 282701 104033 6 2 6247587.2 9.3873904 22.1003 24.14 76793 2801668 1951611 1230943 126 0 0 0 0 0 0 553 311049 209569
24.146625 -0.202937 -0.137316 6.00029 58429 1.0000007 282654 103968 5 2 5965480 9.3873904 22.1003 24.146625 39496 2348372 1499272 890204 127 0 0 0 0 0 0 553 310994 200106
24.153375 -0.202937 -0.136609 6.0003 58430 1.0000007 282728 104021 6 2 5483843.8 9.3873904 22.1003 24.153375 17666 2037481 1188845 658826 128 0 0 0 0 0 0 553 311077 183950
24.16 -0.202937 -0.135915 6.00032 58432 1.0000007 282480 103827 6 2 5076885.7 9.3873904 22.1003 24.16 8638 1844300 996506 524963 129 0 0 0 0 0 0 553 310844 170299
24.166625 -0.202937 -0.135221 6.00033 58433 1.0000007 282407 103811 6 2 4778710 9.3873904 22.1003 24.166625 4869 1723034 875741 446087 130 0 0 0 0 0 0 553 310745 160297
24.173375 -0.202937 -0.134514 6.00035 58435 1.0000007 282304 103716 5 2 4551217.7 9.3873904 22.1003 24.173375 3258 1642746 795529 396538 131 0 0 0 0 0 0 553 310643 152666
24.18 -0.202937 -0.13382 6.00037 58436 1.0000007 282238 103643 5 2 4422729.7 9.3873904 22.1003 24.18 2533 1587981 741730 364229 132 0 0 0 0 0 0 553 310576 148356
24.186625 -0.202937 -0.133127 6.00038 58438 1.0000007 282078 103647 6 2 4361288 9.3873904 22.1003 24.186625 2145 1551462 705809 342743 133 0 0 0 0 0 0 553 310427 146295
24.193375 -0.202937 -0.13242 6.0004 58439 1.0000007 282122 103458 5 2 4343818.4 9.3873904 22.1003 24.193375 1784 1523053 678140 326707 134 0 0 0 0 0 0 553 310473 145709
24.2 -0.202937 -0.131726 6.00041 58441 1.0000007 282095 103412 4 2 4346471.7 9.3873904 22.1003 24.2 1518 1504964 659790 315656 135 0 0 0 0 0 0 553 310466 145798
24.206625 -0.202937 -0.131032 6.00043 58442 1.0000007 281872 103300 6 2 4405140.9 9.3873904 22.1003 24.206625 1267 1490953 645832 308728 136 0 0 0 0 0 0 553 310239 147766
24.213375 -0.202937 -0.130325 6.00044 58444 1.0000007 281873 103247 6 2 4439632.9 9.3873904 22.1003 24.213375 1055 1476809 632731 301000 137 0 0 0 0 0 0 553 310217 148923
24.22 -0.202937 -0.129631 6.00046 58445 1.0000007 281765 103171 5 2 4478238.9 9.3873904 22.1003 24.22 1011 1464404 622139 296012 138 0 0 0 0 0 0 553 310121 150218
24.226625 -0.202937 -0.128937 6.00047 58447 1.0000007 281713 103245 4 2 4579896.5 9.3873904 22.1003 24.226625 914 1457802 614708 294467 139 0 0 0 0 0 0 553 310068 153628
24.233375 -0.202937 -0.128231 6.00049 58448 1.0000007 281685 103112 5 2 4689185.8 9.3873904 22.1003 24.233375 855 1452709 610261 294692 140 0 0 0 0 0 0 553 310062 157294
24.24 -0.202937 -0.127537 6.0005 58450 1.0000007 281576 103169 6 2 4774566.2 9.3873904 22.1003 24.24 815 1445257 604614 294133 141 0 0 0 0 0 0 553 309940 160158
24.246625 -0.202937 -0.126843 6.00052 58451 1.0000007 281434 102968 5 2 4820953.1 9.3873904 22.1003 24.246625 789 1438483 598377 292589 142 0 0 0 0 0 0 553 309776 161714
24.253375 -0.202937 -0.126136 6.00053 58452 1.0000007 281355 102962 5 2 4966165.4 9.3873904 22.1003 24.253375 776 1437882 597891 295751 143 0 0 0 0 0 0 553 309716 166585
24.26 -0.202937 -0.125442 6.00055 58454 1.0000007 281349 102884 6 2 5044957.4 9.3873904 22.1003 24.26 791 1432616 594196 296266 144 0 0 0 0 0 0 553 309717 169228
24.266625 -0.202937 -0.124748 6.00056 58455 1.0000007 281274 102892 4 2 5163846.1 9.3873904 22.1003 24.266625 802 1433175 594068 298162 145 0 0 0 0 0 0 553 309657 173216
24.273375 -0.202937 -0.124041 6.00058 58457 1.0000007 281108 102752 5 2 5218878.3 9.3873904 22.1003 24.273375 808 1428675 591147 298983 146 0 0 0 0 0 0 553 309466 175062
24.28 -0.202937 -0.123348 6.00059 58458 1.0000007 281105 102764 7 2 5336544.7 9.3873904 22.1003 24.28 884 1430642 594274 303565 147 0 0 0 0 0 0 553 309487 179009
24.286625 -0.202937 -0.122654 6.0006 58460 1.0000007 280975 102626 5 2 5379711.9 9.3873904 22.1003 24.286625 903 1430418 594645 304815 148 0 0 0 0 0 0 553 309316 180457
24.293375 -0.202937 -0.121947 6.00062 58461 1.0000007 280943 102624 5 2 5480683.8 9.3873904 22.1003 24.293375 978 1435094 599170 309183 149 0 0 0 0 0 0 553 309314 183844
24.3 -0.202937 -0.121253 6.00063 58463 1.0000007 280818 102518 6 2 5550800.7 9.3873904 22.1003 24.3 1026 1440607 605104 314111 150 0 0 0 0 0 0 553 309180 186196
24.306625 -0.202937 -0.120559 6.00065 58464 1.0000007 280815 102560 5 2 5610513.3 9.3873904 22.1003 24.306625 1113 1449409 613858 319194 151 0 0 0 0 0 0 553 309171 188199
24.313375 -0.202937 -0.119852 6.00066 58466 1.0000007 280757 102464 6 2 5691899 9.3873904 22.1003 24.313375 1209 1460843 626196 328407 152 0 0 0 0 0 0 553 309116 190929
24.32 -0.202937 -0.119158 6.00067 58467 1.0000007 280702 102418 6 2 5727404.6 9.3873904 22.1003 24.32 1272 1470097 636169 334564 153 0 0 0 0 0 0 553 309087 192120
24.326625 -0.202937 -0.118464 6.00069 58469 1.0000007 280558 102381 6 2 5701826.2 9.3873904 22.1003 24.326625 1402 1479008 646847 339683 154 0 0 0 0 0 0 553 308922 191262
24.333375 -0.202937 -0.117758 6.0007 58470 1.0000007 280650 102379 5 2 5679378.1 9.3873904 22.1003 24.333375 1532 1494649 661952 347789 155 0 0 0 0 0 0 553 309033 190509
24.34 -0.202937 -0.117064 6.00072 58472 1.0000007 280599 102409 5 2 5624584.4 9.3873904 22.1003 24.34 1633 1508626 675110 352920 156 0 0 0 0 0 0 553 308967 188671
24.346625 -0.202937 -0.11637 6.00073 58473 1.0000007 280660 102397 5 2 5507842.2 9.3873904 22.1003 24.346625 1733 1525051 692621 359351 157 0 0 0 0 0 0 553 309054 184755
24.353375 -0.202937 -0.115663 6.00074 58475 1.0000007 280463 102289 6 2 5318270.2 9.3873904 22.1003 24.353375 1968 1539345 707683 361995 158 0 0 0 0 0 0 553 308830 178396
24.36 -0.202937 -0.114969 6.00076 58476 1.0000007 279008 101682 6 2 5092596.4 9.3873904 22.1003 24.36 2244 1547324 720610 362818 159 0 0 0 0 0 0 553 307317 170826
24.366625 -0.202937 -0.114275 6.00077 58478 1.0000007 280818 102428 5 2 4895094.5 9.3873904 22.1003 24.366625 2620 1576764 744166 367322 160 0 0 0 0 0 0 553 309197 164201
24.373375 -0.202937 -0.113568 6.00078 58479 1.0000007 280840 102446 5 2 4686741.3 9.3873904 22.1003 24.373375 2966 1601780 771414 371873 161 0 0 0 0 0 0 553 309230 157212
24.38 -0.202937 -0.112874 6.0008 58481 1.0000007 280929 102526 6 2 4448487 9.3873904 22.1003 24.38 3450 1623141 791950 370278 162 0 0 0 0 0 0 553 309327 149220
24.386625 -0.202937 -0.11218 6.00081 58482 1.0000007 281032 102607 6 2 4219384.8 9.3873904 22.1003 24.386625 4084 1652016 820728 370158 163 0 0 0 0 0 0 553 309435 141535
24.393375 -0.202937 -0.111474 6.00082 58484 1.0000007 280885 102531 6 2 4000299.4 9.3873904 22.1003 24.393375 4918 1680937 851747 369562 164 0 0 0 0 0 0 553 309277 134186
24.4 -0.202937 -0.11078 6.00084 58485 1.0000007 281016 102582 5 2 3776563.3 9.3873904 22.1003 24.4 5649 1711003 878820 363779 165 0 0 0 0 0 0 553 309374 126681
24.406625 -0.202937 -0.110086 6.00085 58487 1.0000007 280934 102587 5 2 3574947.4 9.3873904 22.1003 24.406625 7138 1739584 909959 360426 166 0 0 0 0 0 0 553 309334 119918
24.413375 -0.202937 -0.109379 6.00086 58488 1.0000007 280976 102623 6 2 3354788.8 9.3873904 22.1003 24.413375 8549 1772884 942812 351885 167 0 0 0 0 0 0 553 309324 112533
24.42 -0.202937 -0.108685 6.00087 58490 1.0000007 281081 102687 5 2 3198039.4 9.3873904 22.1003 24.42 10278 1814198 983981 346854 168 0 0 0 0 0 0 553 309470 107275
24.426625 -0.202937 -0.107991 6.00089 58491 1.0000007 281295 102807 6 2 3052737.7 9.3873904 22.1003 24.426625 12047 1860347 1032399 341423 169 0 0 0 0 0 0 553 309680 102401
24.433375 -0.202937 -0.107284 6.0009 58492 1.0000007 281130 102716 5 2 2865341.9 9.3873904 22.1003 24.433375 14302 1910005 1080224 331237 170 0 0 0 0 0 0 553 309492 96115
24.44 -0.202937 -0.10659 6.00091 58494 1.0000007 281402 102963 6 2 2715806.9 9.3873904 22.1003 24.44 17190 1974014 1143139 326115 171 0 0 0 0 0 0 553 309787 91099
24.446625 -0.202937 -0.105896 6.00092 58495 1.0000007 281436 102964 5 2 2614894.7 9.3873904 22.1003 24.446625 20259 2043525 1215408 318341 172 0 0 0 0 0 0 553 309815 87714
24.453375 -0.202937 -0.105189 6.00094 58497 1.0000007 281631 103101 5 2 2474094.5 9.3873904 22.1003 24.453375 24968 2142213 1312885 311663 173 0 0 0 0 0 0 553 310015 82991
24.46 -0.202937 -0.104496 6.00095 58498 1.0000007 281616 103065 6 2 2356219.4 9.3873904 22.1003 24.46 30376 2264583 1435501 302564 174 0 0 0 0 0 0 553 310012 79037
24.466625 -0.202937 -0.103802 6.00096 58500 1.0000007 281769 103233 6 2 2213749.8 9.3873904 22.1003 24.466625 38679 2386551 1556753 290725 175 0 0 0 0 0 0 553 310123 74258
24.473375 -0.202937 -0.103095 6.00097 58501 1.0000007 281912 103345 6 2 2135255.9 9.3873904 22.1003 24.473375 48348 2530935 1701505 279826 176 0 0 0 0 0 0 553 310271 71625
24.48 -0.202937 -0.102401 6.00098 58503 1.0000007 282066 103398 5 2 2033896.4 9.3873904 22.1003 24.48 55488 2654220 1823965 265316 177 0 0 0 0 0 0 553 310442 68225
24.486625 -0.202937 -0.101707 6.001 58504 1.0000007 282153 103465 6 2 1922639.5 9.3873904 22.1003 24.486625 59754 2654220 1996075 248201 178 0 0 0 0 0 0 553 310518 64493
24.493375 -0.202937 -0.101 6.00101 58506 1.0000007 282265 103657 6 2 1833174.9 9.3873904 22.1003 24.493375 92642 3040552 2210495 232300 179 0 0 0 0 0 0 553 310611 61492
24.5 -0.202937 -0.100306 6.00102 58507 1.0000007 282177 103593 5 2 1746751.1 9.3873904 22.1003 24.5 86494 2952216 2121838 216051 180 0 0 0 0 0 0 553 310542 58593
24.506625 -0.202937 -0.0996122 6.00103 58509 1.0000007 282338 103811 6 2 1658836.7 9.3873904 22.1003 24.506625 59330 2584724 1756069 201526 181 0 0 0 0 0 0 553 310675 55644
24.513375 -0.202937 -0.0989052 6.00104 58510 1.0000007 282539 103853 6 2 1569550.9 9.3873904 22.1003 24.513375 39365 2237328 1407312 186325 182 0 0 0 0 0 0 553 310896 52649
24.52 -0.202937 -0.0982113 6.00105 58512 1.0000007 282582 103948 6 2 1569550.9 9.3873904 22.1003 24.52 33934 2017611 1188363 174284 183 0 0 0 0 0 0 553 310939 52649
24.526625 -0.202937 -0.0975174 6.00107 58513 1.0000007 282615 103914 6 2 1413338.1 9.3873904 22.1003 24.526625 29053 1858129 1027659 161974 184 0 0 0 0 0 0 553 310992 47409
24.533375 -0.202937 -0.0968104 6.00108 58515 1.0000007 282765 104157 6 2 1334695.1 9.3873904 22.1003 24.533375 27216 1707730 877016 151267 185 0 0 0 0 0 0 553 311112 44771
24.54 -0.202937 -0.0961165 6.00109 58516 1.0000007 282948 104130 5 2 1223974.9 9.3873904 22.1003 24.54 11263 1552674 721187 140120 186 0 0 0 0 0 0 553 311290 41057
24.546625 -0.202937 -0.0954226 6.0011 58518 1.0000007 282861 104209 6 2 1166826 9.3873904 22.1003 24.546625 5141 1458300 629735 131369 187 0 0 0 0 0 0 553 311218 39140
24.553375 -0.202937 -0.0947157 6.00111 58519 1.0000007 282822 104128 5 2 1073813.8 9.3873904 22.1003 24.553375 2283 1396663 568736 119628 188 0 0 0 0 0 0 553 311152 36020
24.56 -0.202937 -0.0940218 6.00112 58521 1.0000007 282930 104278 5 2 1029126.2 9.3873904 22.1003 24.56 2034 1364789 535356 111318 189 0 0 0 0 0 0 553 311265 34521
24.566625 -0.202937 -0.0933279 6.00113 58522 1.0000007 283034 104247 5 2 974243.09 9.3873904 22.1003 24.566625 2029 1320622 492478 100844 190 0 0 0 0 0 0 553 311352 32680
24.573375 -0.202937 -0.0926209 6.00114 58524 1.0000007 283007 104430 5 2 917720.29 9.3873904 22.1003 24.573375 1568 1274588 447106 91854 191 0 0 0 0 0 0 553 311347 30784
24.58 -0.202937 -0.091927 6.00115 58526 1.0000007 283111 104392 5 2 873897.24 9.3873904 22.1003 24.58 939 1233688 405846 84454 192 0 0 0 0 0 0 553 311445 29314
24.586625 -0.202937 -0.0912331 6.00116 58527 1.0000007 283245 104571 7 2 844264.51 9.3873904 22.1003 24.586625 525 1203955 376347 78718 193 0 0 0 0 0 0 553 311556 28320
24.593375 -0.202937 -0.0905261 6.00117 58528 1.0000007 283182 104461 5 2 792839.5 9.3873904 22.1003 24.593375 415 1178422 350801 72773 194 0 0 0 0 0 0 553 311504 26595
24.6 -0.202937 -0.0898322 6.00119 58530 1.0000007 283178 104567 5 2 772686.86 9.3873904 22.1003 24.6 365 1162974 335128 69134 195 0 0 0 0 0 0 553 311506 25919
24.606625 -0.202937 -0.0891383 6.0012 58531 1.0000007 283193 104466 7 2 739208.43 9.3873904 22.1003 24.606625 305 1149860 322556 65063 196 0 0 0 0 0 0 553 311530 24796
24.613375 -0.202937 -0.0884313 6.00121 58533 1.0000007 283220 104588 5 2 701019.77 9.3873904 22.1003 24.613375 271 1139101 311635 61545 197 0 0 0 0 0 0 553 311541 23515
24.62 -0.202937 -0.0877373 6.00122 58534 1.0000007 283249 104533 6 2 686531.34 9.3873904 22.1003 24.62 256 1129527 303302 59194 198 0 0 0 0 0 0 553 311582 23029
24.626625 -0.202937 -0.0870434 6.00123 58536 1.0000007 283150 104600 6 2 664500.56 9.3873904 22.1003 24.626625 217 1122208 296552 57233 199 0 0 0 0 0 0 553 311467 22290
24.633375 -0.202937 -0.0863364 6.00124 58537 1.0000007 283181 104475 6 2 651771.01 9.3873904 22.1003 24.633375 198 1115006 289698 55601 200 0 0 0 0 0 0 553 311503 21863
24.64 -0.202937 -0.0856425 6.00125 58539 1.0000007 283230 104592 5 2 640084.86 9.3873904 22.1003 24.64 230 1112765 285669 54058 201 0 0 0 0 0 0 553 311551 21471
24.646625 -0.202937 -0.0849486 6.00126 58541 1.0000007 283268 104511 7 2 620260.15 9.3873904 22.1003 24.646625 234 1105723 280306 52313 202 0 0 0 0 0 0 553 311595 20806
24.653375 -0.202937 -0.0842416 6.00127 58542 1.0000007 283250 104651 6 2 606666.06 9.3873904 22.1003 24.653375 220 1100785 276537 51070 203 0 0 0 0 0 0 553 311563 20350
24.66 -0.202937 -0.0835477 6.00128 58544 1.0000007 283251 104503 5 2 603655.09 9.3873904 22.1003 24.66 212 1098582 273275 50416 204 0 0 0 0 0 0 553 311593 20249
24.666625 -0.202937 -0.0828538 6.00129 58545 1.0000007 283206 104575 6 2 597573.52 9.3873904 22.1003 24.666625 222 1094138 270386 49463 205 0 0 0 0 0 0 553 311541 20045
24.673375 -0.202937 -0.0821468 6.0013 58547 1.0000007 283203 104459 5 2 579597.13 9.3873904 22.1003 24.673375 235 1092256 267317 48405 206 0 0 0 0 0 0 553 311532 19442
24.68 -0.202937 -0.0814528 6.0013 58548 1.0000007 283075 104485 5 2 577331.45 9.3873904 22.1003 24.68 223 1086484 265174 48071 207 0 0 0 0 0 0 553 311404 19366
24.686625 -0.202937 -0.0807589 6.00131 58549 1.0000007 283098 104407 7 2 567672.49 9.3873904 22.1003 24.686625 235 1085280 262526 47291 208 0 0 0 0 0 0 553 311407 19042
24.693375 -0.202937 -0.0800519 6.00132 58551 1.0000007 283248 104596 6 2 559981.09 9.3873904 22.1003 24.693375 230 1083536 260079 46752 209 0 0 0 0 0 0 553 311576 18784
24.7 -0.202937 -0.079358 6.00133 58552 1.0000007 283076 104427 6 2 556970.12 9.3873904 22.1003 24.7 228 1080786 258990 46376 210 0 0 0 0 0 0 553 311402 18683
24.706625 -0.202937 -0.0786641 6.00134 58554 1.0000007 283061 104512 6 2 555837.28 9.3873904 22.1003 24.706625 227 1079647 256296 46001 211 0 0 0 0 0 0 553 311380 18645
24.713375 -0.202937 -0.077957 6.00135 58555 1.0000007 283031 104375 5 2 546834.18 9.3873904 22.1003 24.713375 230 1078056 254948 45404 212 0 0 0 0 0 0 553 311368 18343
24.72 -0.202937 -0.0772631 6.00136 58557 1.0000007 283055 104485 5 2 551574.22 9.3873904 22.1003 24.72 228 1074292 253820 45556 213 0 0 0 0 0 0 553 311400 18502
24.726625 -0.202937 -0.0765692 6.00137 58558 1.0000007 283063 104389 5 2 547549.66 9.3873904 22.1003 24.726625 210 1073676 252176 45248 214 0 0 0 0 0 0 553 311409 18367
24.733375 -0.202937 -0.0758622 6.00138 58560 1.0000007 282911 104334 6 2 541885.45 9.3873904 22.1003 24.733375 202 1069202 250218 44623 215 0 0 0 0 0 0 553 311261 18177
24.74 -0.202937 -0.0751682 6.00139 58561 1.0000007 282867 104254 5 2 544240.57 9.3873904 22.1003 24.74 252 1067415 248740 44455 216 0 0 0 0 0 0 553 311192 18256
24.746625 -0.202937 -0.0744743 6.0014 58563 1.0000007 282796 104314 7 2 534611.42 9.3873904 22.1003 24.746625 225 1067434 248316 44428 217 0 0 0 0 0 0 553 311148 17933
24.753375 -0.202937 -0.0737673 6.0014 58565 1.0000007 282846 104256 5 2 534611.42 9.3873904 22.1003 24.753375 221 1068584 247961 44339 218 0 0 0 0 0 0 553 311182 17933
24.76 -0.202937 -0.0730734 6.00141 58566 1.0000007 282868 104350 6 2 535177.84 9.3873904 22.1003 24.76 231 1063984 245858 43787 219 0 0 0 0 0 0 553 311220 17952
24.766625 -0.202937 -0.0723794 6.00142 58568 1.0000007 282892 104284 5 2 537711.83 9.3873904 22.1003 24.766625 221 1064704 245699 43892 220 0 0 0 0 0 0 553 311234 18037
24.773375 -0.202937 -0.0716724 6.00143 58569 1.0000007 282657 104170 5 2 540335.25 9.3873904 22.1003 24.773375 215 1062062 244950 44098 221 0 0 0 0 0 0 553 310994 18125
24.78 -0.202937 -0.0709785 6.00144 58571 1.0000007 282607 104068 6 2 533389.15 9.3873904 22.1003 24.78 187 1060655 243633 43730 222 0 0 0 0 0 0 553 310936 17892
24.786625 -0.202937 -0.0702845 6.00145 58572 1.0000007 282713 104221 5 2 523163.77 9.3873904 22.1003 24.786625 229 1057540 240985 43048 223 0 0 0 0 0 0 553 311053 17549
24.793375 -0.202937 -0.0695775 6.00145 58573 1.0000007 282676 104112 5 2 537354.09 9.3873904 22.1003 24.793375 243 1058318 241872 43624 224 0 0 0 0 0 0 553 310999 18025
24.8 -0.202937 -0.0688836 6.00146 58575 1.0000007 282637 104216 7 2 529334.77 9.3873904 22.1003 24.8 216 1056028 240832 43276 225 0 0 0 0 0 0 553 310967 17756
24.806625 -0.202937 -0.0681896 6.00147 58576 1.0000007 282642 104109 5 2 532405.36 9.3873904 22.1003 24.806625 222 1055270 239771 43189 226 0 0 0 0 0 0 553 310950 17859
24.813375 -0.202937 -0.0674826 6.00148 58578 1.0000007 282570 104167 5 2 519795.06 9.3873904 22.1003 24.813375 197 1054609 238710 42726 227 0 0 0 0 0 0 553 310889 17436
24.82 -0.202937 -0.0667887 6.00149 58579 1.0000007 282585 104116 5 2 521136.58 9.3873904 22.1003 24.82 232 1051638 237995 42785 228 0 0 0 0 0 0 553 310916 17481
24.826625 -0.202937 -0.0660947 6.00149 58581 1.0000007 282540 104140 6 2 518662.22 9.3873904 22.1003 24.826625 233 1051390 237527 42387 229 0 0 0 0 0 0 553 310884 17398
24.833375 -0.202937 -0.0653877 6.0015 58582 1.0000007 282581 104096 6 2 525846.81 9.3873904 22.1003 24.833375 219 1053114 237404 42623 230 0 0 0 0 0 0 553 310908 17639
24.84 -0.202937 -0.0646937 6.00151 58584 1.0000007 282519 104106 6 2 533597.83 9.3873904 22.1003 24.84 208 1049612 237213 42816 231 0 0 0 0 0 0 553 310858 17899
24.846625 -0.202937 -0.0639998 6.00152 58585 1.0000007 282749 104149 6 2 521196.2 9.3873904 22.1003 24.846625 206 1050164 235934 42546 232 0 0 0 0 0 0 553 311079 17483
24.853375 -0.202937 -0.0632928 6.00152 58587 1.0000007 282608 104202 6 2 518334.29 9.3873904 22.1003 24.853375 212 1050339 235575 42185 233 0 0 0 0 0 0 553 310935 17387
24.86 -0.202937 -0.0625988 6.00153 58588 1.0000007 282654 104139 5 2 516605.22 9.3873904 22.1003 24.86 235 1047661 234869 42076 234 0 0 0 0 0 0 553 310986 17329
24.866625 -0.202937 -0.0619049 6.00154 58590 1.0000007 282546 104150 5 2 509241.75 9.3873904 22.1003 24.866625 211 1044225 233909 41741 235 0 0 0 0 0 0 553 310879 17082
24.873375 -0.202937 -0.0611978 6.00155 58591 1.0000007 282717 104221 5 2 516277.29 9.3873904 22.1003 24.873375 231 1046042 233836 42043 236 0 0 0 0 0 0 553 311050 17318
24.88 -0.202937 -0.0605039 6.00155 58593 1.0000007 282413 104104 6 2 513415.38 9.3873904 22.1003 24.88 231 1044440 232853 42100 237 0 0 0 0 0 0 553 310737 17222
24.886625 -0.202937 -0.0598099 6.00156 58594 1.0000007 282722 104173 6 2 512729.71 9.3873904 22.1003 24.886625 224 1045084 232592 41794 238 0 0 0 0 0 0 553 311074 17199
24.893375 -0.202937 -0.0591029 6.00157 58595 1.0000007 282671 104188 7 2 511268.94 9.3873904 22.1003 24.893375 207 1043742 232891 41890 239 0 0 0 0 0 0 553 311003 17150
24.9 -0.202937 -0.0584089 6.00157 58597 1.0000007 283786 104656 6 2 513027.82 9.3873904 22.1003 24.9 230 1047576 233955 41689 240 0 0 0 0 0 0 553 312137 17209
24.906625 -0.202937 -0.057715 6.00158 58598 1.0000007 283742 104654 5 2 521017.33 9.3873904 22.1003 24.906625 220 1045375 232680 42035 241 0 0 0 0 0 0 553 312082 17477
24.913375 -0.202937 -0.0570079 6.00159 58600 1.0000007 283757 104675 6 2 516992.77 9.3873904 22.1003 24.913375 228 1045501 232465 41963 242 0 0 0 0 0 0 553 312098 17342
24.92 -0.202937 -0.056314 6.00159 58601 1.0000007 283720 104632 6 2 521047.14 9.3873904 22.1003 24.92 232 1046876 232045 41829 243 0 0 0 0 0 0 553 312068 17478
24.926625 -0.202937 -0.05562 6.0016 58603 1.0000007 283970 104848 6 2 511686.3 9.3873904 22.1003 24.926625 223 1045921 232223 41603 244 0 0 0 0 0 0 553 312308 17164
24.933375 -0.202937 -0.054913 6.00161 58604 1.0000007 283711 104690 6 2 515859.93 9.3873904 22.1003 24.933375 228 1045069 231316 41652 245 0 0 0 0 0 0 553 312052 17304
24.94 -0.202937 -0.054219 6.00161 58606 1.0000007 283825 104739 6 2 507542.49 9.3873904 22.1003 24.94 226 1045562 230791 41458 246 0 0 0 0 0 0 553 312190 17025
24.946625 -0.202937 -0.0535251 6.00162 58607 1.0000007 283754 104656 5 2 509748.55 9.3873904 22.1003 24.946625 222 1042698 230603 41314 247 0 0 0 0 0 0 553 312103 17099
24.953375 -0.202937 -0.052818 6.00163 58609 1.0000007 283828 104726 6 2 510702.52 9.3873904 22.1003 24.953375 225 1041255 230114 41196 248 0 0 0 0 0 0 553 312179 17131
24.96 -0.202937 -0.0521241 6.00163 58610 1.0000007 283777 104722 5 2 512759.52 9.3873904 22.1003 24.96 229 1042397 230728 41544 249 0 0 0 0 0 0 553 312127 17200
24.966625 -0.202937 -0.0514301 6.00164 58612 1.0000007 283840 104800 6 2 509480.24 9.3873904 22.1003 24.966625 206 1043094 230207 41408 250 0 0 0 0 0 0 553 312182 17090
24.973375 -0.202937 -0.0507231 6.00164 58613 1.0000007 283759 104627 6 2 509152.32 9.3873904 22.1003 24.973375 228 1039560 230003 41334 251 0 0 0 0 0 0 553 312082 17079
24.98 -0.202937 -0.0500291 6.00165 58615 1.0000007 283717 104764 5 2 506856.82 9.3873904 22.1003 24.98 213 1039360 229254 41217 252 0 0 0 0 0 0 553 312020 17002
24.986625 -0.202937 -0.0493352 6.00165 58616 1.0000007 283811 104682 5 2 510255.35 9.3873904 22.1003 24.986625 208 1037684 227979 41181 253 0 0 0 0 0 0 553 312147 17116
24.993375 -0.202937 -0.0486281 6.00166 58618 1.0000007 283647 104721 6 2 502295.65 9.3873904 22.1003 24.993375 228 1038351 228319 40954 254 0 0 0 0 0 0 553 311964 16849
25 -0.202937 -0.0479341 6.00167 58619 1.0000007 283748 104664 5 2 507691.55 9.3873904 22.1003 25 254 1038090 228669 41368 255 0 0 0 0 0 0 553 312066 17030
25.006625 -0.202937 -0.0472402 6.00167 58620 1.0000007 283737 104730 5 2 507035.69 9.3873904 22.1003 25.006625 221 1035705 228173 41220 256 0 0 0 0 0 0 553 312054 17008
25.013375 -0.202937 -0.0465331 6.00168 58622 1.0000007 283593 104592 6 2 506767.39 9.3873904 22.1003 25.013375 226 1036013 227453 41012 257 0 0 0 0 0 0 553 311916 16999
25.02 -0.202937 -0.0458392 6.00168 58623 1.0000007 283612 104656 5 2 506439.46 9.3873904 22.1003 25.02 223 1034456 227582 40811 258 0 0 0 0 0 0 553 311938 16988
25.026625 -0.202937 -0.0451452 6.00169 58625 1.0000007 283494 104550 5 2 507274.19 9.3873904 22.1003 25.026625 231 1035516 227381 41064 259 0 0 0 0 0 0 553 311848 17016
25.033375 -0.202937 -0.0444381 6.00169 58626 1.0000007 283490 104609 6 2 500745.45 9.3873904 22.1003 25.033375 208 1035086 226647 40756 260 0 0 0 0 0 0 553 311834 16797
25.04 -0.202937 -0.0437442 6.0017 58628 1.0000007 283566 104575 5 2 506171.16 9.3873904 22.1003 25.04 216 1035097 227773 41014 261 0 0 0 0 0 0 553 311895 16979
25.046625 -0.202937 -0.0430502 6.0017 58629 1.0000007 283333 104438 5 2 508049.29 9.3873904 22.1003 25.046625 254 1033093 226708 40890 262 0 0 0 0 0 0 553 311667 17042
25.053375 -0.202937 -0.0423431 6.00171 58631 1.0000007 283485 104509 6 2 501431.11 9.3873904 22.1003 25.053375 264 1031894 226815 40797 263 0 0 0 0 0 0 553 311822 16820
25.06 -0.202937 -0.0416492 6.00171 58632 1.0000007 283471 104582 5 2 499165.43 9.3873904 22.1003 25.06 225 1032656 226554 40736 264 0 0 0 0 0 0 553 311806 16744
25.066625 -0.202937 -0.0409552 6.00172 58634 1.0000007 283547 104539 5 2 496035.21 9.3873904 22.1003 25.066625 237 1030130 224782 40516 265 0 0 0 0 0 0 553 311858 16639
25.073375 -0.202937 -0.0402482 6.00172 58635 1.0000007 283403 104588 7 2 497376.73 9.3873904 22.1003 25.073375 236 1032027 226604 40840 266 0 0 0 0 0 0 553 311720 16684
25.08 -0.202937 -0.0395542 6.00173 58637 1.0000007 283498 104500 5 2 502355.27 9.3873904 22.1003 25.08 236 1030227 225587 40681 267 0 0 0 0 0 0 553 311852 16851
25.086625 -0.202937 -0.0388602 6.00173 58638 1.0000007 283347 104517 6 2 501878.29 9.3873904 22.1003 25.086625 222 1030116 226080 40666 268 0 0 0 0 0 0 553 311693 16835
25.093375 -0.202937 -0.0381532 6.00174 58640 1.0000007 283406 104470 5 2 497346.92 9.3873904 22.1003 25.093375 223 1031236 226130 40643 269 0 0 0 0 0 0 553 311739 16683
25.1 -0.202937 -0.0374592 6.00174 58641 1.0000007 283279 104387 6 2 503070.75 9.3873904 22.1003 25.1 221 1028150 225323 40779 270 0 0 0 0 0 0 553 311592 16875
25.106625 -0.202937 -0.0367652 6.00175 58643 1.0000007 283443 104484 7 2 487747.59 9.3873904 22.1003 25.106625 238 1027365 224855 40201 271 0 0 0 0 0 0 553 311755 16361
25.113375 -0.202937 -0.0360582 6.00175 58644 1.0000007 283263 104347 6 2 498241.27 9.3873904 22.1003 25.113375 229 1028343 224690 40762 272 0 0 0 0 0 0 553 311604 16713
25.12 -0.202937 -0.0353642 6.00175 58646 1.0000007 283307 104378 5 2 500029.97 9.3873904 22.1003 25.12 219 1025188 225161 40601 273 0 0 0 0 0 0 553 311645 16773
25.126625 -0.202937 -0.0346702 6.00176 58647 1.0000007 283270 104426 7 2 502444.71 9.3873904 22.1003 25.126625 231 1027407 224934 40292 274 0 0 0 0 0 0 553 311606 16854
25.133375 -0.202937 -0.0339631 6.00176 58648 1.0000007 283273 104417 6 2 501639.79 9.3873904 22.1003 25.133375 236 1024897 224323 40635 275 0 0 0 0 0 0 553 311592 16827
25.14 -0.202937 -0.0332692 6.00177 58650 1.0000007 283153 104366 7 2 492785.75 9.3873904 22.1003 25.14 208 1024547 223915 40306 276 0 0 0 0 0 0 553 311460 16530
25.146625 -0.202937 -0.0325752 6.00177 58651 1.0000007 283267 104397 6 2 499672.23 9.3873904 22.1003 25.146625 224 1026444 223981 40462 277 0 0 0 0 0 0 553 311619 16761
25.153375 -0.202937 -0.0318681 6.00177 58653 1.0000007 283116 104365 6 2 496094.84 9.3873904 22.1003 25.153375 200 1023554 222722 40362 278 0 0 0 0 0 0 553 311440 16641
25.16 -0.202937 -0.0311742 6.00178 58654 1.0000007 283248 104349 6 2 495111.05 9.3873904 22.1003 25.16 211 1024321 223520 40402 279 0 0 0 0 0 0 553 311595 16608
25.166625 -0.202937 -0.0304802 6.00178 58656 1.0000007 283168 104395 6 2 493888.78 9.3873904 22.1003 25.166625 260 1024592 223617 40313 280 0 0 0 0 0 0 553 311493 16567
25.173375 -0.202937 -0.0297731 6.00178 58657 1.0000007 283211 104369 5 2 495289.92 9.3873904 22.1003 25.173375 231 1024384 223553 40457 281 0 0 0 0 0 0 553 311539 16614
25.18 -0.202937 -0.0290791 6.00179 58659 1.0000007 283086 104257 6 2 496512.2 9.3873904 22.1003 25.18 241 1023575 223273 40288 282 0 0 0 0 0 0 553 311426 16655
25.186625 -0.202937 -0.0283852 6.00179 58660 1.0000007 283273 104420 5 2 493471.41 9.3873904 22.1003 25.186625 216 1022274 222673 40130 283 0 0 0 0 0 0 553 311595 16553
25.193375 -0.202937 -0.0276781 6.00179 58662 1.0000007 283105 104303 6 2 494335.95 9.3873904 22.1003 25.193375 203 1023231 223473 40284 284 0 0 0 0 0 0 553 311413 16582
25.2 -0.202937 -0.0269841 6.0018 58663 1.0000007 283337 104530 6 2 495409.17 9.3873904 22.1003 25.2 229 1023088 224322 40529 285 0 0 0 0 0 0 553 311676 16618
25.206625 -0.202937 -0.0262901 6.0018 58665 1.0000007 283133 104294 6 2 488731.37 9.3873904 22.1003 25.206625 206 1022783 222784 39886 286 0 0 0 0 0 0 553 311456 16394
25.213375 -0.202937 -0.0255831 6.0018 58666 1.0000007 283165 104359 5 2 491742.34 9.3873904 22.1003 25.213375 211 1021789 222005 39593 287 0 0 0 0 0 0 553 311513 16495
25.22 -0.202937 -0.0248891 6.00181 58668 1.0000007 283046 104224 6 2 492964.62 9.3873904 22.1003 25.22 215 1020287 222236 40091 288 0 0 0 0 0 0 553 311360 16536
25.226625 -0.202937 -0.0241951 6.00181 58669 1.0000007 283215 104423 5 2 495826.53 9.3873904 22.1003 25.226625 233 1020860 222961 40111 289 0 0 0 0 0 0 553 311561 16632
25.233375 -0.202937 -0.023488 6.00181 58670 1.0000007 282902 104102 6 2 487181.17 9.3873904 22.1003 25.233375 202 1019037 221092 39555 290 0 0 0 0 0 0 553 311231 16342
25.24 -0.202937 -0.0227941 6.00181 58672 1.0000007 283089 104369 6 2 495051.43 9.3873904 22.1003 25.24 238 1020552 222247 40256 291 0 0 0 0 0 0 553 311437 16606
25.246625 -0.202937 -0.0221001 6.00182 58673 1.0000007 283021 104248 5 2 496065.02 9.3873904 22.1003 25.246625 243 1018785 222082 39924 292 0 0 0 0 0 0 553 311355 16640
25.253375 -0.202937 -0.021393 6.00182 58675 1.0000007 282937 104225 6 2 490997.05 9.3873904 22.1003 25.253375 219 1018847 222092 39928 293 0 0 0 0 0 0 553 311267 16470
25.26 -0.202937 -0.020699 6.00182 58676 1.0000007 283010 104263 6 2 494783.13 9.3873904 22.1003 25.26 214 1019337 221692 39918 294 0 0 0 0 0 0 553 311340 16597
25.266625 -0.202937 -0.0200051 6.00182 58678 1.0000007 282878 104197 5 2 484438.5 9.3873904 22.1003 25.266625 230 1018259 221450 39638 295 0 0 0 0 0 0 553 311166 16250
25.273375 -0.202937 -0.019298 6.00183 58679 1.0000007 282968 104184 5 2 498032.59 9.3873904 22.1003 25.273375 214 1017125 221266 40205 296 0 0 0 0 0 0 553 311278 16706
25.28 -0.202937 -0.018604 6.00183 58681 1.0000007 282988 104282 5 2 483752.83 9.3873904 22.1003 25.28 224 1018308 220983 39601 297 0 0 0 0 0 0 553 311336 16227
25.286625 -0.202937 -0.01791 6.00183 58682 1.0000007 282890 104141 6 2 489864.21 9.3873904 22.1003 25.286625 237 1018517 222511 39860 298 0 0 0 0 0 0 553 311233 16432
25.293375 -0.202937 -0.017203 6.00183 58684 1.0000007 282857 104244 5 2 489595.91 9.3873904 22.1003 25.293375 229 1016187 221534 39664 299 0 0 0 0 0 0 553 311196 16423
25.3 -0.202937 -0.016509 6.00183 58685 1.0000007 282855 104082 6 2 490072.89 9.3873904 22.1003 25.3 228 1016118 220770 39875 300 0 0 0 0 0 0 553 311198 16439