Eta  H  K  L  Epoch  Sec  ion1  Hubmon  scan_bar  Filters  Correct  Qmag  Energy  Graze  p_peak  p_total  p_del_s  p_nu_s  p_image  p_xcen  p_xsig  p_ycen  p_ysig  power  tempsp  gun_on  ion0  p_point
23 -0.194824 -0.257039 5.99621 32033 0.5000007 142487 52620 5 2 259837.91 9.3867431 22.1003 23 77 520302 115138 20976 0 0 0 0 0 0 0 553 155959 8716
23.006625 -0.194824 -0.256346 5.99624 32034 0.5000007 142494 52617 4 2 254591.06 9.3867431 22.1003 23.006625 79 520286 114807 20744 1 0 0 0 0 0 0 553 155969 8540
23.013375 -0.194824 -0.255639 5.99627 32035 0.5000007 142465 52597 4 2 252981.24 9.3867431 22.1003 23.013375 85 520293 114897 20741 2 0 0 0 0 0 0 553 155945 8486
23.02 -0.194824 -0.254946 5.99629 32036 0.5000007 142516 52669 4 2 257482.79 9.3867431 22.1003 23.02 90 521421 115596 21161 3 0 0 0 0 0 0 553 155980 8637
23.026625 -0.194824 -0.254253 5.99632 32037 0.5000007 142563 52717 4 2 261656.41 9.3867431 22.1003 23.026625 77 521731 115521 20898 4 0 0 0 0 0 0 553 156026 8777
23.033375 -0.194824 -0.253546 5.99635 32038 0.5000007 142490 52650 5 2 256648.06 9.3867431 22.1003 23.033375 86 520073 115324 20811 5 0 0 0 0 0 0 553 155961 8609
23.04 -0.194824 -0.252853 5.99638 32039 0.5000007 142575 52723 6 2 260404.33 9.3867431 22.1003 23.04 73 521194 115988 20952 6 0 0 0 0 0 0 553 156039 8735
23.046625 -0.194824 -0.252159 5.99641 32040 0.5000007 142535 52675 5 2 257780.91 9.3867431 22.1003 23.046625 90 521182 114852 21076 7 0 0 0 0 0 0 553 156015 8647
23.053375 -0.194824 -0.251453 5.99644 32041 0.5000007 142524 52696 4 2 260225.46 9.3867431 22.1003 23.053375 79 523262 115934 21054 8 0 0 0 0 0 0 553 155983 8729
23.06 -0.194824 -0.25076 5.99647 32042 0.5000007 142573 52768 4 2 258317.51 9.3867431 22.1003 23.06 76 522293 115850 21084 9 0 0 0 0 0 0 553 156047 8665
23.066625 -0.194824 -0.250066 5.9965 32043 0.5000007 142561 52718 4 2 255306.54 9.3867431 22.1003 23.066625 78 523637 116177 21139 10 0 0 0 0 0 0 553 156025 8564
23.073375 -0.194824 -0.24936 5.99653 32043 0.5000007 142662 52799 5 2 260523.57 9.3867431 22.1003 23.073375 80 523113 116739 21165 11 0 0 0 0 0 0 553 156152 8739
23.08 -0.194824 -0.248666 5.99656 32044 0.5000007 142488 52718 5 2 255843.15 9.3867431 22.1003 23.08 77 522880 115921 21002 12 0 0 0 0 0 0 553 155956 8582
23.086625 -0.194824 -0.247973 5.99659 32045 0.5000007 142693 52865 4 2 256737.5 9.3867431 22.1003 23.086625 76 523650 116423 21054 13 0 0 0 0 0 0 553 156165 8612
23.093375 -0.194824 -0.247267 5.99662 32046 0.5000007 142620 52775 5 2 261447.73 9.3867431 22.1003 23.093375 83 523900 116419 21124 14 0 0 0 0 0 0 553 156102 8770
23.1 -0.194824 -0.246573 5.99664 32047 0.5000007 142616 52748 5 2 261417.92 9.3867431 22.1003 23.1 106 523971 116598 21260 15 0 0 0 0 0 0 553 156065 8769
23.106625 -0.194824 -0.24588 5.99667 32048 0.5000007 142608 52756 5 2 257303.92 9.3867431 22.1003 23.106625 90 525196 117120 21242 16 0 0 0 0 0 0 553 156073 8631
23.113375 -0.194824 -0.245173 5.9967 32049 0.5000007 142669 52817 5 2 259211.86 9.3867431 22.1003 23.113375 73 524412 116706 21155 17 0 0 0 0 0 0 553 156136 8695
23.12 -0.194824 -0.24448 5.99673 32050 0.5000007 142741 52857 5 2 259390.73 9.3867431 22.1003 23.12 87 526421 117241 21220 18 0 0 0 0 0 0 553 156209 8701
23.126625 -0.194824 -0.243787 5.99676 32051 0.5000007 142730 52849 5 2 268721.76 9.3867431 22.1003 23.126625 90 526299 116948 21352 19 0 0 0 0 0 0 553 156197 9014
23.133375 -0.194824 -0.24308 5.99679 32052 0.5000007 142609 52803 4 2 260046.59 9.3867431 22.1003 23.133375 86 524936 117421 21278 20 0 0 0 0 0 0 553 156069 8723
23.14 -0.194824 -0.242387 5.99682 32053 0.5000007 142719 52846 4 2 265502.11 9.3867431 22.1003 23.14 74 526360 117823 21236 21 0 0 0 0 0 0 553 156177 8906
23.146625 -0.194824 -0.241693 5.99684 32054 0.5000007 142707 52841 4 2 263653.79 9.3867431 22.1003 23.146625 87 527395 117817 21569 22 0 0 0 0 0 0 553 156172 8844
23.153375 -0.194824 -0.240987 5.99687 32055 0.5000007 142750 52861 4 2 266128.15 9.3867431 22.1003 23.153375 75 526287 117739 21529 23 0 0 0 0 0 0 553 156208 8927
23.16 -0.194824 -0.240293 5.9969 32056 0.5000007 142706 52830 4 2 260940.93 9.3867431 22.1003 23.16 82 528639 118284 21341 24 0 0 0 0 0 0 553 156165 8753
23.166625 -0.194824 -0.2396 5.99693 32057 0.5000007 142722 52854 4 2 267350.43 9.3867431 22.1003 23.166625 81 527580 118464 21582 25 0 0 0 0 0 0 553 156186 8968
23.173375 -0.194824 -0.238894 5.99696 32058 0.5000007 142645 52808 4 2 261745.85 9.3867431 22.1003 23.173375 81 528107 118177 21552 26 0 0 0 0 0 0 553 156121 8780
23.18 -0.194824 -0.2382 5.99698 32059 0.5000007 142667 52839 5 2 261537.17 9.3867431 22.1003 23.18 85 527342 118140 21332 27 0 0 0 0 0 0 553 156125 8773
23.186625 -0.194824 -0.237507 5.99701 32060 0.5000007 142654 52815 4 2 269049.69 9.3867431 22.1003 23.186625 76 527981 118328 21704 28 0 0 0 0 0 0 553 156127 9025
23.193375 -0.194824 -0.2368 5.99704 32061 0.5000007 142625 52815 5 2 263325.86 9.3867431 22.1003 23.193375 89 528151 118166 21159 29 0 0 0 0 0 0 553 156096 8833
23.2 -0.194824 -0.236107 5.99707 32062 0.5000007 142609 52779 4 2 265889.66 9.3867431 22.1003 23.2 85 528880 119204 21792 30 0 0 0 0 0 0 553 156070 8919
23.206625 -0.194824 -0.235413 5.99709 32063 0.5000007 142685 52834 4 2 267171.56 9.3867431 22.1003 23.206625 83 529866 118997 21524 31 0 0 0 0 0 0 553 156151 8962
23.213375 -0.194824 -0.234707 5.99712 32064 0.5000007 142694 52826 5 2 267767.79 9.3867431 22.1003 23.213375 78 530503 119585 21816 32 0 0 0 0 0 0 553 156163 8982
23.22 -0.194824 -0.234013 5.99715 32065 0.5000007 142640 52824 5 2 267529.3 9.3867431 22.1003 23.22 90 529596 119521 21742 33 0 0 0 0 0 0 553 156123 8974
23.226625 -0.194824 -0.23332 5.99718 32066 0.5000007 142601 52822 5 2 269496.86 9.3867431 22.1003 23.226625 79 529607 119619 21896 34 0 0 0 0 0 0 553 156065 9040
23.233375 -0.194824 -0.232613 5.9972 32067 0.5000007 142708 52871 5 2 266724.39 9.3867431 22.1003 23.233375 99 530152 119373 21822 35 0 0 0 0 0 0 553 156192 8947
23.24 -0.194824 -0.23192 5.99723 32068 0.5000007 142610 52777 4 2 266933.07 9.3867431 22.1003 23.24 85 532625 120388 21845 36 0 0 0 0 0 0 553 156084 8954
23.246625 -0.194824 -0.231227 5.99726 32069 0.5000007 142615 52817 6 2 268751.57 9.3867431 22.1003 23.246625 85 531386 119993 21985 37 0 0 0 0 0 0 553 156087 9015
23.253375 -0.194824 -0.23052 5.99728 32070 0.5000007 142553 52745 5 2 268960.26 9.3867431 22.1003 23.253375 79 531689 120599 21924 38 0 0 0 0 0 0 553 156020 9022
23.26 -0.194824 -0.229827 5.99731 32071 0.5000007 142701 52842 5 2 270271.97 9.3867431 22.1003 23.26 74 532640 120859 21915 39 0 0 0 0 0 0 553 156165 9066
23.266625 -0.194824 -0.229133 5.99734 32072 0.5000007 142642 52840 5 2 268662.14 9.3867431 22.1003 23.266625 87 533770 121299 21892 40 0 0 0 0 0 0 553 156135 9012
23.273375 -0.194824 -0.228427 5.99736 32073 0.5000007 142609 52824 5 2 266247.4 9.3867431 22.1003 23.273375 71 532870 121265 21865 41 0 0 0 0 0 0 553 156077 8931
23.28 -0.194824 -0.227733 5.99739 32074 0.5000007 142655 52825 4 2 271017.26 9.3867431 22.1003 23.28 84 535484 121795 22220 42 0 0 0 0 0 0 553 156130 9091
23.286625 -0.194824 -0.22704 5.99742 32075 0.5000007 142589 52811 4 2 269109.31 9.3867431 22.1003 23.286625 87 534646 121700 22151 43 0 0 0 0 0 0 553 156049 9027
23.293375 -0.194824 -0.226333 5.99744 32076 0.5000007 142811 52896 5 2 269794.98 9.3867431 22.1003 23.293375 78 537044 122423 22087 44 0 0 0 0 0 0 553 156278 9050
23.3 -0.194824 -0.22564 5.99747 32077 0.5000007 142749 52862 5 2 276592.02 9.3867431 22.1003 23.3 98 535452 122205 22247 45 0 0 0 0 0 0 553 156223 9278
23.306625 -0.194824 -0.224946 5.9975 32078 0.5000007 142690 52847 4 2 270152.72 9.3867431 22.1003 23.306625 78 536968 122925 22070 46 0 0 0 0 0 0 553 156147 9062
23.313375 -0.194824 -0.22424 5.99752 32079 0.5000007 142772 52879 4 2 270450.84 9.3867431 22.1003 23.313375 84 537480 123031 22190 47 0 0 0 0 0 0 553 156239 9072
23.32 -0.194824 -0.223546 5.99755 32080 0.5000007 142718 52863 5 2 273282.94 9.3867431 22.1003 23.32 83 537362 123287 22325 48 0 0 0 0 0 0 553 156187 9167
23.326625 -0.194824 -0.222853 5.99757 32081 0.5000007 142757 52872 4 2 278678.84 9.3867431 22.1003 23.326625 87 538872 123753 22609 49 0 0 0 0 0 0 553 156236 9348
23.333375 -0.194824 -0.222146 5.9976 32082 0.5000007 142640 52813 5 2 279513.56 9.3867431 22.1003 23.333375 71 539467 124392 22736 50 0 0 0 0 0 0 553 156098 9376
23.34 -0.194824 -0.221452 5.99763 32083 0.5000007 142716 52850 4 2 273610.86 9.3867431 22.1003 23.34 76 541048 125125 22578 51 0 0 0 0 0 0 553 156185 9178
23.346625 -0.194824 -0.220759 5.99765 32084 0.5000007 142740 52863 4 2 275816.92 9.3867431 22.1003 23.346625 80 541322 125029 22544 52 0 0 0 0 0 0 553 156230 9252
23.353375 -0.194824 -0.220052 5.99768 32085 0.5000007 142673 52830 5 2 281600.37 9.3867431 22.1003 23.353375 89 542078 125467 22813 53 0 0 0 0 0 0 553 156154 9446
23.36 -0.194824 -0.219359 5.9977 32086 0.5000007 142679 52809 4 2 279901.11 9.3867431 22.1003 23.36 78 543289 125506 22772 54 0 0 0 0 0 0 553 156143 9389
23.366625 -0.194824 -0.218665 5.99773 32087 0.5000007 142653 52850 4 2 273670.49 9.3867431 22.1003 23.366625 90 543326 126123 22841 55 0 0 0 0 0 0 553 156139 9180
23.373375 -0.194824 -0.217959 5.99775 32088 0.5000007 142621 52800 4 2 274594.65 9.3867431 22.1003 23.373375 96 543564 126359 22340 56 0 0 0 0 0 0 553 156085 9211
23.38 -0.194824 -0.217265 5.99778 32089 0.5000007 142776 52898 4 2 280497.34 9.3867431 22.1003 23.38 109 545363 127094 22768 57 0 0 0 0 0 0 553 156259 9409
23.386625 -0.194824 -0.216572 5.9978 32090 0.5000007 142570 52789 4 2 276830.52 9.3867431 22.1003 23.386625 101 544717 127059 22709 58 0 0 0 0 0 0 553 156040 9286
23.393375 -0.194824 -0.215865 5.99783 32091 0.5000007 142662 52835 5 2 275876.55 9.3867431 22.1003 23.393375 122 545980 127752 22806 59 0 0 0 0 0 0 553 156130 9254
23.4 -0.194824 -0.215172 5.99785 32092 0.5000007 142664 52833 4 2 281212.82 9.3867431 22.1003 23.4 143 547530 128428 23009 60 0 0 0 0 0 0 553 156150 9433
23.406625 -0.194824 -0.214478 5.99788 32093 0.5000007 142671 52803 5 2 281242.63 9.3867431 22.1003 23.406625 128 550011 128883 23057 61 0 0 0 0 0 0 553 156146 9434
23.413375 -0.194824 -0.213772 5.9979 32094 0.5000007 142628 52817 4 2 280318.47 9.3867431 22.1003 23.413375 153 551857 129550 22908 62 0 0 0 0 0 0 553 156115 9403
23.42 -0.194824 -0.213078 5.99793 32095 0.5000007 142592 52805 3 2 278798.08 9.3867431 22.1003 23.42 179 552777 130466 23103 63 0 0 0 0 0 0 553 156064 9352
23.426625 -0.194824 -0.212384 5.99795 32096 0.5000007 142530 52737 4 2 281391.69 9.3867431 22.1003 23.426625 211 554827 130223 22971 64 0 0 0 0 0 0 553 156008 9439
23.433375 -0.194824 -0.211678 5.99798 32097 0.5000007 142597 52781 6 2 285118.14 9.3867431 22.1003 23.433375 225 556048 131586 23501 65 0 0 0 0 0 0 553 156072 9564
23.44 -0.194824 -0.210984 5.998 32098 0.5000007 142573 52751 5 2 281779.24 9.3867431 22.1003 23.44 282 558552 132256 23173 66 0 0 0 0 0 0 553 156045 9452
23.446625 -0.194824 -0.210291 5.99803 32099 0.5000007 142624 52778 5 2 284074.74 9.3867431 22.1003 23.446625 333 562322 133757 23307 67 0 0 0 0 0 0 553 156126 9529
23.453375 -0.194824 -0.209584 5.99805 32100 0.5000007 142527 52730 5 2 283717 9.3867431 22.1003 23.453375 396 565054 133358 23219 68 0 0 0 0 0 0 553 155992 9517
23.46 -0.194824 -0.208891 5.99808 32101 0.5000007 142496 52690 4 2 285595.13 9.3867431 22.1003 23.46 528 568913 134015 23145 69 0 0 0 0 0 0 553 155977 9580
23.466625 -0.194824 -0.208197 5.9981 32101 0.5000007 142565 52754 4 2 282792.84 9.3867431 22.1003 23.466625 586 575317 135489 23278 70 0 0 0 0 0 0 553 156026 9486
23.473375 -0.194824 -0.20749 5.99812 32102 0.5000007 142517 52742 4 2 289083.09 9.3867431 22.1003 23.473375 902 585943 137139 23653 71 0 0 0 0 0 0 553 155994 9697
23.48 -0.194824 -0.206797 5.99815 32103 0.5000007 142476 52738 5 2 293703.88 9.3867431 22.1003 23.48 1236 598507 137557 23731 72 0 0 0 0 0 0 553 155960 9852
23.486625 -0.194824 -0.206103 5.99817 32104 0.5000007 142602 52781 5 2 290931.4 9.3867431 22.1003 23.486625 2184 619045 139536 23970 73 0 0 0 0 0 0 553 156075 9759
23.493375 -0.194824 -0.205397 5.9982 32105 0.5000007 142455 52691 5 2 291676.69 9.3867431 22.1003 23.493375 3755 649282 140730 23816 74 0 0 0 0 0 0 553 155931 9784
23.5 -0.194824 -0.204703 5.99822 32106 0.5000007 142535 52726 5 2 290841.97 9.3867431 22.1003 23.5 7228 699992 142217 23677 75 0 0 0 0 0 0 553 156008 9756
23.506625 -0.194824 -0.20401 5.99824 32107 0.5000007 142597 52728 6 2 302080.94 9.3867431 22.1003 23.506625 13011 781214 144809 24341 76 0 0 0 0 0 0 553 156062 10133
23.513375 -0.194824 -0.203303 5.99827 32108 0.5000007 142485 52688 4 2 293882.75 9.3867431 22.1003 23.513375 28808 908017 146613 24252 77 0 0 0 0 0 0 553 155948 9858
23.52 -0.194824 -0.202609 5.99829 32109 0.5000007 142446 52668 5 2 295880.13 9.3867431 22.1003 23.52 65992 1069081 149940 24446 78 0 0 0 0 0 0 553 155922 9925
23.526625 -0.194824 -0.201916 5.99831 32110 0.5000007 142542 52732 4 2 304018.7 9.3867431 22.1003 23.526625 89595 1199899 154194 24672 79 0 0 0 0 0 0 553 156019 10198
23.533375 -0.194824 -0.201209 5.99834 32111 0.5000007 142455 52651 5 2 299457.52 9.3867431 22.1003 23.533375 88290 1192656 156509 24439 80 0 0 0 0 0 0 553 155945 10045
23.54 -0.194824 -0.200516 5.99836 32112 0.5000007 142389 52659 4 2 298265.06 9.3867431 22.1003 23.54 68164 1044748 162255 24831 81 0 0 0 0 0 0 553 155868 10005
23.546625 -0.194824 -0.199822 5.99838 32113 0.5000007 142399 52622 4 2 302528.12 9.3867431 22.1003 23.546625 29672 890827 168566 25250 82 0 0 0 0 0 0 553 155873 10148
23.553375 -0.194824 -0.199115 5.99841 32114 0.5000007 142388 52605 4 2 304197.57 9.3867431 22.1003 23.553375 13727 797773 179996 25599 83 0 0 0 0 0 0 553 155867 10204
23.56 -0.194824 -0.198422 5.99843 32115 0.5000007 142455 52679 5 2 304406.25 9.3867431 22.1003 23.56 8146 758450 198235 25585 84 0 0 0 0 0 0 553 155929 10211
23.566625 -0.194824 -0.197728 5.99845 32116 0.5000007 142428 52687 4 2 308818.36 9.3867431 22.1003 23.566625 5898 759844 238477 26268 85 0 0 0 0 0 0 553 155903 10359
23.573375 -0.194824 -0.197021 5.99848 32117 0.5000007 142362 52607 4 2 308460.63 9.3867431 22.1003 23.573375 17084 826823 331549 26126 86 0 0 0 0 0 0 553 155823 10347
23.58 -0.194824 -0.196328 5.9985 32118 0.5000007 142350 52596 5 2 314572 9.3867431 22.1003 23.58 41969 987298 508457 26754 87 0 0 0 0 0 0 553 155821 10552
23.586625 -0.194824 -0.195634 5.99852 32119 0.5000007 142370 52563 4 2 323366.43 9.3867431 22.1003 23.586625 62438 1173960 707013 27116 88 0 0 0 0 0 0 553 155846 10847
23.593375 -0.194824 -0.194928 5.99855 32120 0.5000007 142369 52635 4 2 323903.03 9.3867431 22.1003 23.593375 69751 1361734 903768 27321 89 0 0 0 0 0 0 553 155862 10865
23.6 -0.194824 -0.194234 5.99857 32121 0.5000007 142360 52572 4 2 330163.47 9.3867431 22.1003 23.6 89045 1566842 1116387 28382 90 0 0 0 0 0 0 553 155833 11075
23.606625 -0.194824 -0.19354 5.99859 32122 0.5000007 142330 52595 5 2 332071.41 9.3867431 22.1003 23.606625 85200 1725957 1279297 28833 91 0 0 0 0 0 0 553 155808 11139
23.613375 -0.194824 -0.192834 5.99861 32123 0.5000007 142338 52593 4 2 339166.57 9.3867431 22.1003 23.613375 66624 1800245 1356023 29772 92 0 0 0 0 0 0 553 155812 11377
23.62 -0.194824 -0.19214 5.99864 32124 0.5000007 142259 52557 5 2 349779.5 9.3867431 22.1003 23.62 63355 1755551 1315879 31420 93 0 0 0 0 0 0 553 155743 11733
23.626625 -0.194824 -0.191446 5.99866 32125 0.5000007 142201 52467 4 2 349958.37 9.3867431 22.1003 23.626625 54641 1589819 1152205 32458 94 0 0 0 0 0 0 553 155678 11739
23.633375 -0.194824 -0.19074 5.99868 32126 0.5000007 142253 52525 5 2 343787.37 9.3867431 22.1003 23.633375 42431 1382463 945428 33798 95 0 0 0 0 0 0 553 155725 11532
23.64 -0.194824 -0.190046 5.9987 32127 0.5000007 142303 52531 4 2 356964.1 9.3867431 22.1003 23.64 32278 1200209 765061 35667 96 0 0 0 0 0 0 553 155794 11974
23.646625 -0.194824 -0.189352 5.99872 32128 0.5000007 142243 52496 4 2 359498.08 9.3867431 22.1003 23.646625 18481 1051435 616234 37385 97 0 0 0 0 0 0 553 155707 12059
23.653375 -0.194824 -0.188646 5.99875 32129 0.5000007 142175 52459 4 2 383436.8 9.3867431 22.1003 23.653375 10143 942015 507555 39953 98 0 0 0 0 0 0 553 155655 12862
23.66 -0.194824 -0.187952 5.99877 32130 0.5000007 142195 52494 5 2 407554.38 9.3867431 22.1003 23.66 7307 862797 429134 42236 99 0 0 0 0 0 0 553 155671 13671
23.666625 -0.194824 -0.187259 5.99879 32131 0.5000007 142148 52495 4 2 434921.43 9.3867431 22.1003 23.666625 5020 862797 373501 44309 100 0 0 0 0 0 0 553 155638 14589
23.673375 -0.194824 -0.186552 5.99881 32132 0.5000007 142252 52508 4 2 463838.68 9.3867431 22.1003 23.673375 3376 808536 331029 45427 101 0 0 0 0 0 0 553 155749 15559
23.68 -0.194824 -0.185858 5.99883 32133 0.5000007 142138 52427 4 2 498777.88 9.3867431 22.1003 23.68 2387 733630 300464 45644 102 0 0 0 0 0 0 553 155618 16731
23.686625 -0.194824 -0.185165 5.99886 32134 0.5000007 142112 52404 4 2 537145.41 9.3867431 22.1003 23.686625 1675 707318 274195 45776 103 0 0 0 0 0 0 553 155587 18018
23.693375 -0.194824 -0.184458 5.99888 32135 0.5000007 142071 52397 5 2 572829.89 9.3867431 22.1003 23.693375 1153 684627 252650 45591 104 0 0 0 0 0 0 553 155543 19215
23.7 -0.194824 -0.183764 5.9989 32136 0.5000007 142104 52428 4 2 590210.06 9.3867431 22.1003 23.7 838 669518 238439 45274 105 0 0 0 0 0 0 553 155593 19798
23.706625 -0.194824 -0.183071 5.99892 32137 0.5000007 142155 52457 4 2 618888.82 9.3867431 22.1003 23.706625 622 658546 225757 45240 106 0 0 0 0 0 0 553 155645 20760
23.713375 -0.194824 -0.182364 5.99894 32138 0.5000007 142010 52410 5 2 624076.03 9.3867431 22.1003 23.713375 461 647856 216465 44879 107 0 0 0 0 0 0 553 155487 20934
23.72 -0.194824 -0.18167 5.99896 32139 0.5000007 142055 52418 4 2 644914.34 9.3867431 22.1003 23.72 344 642788 210654 45235 108 0 0 0 0 0 0 553 155545 21633
23.726625 -0.194824 -0.180976 5.99898 32140 0.5000007 142118 52406 5 2 631260.63 9.3867431 22.1003 23.726625 279 637878 205172 44709 109 0 0 0 0 0 0 553 155607 21175
23.733375 -0.194824 -0.18027 5.999 32141 0.5000007 141995 52356 4 2 622078.66 9.3867431 22.1003 23.733375 233 632497 201293 44406 110 0 0 0 0 0 0 553 155478 20867
23.74 -0.194824 -0.179576 5.99902 32142 0.5000007 142069 52370 4 2 618382.02 9.3867431 22.1003 23.74 221 631120 198901 44458 111 0 0 0 0 0 0 553 155567 20743
23.746625 -0.194824 -0.178882 5.99905 32143 0.5000007 142066 52443 4 2 598825.61 9.3867431 22.1003 23.746625 204 629822 197074 44303 112 0 0 0 0 0 0 553 155547 20087
23.753375 -0.194824 -0.178176 5.99907 32144 0.5000007 142051 52409 5 2 589941.75 9.3867431 22.1003 23.753375 208 629166 196244 44684 113 0 0 0 0 0 0 553 155550 19789
23.76 -0.194824 -0.177482 5.99909 32145 0.5000007 142016 52325 5 2 574827.27 9.3867431 22.1003 23.76 241 630090 196287 45053 114 0 0 0 0 0 0 553 155490 19282
23.766625 -0.194824 -0.176788 5.99911 32146 0.5000007 142099 52437 4 2 563528.67 9.3867431 22.1003 23.766625 272 630603 196885 45433 115 0 0 0 0 0 0 553 155597 18903
23.773375 -0.194824 -0.176082 5.99913 32147 0.5000007 141937 52331 4 2 536817.48 9.3867431 22.1003 23.773375 380 632603 198320 45996 116 0 0 0 0 0 0 553 155415 18007
23.78 -0.194824 -0.175388 5.99915 32148 0.5000007 142031 52363 4 2 522418.48 9.3867431 22.1003 23.78 505 636923 200790 46981 117 0 0 0 0 0 0 553 155533 17524
23.786625 -0.194824 -0.174694 5.99917 32149 0.5000007 142019 52398 5 2 512938.39 9.3867431 22.1003 23.786625 618 639601 204135 48053 118 0 0 0 0 0 0 553 155492 17206
23.793375 -0.194824 -0.173988 5.99919 32150 0.5000007 141932 52287 5 2 500864.69 9.3867431 22.1003 23.793375 729 642844 207324 48861 119 0 0 0 0 0 0 553 155405 16801
23.8 -0.194824 -0.173294 5.99921 32151 0.5000007 142035 52372 5 2 484736.62 9.3867431 22.1003 23.8 564 645851 208703 47830 120 0 0 0 0 0 0 553 155498 16260
23.806625 -0.194824 -0.1726 5.99923 32152 0.5000007 141919 52326 5 2 481427.53 9.3867431 22.1003 23.806625 504 646447 207344 46049 121 0 0 0 0 0 0 553 155406 16149
23.813375 -0.194824 -0.171893 5.99925 32153 0.5000007 141992 52332 4 2 473378.4 9.3867431 22.1003 23.813375 438 645795 206519 43357 122 0 0 0 0 0 0 553 155470 15879
23.82 -0.194824 -0.1712 5.99927 32154 0.5000007 141949 52333 4 2 467296.83 9.3867431 22.1003 23.82 285 645254 203763 41154 123 0 0 0 0 0 0 553 155436 15675
23.826625 -0.194824 -0.170506 5.99929 32155 0.5000007 142007 52341 5 2 458740.9 9.3867431 22.1003 23.826625 266 646235 203220 39797 124 0 0 0 0 0 0 553 155486 15388
23.833375 -0.194824 -0.169799 5.99931 32156 0.5000007 141909 52299 5 2 449052.13 9.3867431 22.1003 23.833375 319 647297 202692 38816 125 0 0 0 0 0 0 553 155383 15063
23.84 -0.194824 -0.169106 5.99933 32157 0.5000007 142012 52360 4 2 439303.74 9.3867431 22.1003 23.84 307 648495 202310 38047 126 0 0 0 0 0 0 553 155494 14736
23.846625 -0.194824 -0.168412 5.99935 32158 0.5000007 141945 52330 4 2 435308.98 9.3867431 22.1003 23.846625 316 652268 202979 37958 127 0 0 0 0 0 0 553 155421 14602
23.853375 -0.194824 -0.167705 5.99937 32159 0.5000007 142042 52334 4 2 431999.9 9.3867431 22.1003 23.853375 388 658114 204827 37632 128 0 0 0 0 0 0 553 155507 14491
23.86 -0.194824 -0.167011 5.99939 32160 0.5000007 141943 52270 4 2 424547 9.3867431 22.1003 23.86 537 664641 206117 37213 129 0 0 0 0 0 0 553 155415 14241
23.866625 -0.194824 -0.166318 5.99941 32161 0.5000007 141933 52301 4 2 427528.16 9.3867431 22.1003 23.866625 634 673471 210083 37494 130 0 0 0 0 0 0 553 155401 14341
23.873375 -0.194824 -0.165611 5.99943 32162 0.5000007 142039 52358 5 2 422877.55 9.3867431 22.1003 23.873375 866 683716 212672 37163 131 0 0 0 0 0 0 553 155536 14185
23.88 -0.194824 -0.164917 5.99945 32163 0.5000007 141998 52337 5 2 436859.19 9.3867431 22.1003 23.88 1438 699597 215998 37661 132 0 0 0 0 0 0 553 155487 14654
23.886625 -0.194824 -0.164223 5.99946 32164 0.5000007 142056 52392 4 2 432804.81 9.3867431 22.1003 23.886625 2340 722805 220243 37295 133 0 0 0 0 0 0 553 155553 14518
23.893375 -0.194824 -0.163517 5.99948 32165 0.5000007 141885 52274 5 2 434921.43 9.3867431 22.1003 23.893375 5040 759290 224194 38040 134 0 0 0 0 0 0 553 155350 14589
23.9 -0.194824 -0.162823 5.9995 32166 0.5000007 141901 52309 4 2 443417.74 9.3867431 22.1003 23.9 14519 827997 226895 38245 135 0 0 0 0 0 0 553 155405 14874
23.906625 -0.194824 -0.162129 5.99952 32167 0.5000007 141849 52231 5 2 446488.33 9.3867431 22.1003 23.906625 36328 972755 230121 38239 136 0 0 0 0 0 0 553 155357 14977
23.913375 -0.194824 -0.161422 5.99954 32168 0.5000007 141932 52318 5 2 458830.34 9.3867431 22.1003 23.913375 75373 1278904 235630 39098 137 0 0 0 0 0 0 553 155410 15391
23.92 -0.194824 -0.160729 5.99956 32169 0.5000007 141781 52196 5 2 478118.44 9.3867431 22.1003 23.92 190740 1732636 238387 39887 138 0 0 0 0 0 0 553 155264 16038
23.926625 -0.194824 -0.160035 5.99958 32170 0.5000007 141877 52272 5 2 488910.24 9.3867431 22.1003 23.926625 203176 2091968 243127 41011 139 0 0 0 0 0 0 553 155380 16400
23.933375 -0.194824 -0.159328 5.9996 32170 0.5000007 141819 52248 5 2 505932.66 9.3867431 22.1003 23.933375 280302 2488927 247597 41659 140 0 0 0 0 0 0 553 155303 16971
23.94 -0.194824 -0.158635 5.99962 32171 0.5000007 141712 52170 4 2 512103.66 9.3867431 22.1003 23.94 258393 2827784 253735 42332 141 0 0 0 0 0 0 553 155200 17178
23.946625 -0.194824 -0.157941 5.99963 32172 0.5000007 141758 52173 4 2 533836.32 9.3867431 22.1003 23.946625 206470 2785366 261169 43544 142 0 0 0 0 0 0 553 155251 17907
23.953375 -0.194824 -0.157234 5.99965 32173 0.5000007 141799 52225 4 2 554913.12 9.3867431 22.1003 23.953375 167062 3049542 270877 44529 143 0 0 0 0 0 0 553 155296 18614
23.96 -0.194824 -0.15654 5.99967 32174 0.5000007 141709 52128 4 2 572203.85 9.3867431 22.1003 23.96 153531 3120864 280394 45468 144 0 0 0 0 0 0 553 155198 19194
23.966625 -0.194824 -0.155846 5.99969 32175 0.5000007 141683 52155 5 2 588242.49 9.3867431 22.1003 23.966625 121685 2698299 291099 46409 145 0 0 0 0 0 0 553 155171 19732
23.973375 -0.194824 -0.15514 5.99971 32176 0.5000007 141713 52147 5 2 597066.72 9.3867431 22.1003 23.973375 75611 2137997 304732 46619 146 0 0 0 0 0 0 553 155211 20028
23.98 -0.194824 -0.154446 5.99972 32177 0.5000007 141627 52089 4 2 603207.91 9.3867431 22.1003 23.98 29823 1685238 321523 47138 147 0 0 0 0 0 0 553 155118 20234
23.986625 -0.194824 -0.153752 5.99974 32178 0.5000007 141632 52113 4 2 602581.87 9.3867431 22.1003 23.986625 18493 1409095 344885 47790 148 0 0 0 0 0 0 553 155122 20213
23.993375 -0.194824 -0.153045 5.99976 32179 0.5000007 141744 52146 5 2 603953.2 9.3867431 22.1003 23.993375 10674 1280422 376706 48379 149 0 0 0 0 0 0 553 155249 20259
24 -0.194824 -0.152352 5.99978 32180 0.5000007 141608 52100 5 2 584337.17 9.3867431 22.1003 24 8358 1235903 417428 47599 150 0 0 0 0 0 0 553 155109 19601
24.006625 -0.194824 -0.151658 5.9998 32181 0.5000007 141656 52111 4 2 565734.73 9.3867431 22.1003 24.006625 13314 1253809 482811 47236 151 0 0 0 0 0 0 553 155171 18977
24.013375 -0.194824 -0.150951 5.99981 32182 0.5000007 141615 52063 5 2 550173.08 9.3867431 22.1003 24.013375 10897 1300456 583863 46522 152 0 0 0 0 0 0 553 155120 18455
24.02 -0.194824 -0.150257 5.99983 32183 0.5000007 141660 52106 4 2 531361.96 9.3867431 22.1003 24.02 11552 1407623 751589 45459 153 0 0 0 0 0 0 553 155152 17824
24.026625 -0.194824 -0.149564 5.99985 32184 0.5000007 141637 52092 5 2 508764.77 9.3867431 22.1003 24.026625 26568 1669044 1068746 44689 154 0 0 0 0 0 0 553 155132 17066
24.033375 -0.194824 -0.148857 5.99987 32185 0.5000007 141565 52042 3 2 487687.96 9.3867431 22.1003 24.033375 65803 2232758 1677770 44144 155 0 0 0 0 0 0 553 155068 16359
24.04 -0.194824 -0.148163 5.99988 32186 0.5000007 141661 52150 4 2 483991.33 9.3867431 22.1003 24.04 187490 3764987 3236214 44698 156 0 0 0 0 0 0 553 155170 16235
24.046625 -0.194824 -0.147469 5.9999 32187 0.5000007 141537 52031 4 2 514428.97 9.3867431 22.1003 24.046625 436084 7215163 6701511 49109 157 0 0 0 0 0 0 553 155042 17256
24.053375 -0.194824 -0.146762 5.99992 32188 0.5000007 141459 52010 5 2 541169.97 9.3867431 22.1003 24.053375 559424 9218953 8715548 52262 158 0 0 0 0 0 0 553 154951 18153
24.06 -0.194824 -0.146069 5.99993 32189 0.5000007 141501 52074 5 2 455521.25 9.3867431 22.1003 24.06 336681 5194232 4708453 42457 159 0 0 0 0 0 0 553 154980 15280
24.066625 -0.194824 -0.145375 5.99995 32190 0.5000007 141526 52028 4 2 420522.43 9.3867431 22.1003 24.066625 94763 2510296 2036957 38823 160 0 0 0 0 0 0 553 155014 14106
24.073375 -0.194824 -0.144668 5.99997 32191 0.5000007 141398 51964 4 2 412860.85 9.3867431 22.1003 24.073375 23689 1423147 959527 38086 161 0 0 0 0 0 0 553 154896 13849
24.08 -0.194824 -0.143974 5.99998 32192 0.5000007 141447 52016 4 2 408627.6 9.3867431 22.1003 24.08 7148 1021907 564021 37410 162 0 0 0 0 0 0 553 154938 13707
24.086625 -0.194824 -0.14328 6 32193 0.5000007 141405 51980 4 2 409671.01 9.3867431 22.1003 24.086625 4044 866266 413627 37442 163 0 0 0 0 0 0 553 154901 13742
24.093375 -0.194824 -0.142574 6.00002 32194 0.5000007 141349 51940 5 2 401681.5 9.3867431 22.1003 24.093375 1558 795050 345256 37229 164 0 0 0 0 0 0 553 154855 13474
24.1 -0.194824 -0.14188 6.00003 32195 0.5000007 141330 51941 4 2 404871.34 9.3867431 22.1003 24.1 1825 754301 307429 37377 165 0 0 0 0 0 0 553 154830 13581
24.106625 -0.194824 -0.141186 6.00005 32196 0.5000007 142047 52217 4 2 401383.38 9.3867431 22.1003 24.106625 1684 729146 282915 36788 166 0 0 0 0 0 0 553 155535 13464
24.113375 -0.194824 -0.140479 6.00007 32197 0.5000007 141934 52202 5 2 403440.38 9.3867431 22.1003 24.113375 1549 707258 263267 36290 167 0 0 0 0 0 0 553 155432 13533
24.12 -0.194824 -0.139785 6.00008 32198 0.5000007 141837 52143 4 2 398342.6 9.3867431 22.1003 24.12 1569 692251 248943 35831 168 0 0 0 0 0 0 553 155339 13362
24.126625 -0.194824 -0.139092 6.0001 32199 0.5000007 141795 52115 5 2 395361.44 9.3867431 22.1003 24.126625 1299 676648 234695 34997 169 0 0 0 0 0 0 553 155293 13262
24.133375 -0.194824 -0.138385 6.00012 32200 0.5000007 141886 52157 4 2 387938.35 9.3867431 22.1003 24.133375 1109 664652 223693 34295 170 0 0 0 0 0 0 553 155399 13013
24.14 -0.194824 -0.137691 6.00013 32201 0.5000007 141793 52091 5 2 385225.5 9.3867431 22.1003 24.14 983 651254 212967 33487 171 0 0 0 0 0 0 553 155310 12922
24.146625 -0.194824 -0.136997 6.00015 32202 0.5000007 141820 52092 4 2 381141.31 9.3867431 22.1003 24.146625 717 642208 204887 33246 172 0 0 0 0 0 0 553 155322 12785
24.153375 -0.194824 -0.13629 6.00016 32203 0.5000007 141783 52047 4 2 377653.35 9.3867431 22.1003 24.153375 461 634714 198005 32700 173 0 0 0 0 0 0 553 155297 12668
24.16 -0.194824 -0.135597 6.00018 32204 0.5000007 141698 52017 5 2 375775.22 9.3867431 22.1003 24.16 190 625246 191739 32195 174 0 0 0 0 0 0 553 155200 12605
24.166625 -0.194824 -0.134903 6.0002 32205 0.5000007 141657 51991 4 2 371512.16 9.3867431 22.1003 24.166625 194 620945 187566 31873 175 0 0 0 0 0 0 553 155173 12462
24.173375 -0.194824 -0.134196 6.00021 32206 0.5000007 141580 51956 3 2 363135.1 9.3867431 22.1003 24.173375 156 612938 181636 31157 176 0 0 0 0 0 0 553 155080 12181
24.18 -0.194824 -0.133502 6.00023 32207 0.5000007 141576 51937 4 2 359706.77 9.3867431 22.1003 24.18 143 608617 177907 31178 177 0 0 0 0 0 0 553 155070 12066
24.186625 -0.194824 -0.132808 6.00024 32208 0.5000007 141615 51957 4 2 361555.08 9.3867431 22.1003 24.186625 133 606800 175164 31443 178 0 0 0 0 0 0 553 155129 12128
24.193375 -0.194824 -0.132101 6.00026 32209 0.5000007 141550 51893 4 2 352104.81 9.3867431 22.1003 24.193375 143 602406 171854 31235 179 0 0 0 0 0 0 553 155055 11811
24.2 -0.194824 -0.131408 6.00027 32210 0.5000007 141495 51848 5 2 345874.18 9.3867431 22.1003 24.2 159 597819 169011 31316 180 0 0 0 0 0 0 553 155024 11602
24.206625 -0.194824 -0.130714 6.00029 32211 0.5000007 141375 51781 4 2 349093.84 9.3867431 22.1003 24.206625 195 596079 165954 31236 181 0 0 0 0 0 0 553 154883 11710
24.213375 -0.194824 -0.130007 6.0003 32212 0.5000007 141476 51861 4 2 345337.57 9.3867431 22.1003 24.213375 158 593249 163863 30889 182 0 0 0 0 0 0 553 154986 11584
24.22 -0.194824 -0.129313 6.00032 32213 0.5000007 141535 51886 4 2 340686.96 9.3867431 22.1003 24.22 134 591389 162717 30451 183 0 0 0 0 0 0 553 155045 11428
24.226625 -0.194824 -0.128619 6.00033 32214 0.5000007 141368 51732 5 2 342594.91 9.3867431 22.1003 24.226625 150 588548 160326 30018 184 0 0 0 0 0 0 553 154880 11492
24.233375 -0.194824 -0.127912 6.00035 32215 0.5000007 141362 51732 4 2 338540.53 9.3867431 22.1003 24.233375 171 587033 159387 29798 185 0 0 0 0 0 0 553 154874 11356
24.24 -0.194824 -0.127219 6.00036 32216 0.5000007 141401 51756 5 2 341491.88 9.3867431 22.1003 24.24 150 583584 156608 29741 186 0 0 0 0 0 0 553 154931 11455
24.246625 -0.194824 -0.126525 6.00038 32217 0.5000007 141279 51687 4 2 335827.67 9.3867431 22.1003 24.246625 162 580789 154735 29280 187 0 0 0 0 0 0 553 154799 11265
24.253375 -0.194824 -0.125818 6.00039 32218 0.5000007 141263 51699 4 2 338629.96 9.3867431 22.1003 24.253375 166 579506 153419 29114 188 0 0 0 0 0 0 553 154778 11359
24.26 -0.194824 -0.125124 6.00041 32219 0.5000007 141254 51692 5 2 330074.04 9.3867431 22.1003 24.26 181 577147 151846 28835 189 0 0 0 0 0 0 553 154766 11072
24.266625 -0.194824 -0.12443 6.00042 32220 0.5000007 141194 51627 4 2 320146.77 9.3867431 22.1003 24.266625 217 575588 151531 28760 190 0 0 0 0 0 0 553 154706 10739
24.273375 -0.194824 -0.123723 6.00044 32221 0.5000007 141210 51677 4 2 315704.84 9.3867431 22.1003 24.273375 227 573295 149522 28340 191 0 0 0 0 0 0 553 154712 10590
24.28 -0.194824 -0.123029 6.00045 32221 0.5000007 141205 51601 5 2 306791.18 9.3867431 22.1003 24.28 236 573576 149081 28175 192 0 0 0 0 0 0 553 154716 10291
24.286625 -0.194824 -0.122336 6.00047 32223 0.5000007 141112 51584 4 2 303571.52 9.3867431 22.1003 24.286625 258 571951 148461 27924 193 0 0 0 0 0 0 553 154628 10183
24.293375 -0.194824 -0.121629 6.00048 32224 0.5000007 141084 51528 5 2 298682.42 9.3867431 22.1003 24.293375 270 570300 147531 27484 194 0 0 0 0 0 0 553 154599 10019
24.3 -0.194824 -0.120935 6.00049 32224 0.5000007 140956 51454 5 2 302528.12 9.3867431 22.1003 24.3 296 569342 147562 27291 195 0 0 0 0 0 0 553 154498 10148
24.306625 -0.194824 -0.120241 6.00051 32225 0.5000007 141023 51422 5 2 299666.2 9.3867431 22.1003 24.306625 381 570099 146638 27180 196 0 0 0 0 0 0 553 154548 10052
24.313375 -0.194824 -0.119534 6.00052 32226 0.5000007 141063 51494 5 2 293614.45 9.3867431 22.1003 24.313375 377 567752 147134 26884 197 0 0 0 0 0 0 553 154596 9849
24.32 -0.194824 -0.11884 6.00054 32227 0.5000007 140971 51432 5 2 292630.67 9.3867431 22.1003 24.32 425 569248 147502 26258 198 0 0 0 0 0 0 553 154481 9816
24.326625 -0.194824 -0.118147 6.00055 32228 0.5000007 140896 51401 5 2 292421.98 9.3867431 22.1003 24.326625 429 569125 148372 25797 199 0 0 0 0 0 0 553 154431 9809
24.333375 -0.194824 -0.11744 6.00056 32229 0.5000007 140870 51375 4 2 288963.84 9.3867431 22.1003 24.333375 544 567531 149342 25312 200 0 0 0 0 0 0 553 154403 9693
24.34 -0.194824 -0.116746 6.00058 32230 0.5000007 140896 51414 5 2 286340.42 9.3867431 22.1003 24.34 643 569372 149894 24435 201 0 0 0 0 0 0 553 154408 9605
24.346625 -0.194824 -0.116052 6.00059 32231 0.5000007 140779 51303 5 2 287652.13 9.3867431 22.1003 24.346625 792 571945 151147 24075 202 0 0 0 0 0 0 553 154301 9649
24.353375 -0.194824 -0.115345 6.0006 32232 0.5000007 140774 51355 4 2 288814.78 9.3867431 22.1003 24.353375 1128 571945 154375 24281 203 0 0 0 0 0 0 553 154288 9688
24.36 -0.194824 -0.114651 6.00062 32233 0.5000007 140861 51385 5 2 287681.94 9.3867431 22.1003 24.36 1486 576461 158424 23761 204 0 0 0 0 0 0 553 154370 9650
24.366625 -0.194824 -0.113957 6.00063 32234 0.5000007 140722 51274 5 2 285058.52 9.3867431 22.1003 24.366625 2135 580057 162901 23552 205 0 0 0 0 0 0 553 154265 9562
24.373375 -0.194824 -0.11325 6.00064 32235 0.5000007 140795 51284 4 2 285744.19 9.3867431 22.1003 24.373375 3301 587589 170492 23663 206 0 0 0 0 0 0 553 154331 9585
24.38 -0.194824 -0.112557 6.00066 32237 0.5000007 140834 51361 5 2 286280.79 9.3867431 22.1003 24.38 4969 598004 180951 23463 207 0 0 0 0 0 0 553 154377 9603
24.386625 -0.194824 -0.111863 6.00067 32237 0.5000007 140741 51279 5 2 277993.17 9.3867431 22.1003 24.386625 6942 611335 194397 23205 208 0 0 0 0 0 0 553 154275 9325
24.393375 -0.194824 -0.111156 6.00068 32238 0.5000007 140778 51269 5 2 278589.4 9.3867431 22.1003 24.393375 9394 628805 211125 23060 209 0 0 0 0 0 0 553 154317 9345
24.4 -0.194824 -0.110462 6.0007 32239 0.5000007 140734 51247 4 2 278827.89 9.3867431 22.1003 24.4 14405 649312 232165 23100 210 0 0 0 0 0 0 553 154261 9353
24.406625 -0.194824 -0.109768 6.00071 32240 0.5000007 140803 51298 4 2 275489 9.3867431 22.1003 24.406625 20248 672347 254990 23045 211 0 0 0 0 0 0 553 154332 9241
24.413375 -0.194824 -0.109061 6.00072 32241 0.5000007 140782 51299 4 2 275190.88 9.3867431 22.1003 24.413375 22154 691452 275763 23006 212 0 0 0 0 0 0 553 154290 9231
24.42 -0.194824 -0.108367 6.00073 32242 0.5000007 140919 51403 4 2 279841.49 9.3867431 22.1003 24.42 24733 705171 289915 23075 213 0 0 0 0 0 0 553 154448 9387
24.426625 -0.194824 -0.107673 6.00075 32243 0.5000007 140780 51262 5 2 277903.74 9.3867431 22.1003 24.426625 29859 713862 296829 22890 214 0 0 0 0 0 0 553 154311 9322
24.433375 -0.194824 -0.106966 6.00076 32244 0.5000007 140861 51376 5 2 279841.49 9.3867431 22.1003 24.433375 27444 707766 290718 22607 215 0 0 0 0 0 0 553 154400 9387
24.44 -0.194824 -0.106273 6.00077 32245 0.5000007 140825 51349 3 2 278649.03 9.3867431 22.1003 24.44 18822 691122 274966 22629 216 0 0 0 0 0 0 553 154363 9347
24.446625 -0.194824 -0.105579 6.00078 32246 0.5000007 140795 51341 4 2 279215.45 9.3867431 22.1003 24.446625 17710 669516 254350 22594 217 0 0 0 0 0 0 553 154342 9366
24.453375 -0.194824 -0.104872 6.0008 32247 0.5000007 140891 51429 4 2 273312.75 9.3867431 22.1003 24.453375 12863 644331 228677 22388 218 0 0 0 0 0 0 553 154402 9168
24.46 -0.194824 -0.104178 6.00081 32248 0.5000007 140897 51382 4 2 268214.97 9.3867431 22.1003 24.46 7816 621908 205430 21973 219 0 0 0 0 0 0 553 154418 8997
24.466625 -0.194824 -0.103484 6.00082 32249 0.5000007 140859 51371 4 2 273998.42 9.3867431 22.1003 24.466625 4418 603107 188115 22099 220 0 0 0 0 0 0 553 154385 9191
24.473375 -0.194824 -0.102777 6.00083 32250 0.5000007 141012 51502 5 2 272656.89 9.3867431 22.1003 24.473375 2828 590711 174514 22346 221 0 0 0 0 0 0 553 154527 9146
24.48 -0.194824 -0.102083 6.00084 32251 0.5000007 140910 51438 4 2 272150.1 9.3867431 22.1003 24.48 1747 580328 164670 22048 222 0 0 0 0 0 0 553 154438 9129
24.486625 -0.194824 -0.101389 6.00086 32252 0.5000007 140968 51455 4 2 270242.15 9.3867431 22.1003 24.486625 1061 580328 155467 21846 223 0 0 0 0 0 0 553 154494 9065
24.493375 -0.194824 -0.100682 6.00087 32253 0.5000007 140956 51463 5 2 265949.28 9.3867431 22.1003 24.493375 842 562215 148031 21823 224 0 0 0 0 0 0 553 154489 8921
24.5 -0.194824 -0.0999886 6.00088 32254 0.5000007 141050 51518 4 2 271732.73 9.3867431 22.1003 24.5 616 555893 142146 21889 225 0 0 0 0 0 0 553 154571 9115
24.506625 -0.194824 -0.0992947 6.00089 32255 0.5000007 140934 51445 4 2 267618.73 9.3867431 22.1003 24.506625 465 549688 137010 21806 226 0 0 0 0 0 0 553 154468 8977
24.513375 -0.194824 -0.0985877 6.0009 32256 0.5000007 141130 51629 5 2 269288.18 9.3867431 22.1003 24.513375 415 547043 133885 21731 227 0 0 0 0 0 0 553 154641 9033
24.52 -0.194824 -0.0978938 6.00091 32257 0.5000007 141175 51611 4 2 269437.24 9.3867431 22.1003 24.52 292 543849 130391 21809 228 0 0 0 0 0 0 553 154683 9038
24.526625 -0.194824 -0.0972 6.00092 32258 0.5000007 141174 51635 5 2 267529.3 9.3867431 22.1003 24.526625 264 540479 127721 21907 229 0 0 0 0 0 0 553 154702 8974
24.533375 -0.194824 -0.096493 6.00094 32259 0.5000007 141210 51676 4 2 261179.43 9.3867431 22.1003 24.533375 260 540551 127171 21445 230 0 0 0 0 0 0 553 154709 8761
24.54 -0.194824 -0.0957991 6.00095 32260 0.5000007 141281 51733 4 2 266694.57 9.3867431 22.1003 24.54 185 536733 125598 21728 231 0 0 0 0 0 0 553 154790 8946
24.546625 -0.194824 -0.0951052 6.00096 32261 0.5000007 141320 51747 4 2 268811.2 9.3867431 22.1003 24.546625 157 537172 125086 21701 232 0 0 0 0 0 0 553 154859 9017
24.553375 -0.194824 -0.0943983 6.00097 32262 0.5000007 141330 51795 5 2 268214.97 9.3867431 22.1003 24.553375 163 534906 124297 21569 233 0 0 0 0 0 0 553 154831 8997
24.56 -0.194824 -0.0937044 6.00098 32263 0.5000007 141309 51774 4 2 264011.53 9.3867431 22.1003 24.56 137 534041 122969 21375 234 0 0 0 0 0 0 553 154832 8856
24.566625 -0.194824 -0.0930105 6.00099 32264 0.5000007 141421 51830 4 2 262103.59 9.3867431 22.1003 24.566625 117 532731 122490 21375 235 0 0 0 0 0 0 553 154934 8792
24.573375 -0.194824 -0.0923035 6.001 32265 0.5000007 141431 51882 5 2 267111.94 9.3867431 22.1003 24.573375 110 531283 121565 21578 236 0 0 0 0 0 0 553 154944 8960
24.58 -0.194824 -0.0916097 6.00101 32266 0.5000007 141570 51967 4 2 263802.85 9.3867431 22.1003 24.58 89 532788 121250 21450 237 0 0 0 0 0 0 553 155068 8849
24.586625 -0.194824 -0.0909158 6.00102 32267 0.5000007 141521 51991 4 2 268155.34 9.3867431 22.1003 24.586625 96 531046 121949 21425 238 0 0 0 0 0 0 553 155030 8995
24.593375 -0.194824 -0.0902088 6.00103 32268 0.5000007 141518 51932 5 2 263773.04 9.3867431 22.1003 24.593375 86 530904 120647 21145 239 0 0 0 0 0 0 553 155019 8848
24.6 -0.194824 -0.0895149 6.00104 32269 0.5000007 141573 51994 4 2 258854.12 9.3867431 22.1003 24.6 101 530155 120806 21189 240 0 0 0 0 0 0 553 155076 8683
24.606625 -0.194824 -0.088821 6.00105 32270 0.5000007 141550 51980 5 2 264965.5 9.3867431 22.1003 24.606625 75 529275 120538 21541 241 0 0 0 0 0 0 553 155063 8888
24.613375 -0.194824 -0.088114 6.00107 32271 0.5000007 141652 52067 4 2 262729.63 9.3867431 22.1003 24.613375 88 530686 119478 21108 242 0 0 0 0 0 0 553 155156 8813
24.62 -0.194824 -0.0874201 6.00108 32272 0.5000007 141639 52046 4 2 261149.62 9.3867431 22.1003 24.62 76 530022 119384 21067 243 0 0 0 0 0 0 553 155148 8760
24.626625 -0.194824 -0.0867262 6.00109 32273 0.5000007 141713 52130 4 2 262103.59 9.3867431 22.1003 24.626625 83 528659 118751 21044 244 0 0 0 0 0 0 553 155216 8792
24.633375 -0.194824 -0.0860193 6.0011 32274 0.5000007 141779 52144 4 2 258794.5 9.3867431 22.1003 24.633375 74 528362 118477 20931 245 0 0 0 0 0 0 553 155275 8681
24.64 -0.194824 -0.0853254 6.00111 32275 0.5000007 141720 52118 5 2 258585.82 9.3867431 22.1003 24.64 65 526856 118490 21134 246 0 0 0 0 0 0 553 155216 8674
24.646625 -0.194824 -0.0846315 6.00112 32276 0.5000007 141867 52233 4 2 262014.15 9.3867431 22.1003 24.646625 86 528931 118729 21226 247 0 0 0 0 0 0 553 155374 8789
24.653375 -0.194824 -0.0839245 6.00113 32277 0.5000007 141732 52150 4 2 259837.91 9.3867431 22.1003 24.653375 104 525972 117579 21063 248 0 0 0 0 0 0 553 155221 8716
24.66 -0.194824 -0.0832306 6.00113 32278 0.5000007 141778 52219 4 2 255246.92 9.3867431 22.1003 24.66 93 526009 117232 20919 249 0 0 0 0 0 0 553 155277 8562
24.666625 -0.194824 -0.0825367 6.00114 32279 0.5000007 141897 52280 4 2 257482.79 9.3867431 22.1003 24.666625 75 526905 117113 20979 250 0 0 0 0 0 0 553 155399 8637
24.673375 -0.194824 -0.0818297 6.00115 32280 0.5000007 141911 52272 4 2 258526.2 9.3867431 22.1003 24.673375 71 527175 117399 20907 251 0 0 0 0 0 0 553 155400 8672
24.68 -0.194824 -0.0811358 6.00116 32281 0.5000007 141905 52301 4 2 255336.35 9.3867431 22.1003 24.68 72 526245 116847 20749 252 0 0 0 0 0 0 553 155395 8565
24.686625 -0.194824 -0.0804419 6.00117 32282 0.5000007 141886 52305 4 2 256141.27 9.3867431 22.1003 24.686625 78 524864 116620 20833 253 0 0 0 0 0 0 553 155374 8592
24.693375 -0.194824 -0.0797349 6.00118 32283 0.5000007 142048 52394 4 2 260970.75 9.3867431 22.1003 24.693375 72 524497 117037 21015 254 0 0 0 0 0 0 553 155555 8754
24.7 -0.194824 -0.079041 6.00119 32284 0.5000007 141984 52342 4 2 257482.79 9.3867431 22.1003 24.7 86 524355 116182 20930 255 0 0 0 0 0 0 553 155492 8637
24.706625 -0.194824 -0.0783471 6.0012 32285 0.5000007 141944 52334 4 2 256290.33 9.3867431 22.1003 24.706625 106 523344 115789 20819 256 0 0 0 0 0 0 553 155455 8597
24.713375 -0.194824 -0.0776401 6.00121 32286 0.5000007 141973 52388 5 2 259748.47 9.3867431 22.1003 24.713375 76 523042 116102 20988 257 0 0 0 0 0 0 553 155462 8713
24.72 -0.194824 -0.0769462 6.00122 32287 0.5000007 142112 52433 4 2 253935.21 9.3867431 22.1003 24.72 86 523042 115718 20762 258 0 0 0 0 0 0 553 155607 8518
24.726625 -0.194824 -0.0762522 6.00123 32288 0.5000007 142049 52393 4 2 255902.77 9.3867431 22.1003 24.726625 78 524764 116657 20774 259 0 0 0 0 0 0 553 155524 8584
24.733375 -0.194824 -0.0755452 6.00124 32289 0.5000007 142104 52463 5 2 248837.43 9.3867431 22.1003 24.733375 83 523607 115600 20554 260 0 0 0 0 0 0 553 155598 8347
24.74 -0.194824 -0.0748513 6.00125 32290 0.5000007 142076 52442 5 2 256588.44 9.3867431 22.1003 24.74 69 521932 114968 20623 261 0 0 0 0 0 0 553 155546 8607
24.746625 -0.194824 -0.0741574 6.00125 32291 0.5000007 142033 52443 4 2 257542.41 9.3867431 22.1003 24.746625 83 521555 115375 20822 262 0 0 0 0 0 0 553 155517 8639
24.753375 -0.194824 -0.0734504 6.00126 32292 0.5000007 142033 52442 4 2 252265.76 9.3867431 22.1003 24.753375 85 520891 114610 20579 263 0 0 0 0 0 0 553 155515 8462
24.76 -0.194824 -0.0727565 6.00127 32292 0.5000007 142087 52492 4 2 252385.01 9.3867431 22.1003 24.76 85 521226 115067 20627 264 0 0 0 0 0 0 553 155578 8466
24.766625 -0.194824 -0.0720626 6.00128 32293 0.5000007 142066 52465 5 2 253726.53 9.3867431 22.1003 24.766625 165 520821 114738 20610 265 0 0 0 0 0 0 553 155546 8511
24.773375 -0.194824 -0.0713556 6.00129 32294 0.5000007 142156 52476 4 2 255366.17 9.3867431 22.1003 24.773375 88 520609 114762 20721 266 0 0 0 0 0 0 553 155645 8566
24.78 -0.194824 -0.0706617 6.0013 32295 0.5000007 142084 52469 4 2 256260.51 9.3867431 22.1003 24.78 72 520154 114352 20722 267 0 0 0 0 0 0 553 155589 8596
24.786625 -0.194824 -0.0699677 6.0013 32296 0.5000007 142127 52504 3 2 248777.8 9.3867431 22.1003 24.786625 100 519718 113879 20469 268 0 0 0 0 0 0 553 155612 8345
24.793375 -0.194824 -0.0692607 6.00131 32297 0.5000007 142067 52489 4 2 251818.59 9.3867431 22.1003 24.793375 76 520322 114231 20668 269 0 0 0 0 0 0 553 155549 8447
24.8 -0.194824 -0.0685668 6.00132 32299 0.5000007 142074 52493 4 2 251520.47 9.3867431 22.1003 24.8 79 518768 114512 20620 270 0 0 0 0 0 0 553 155546 8437
24.806625 -0.194824 -0.0678729 6.00133 32300 0.5000007 142095 52484 5 2 249731.77 9.3867431 22.1003 24.806625 87 520018 114367 20457 271 0 0 0 0 0 0 553 155597 8377
24.813375 -0.194824 -0.0671659 6.00134 32300 0.5000007 142200 52527 5 2 254233.32 9.3867431 22.1003 24.813375 78 520130 114086 20647 272 0 0 0 0 0 0 553 155694 8528
24.82 -0.194824 -0.0664719 6.00134 32301 0.5000007 142161 52526 4 2 246363.06 9.3867431 22.1003 24.82 88 518217 113921 20327 273 0 0 0 0 0 0 553 155645 8264
24.826625 -0.194824 -0.065778 6.00135 32302 0.5000007 142054 52449 4 2 252593.69 9.3867431 22.1003 24.826625 77 518296 114104 20652 274 0 0 0 0 0 0 553 155537 8473
24.833375 -0.194824 -0.065071 6.00136 32303 0.5000007 142077 52466 5 2 252593.69 9.3867431 22.1003 24.833375 69 519483 114015 20585 275 0 0 0 0 0 0 553 155569 8473
24.84 -0.194824 -0.0643771 6.00137 32304 0.5000007 142017 52462 4 2 253517.85 9.3867431 22.1003 24.84 84 517760 112962 20331 276 0 0 0 0 0 0 553 155516 8504
24.846625 -0.194824 -0.0636831 6.00137 32305 0.5000007 142063 52439 4 2 252146.51 9.3867431 22.1003 24.846625 72 517392 113021 20327 277 0 0 0 0 0 0 553 155555 8458
24.853375 -0.194824 -0.0629761 6.00138 32306 0.5000007 142077 52501 4 2 247883.45 9.3867431 22.1003 24.853375 76 516383 112834 20348 278 0 0 0 0 0 0 553 155562 8315
24.86 -0.194824 -0.0622822 6.00139 32307 0.5000007 142043 52455 4 2 250894.43 9.3867431 22.1003 24.86 79 517813 113247 20602 279 0 0 0 0 0 0 553 155525 8416
24.866625 -0.194824 -0.0615883 6.0014 32308 0.5000007 141877 52337 5 2 247734.4 9.3867431 22.1003 24.866625 74 516273 112493 20181 280 0 0 0 0 0 0 553 155369 8310
24.873375 -0.194824 -0.0608812 6.0014 32309 0.5000007 142042 52480 5 2 254442.01 9.3867431 22.1003 24.873375 84 517205 113568 20483 281 0 0 0 0 0 0 553 155557 8535
24.88 -0.194824 -0.0601873 6.00141 32310 0.5000007 142059 52523 5 2 251580.09 9.3867431 22.1003 24.88 86 516336 112824 20290 282 0 0 0 0 0 0 553 155551 8439
24.886625 -0.194824 -0.0594934 6.00142 32311 0.5000007 141922 52367 4 2 249701.96 9.3867431 22.1003 24.886625 76 515221 112422 20179 283 0 0 0 0 0 0 553 155415 8376
24.893375 -0.194824 -0.0587864 6.00142 32312 0.5000007 142118 52483 5 2 252921.61 9.3867431 22.1003 24.893375 96 515221 112855 20520 284 0 0 0 0 0 0 553 155607 8484
24.9 -0.194824 -0.0580924 6.00143 32313 0.5000007 141979 52386 4 2 247555.53 9.3867431 22.1003 24.9 78 513157 111867 20183 285 0 0 0 0 0 0 553 155491 8304
24.906625 -0.194824 -0.0573985 6.00144 32314 0.5000007 141993 52372 4 2 245975.51 9.3867431 22.1003 24.906625 76 514415 113001 20218 286 0 0 0 0 0 0 553 155480 8251
24.913375 -0.194824 -0.0566915 6.00144 32315 0.5000007 140410 51767 4 2 248837.43 9.3867431 22.1003 24.913375 70 509546 110966 19941 287 0 0 0 0 0 0 553 153875 8347
24.92 -0.194824 -0.0559975 6.00145 32316 0.5000007 142159 52522 4 2 246541.93 9.3867431 22.1003 24.92 97 515424 112897 20187 288 0 0 0 0 0 0 553 155647 8270
24.926625 -0.194824 -0.0553036 6.00146 32317 0.5000007 142100 52449 4 2 246750.61 9.3867431 22.1003 24.926625 71 513714 112484 20109 289 0 0 0 0 0 0 553 155609 8277
24.933375 -0.194824 -0.0545966 6.00146 32318 0.5000007 142125 52509 3 2 250089.51 9.3867431 22.1003 24.933375 73 512884 112361 20187 290 0 0 0 0 0 0 553 155615 8389
24.94 -0.194824 -0.0539026 6.00147 32319 0.5000007 142159 52500 5 2 247764.21 9.3867431 22.1003 24.94 62 515887 112501 19998 291 0 0 0 0 0 0 553 155645 8311
24.946625 -0.194824 -0.0532087 6.00148 32320 0.5000007 142148 52483 5 2 246571.74 9.3867431 22.1003 24.946625 87 515547 112537 20317 292 0 0 0 0 0 0 553 155650 8271
24.953375 -0.194824 -0.0525016 6.00148 32321 0.5000007 142018 52402 4 2 246154.38 9.3867431 22.1003 24.953375 91 513954 112547 20268 293 0 0 0 0 0 0 553 155513 8257
24.96 -0.194824 -0.0518077 6.00149 32322 0.5000007 142072 52427 4 2 246571.74 9.3867431 22.1003 24.96 89 514375 111981 20127 294 0 0 0 0 0 0 553 155592 8271
24.966625 -0.194824 -0.0511138 6.00149 32323 0.5000007 142028 52429 4 2 250954.05 9.3867431 22.1003 24.966625 88 513311 111988 20188 295 0 0 0 0 0 0 553 155526 8418
24.973375 -0.194824 -0.0504067 6.0015 32324 0.5000007 141985 52379 5 2 245587.96 9.3867431 22.1003 24.973375 76 512825 112229 20121 296 0 0 0 0 0 0 553 155458 8238
24.98 -0.194824 -0.0497128 6.00151 32325 0.5000007 141989 52414 5 2 248718.18 9.3867431 22.1003 24.98 76 512635 112032 20256 297 0 0 0 0 0 0 553 155494 8343
24.986625 -0.194824 -0.0490188 6.00151 32326 0.5000007 142024 52413 5 2 244425.31 9.3867431 22.1003 24.986625 86 512141 111573 19786 298 0 0 0 0 0 0 553 155506 8199
24.993375 -0.194824 -0.0483118 6.00152 32327 0.5000007 141955 52414 5 2 247585.34 9.3867431 22.1003 24.993375 91 512115 111288 19861 299 0 0 0 0 0 0 553 155479 8305
25 -0.194824 -0.0476179 6.00152 32328 0.5000007 142030 52417 4 2 244663.8 9.3867431 22.1003 25 83 510826 111502 20057 300 0 0 0 0 0 0 553 155521 8207