Eta  H  K  L  Epoch  Sec  ion1  Hubmon  scan_bar  Filters  Correct  Qmag  Energy  Graze  p_peak  p_total  p_del_s  p_nu_s  p_image  p_xcen  p_xsig  p_ycen  p_ysig  power  tempsp  gun_on  ion0  p_point
22.8 0.17454 -0.277222 5.99497 66070 1.0000007 278459 101242 5 2 489655.53 9.38524 22.1003 22.8 89 1029463 224032 40061 0 0 0 0 0 0 0 553 306482 16425
22.806625 0.17454 -0.276528 5.995 66072 1.0000007 278585 101362 6 2 500208.84 9.38524 22.1003 22.806625 87 1026345 223279 40199 1 0 0 0 0 0 0 553 306576 16779
22.813375 0.17454 -0.275822 5.99503 66073 1.0000007 278775 101475 5 2 493590.66 9.38524 22.1003 22.813375 98 1030439 223831 40339 2 0 0 0 0 0 0 553 306789 16557
22.82 0.17454 -0.275129 5.99506 66074 1.0000007 278555 101340 5 2 492398.2 9.38524 22.1003 22.82 87 1030111 224346 40233 3 0 0 0 0 0 0 553 306584 16517
22.826625 0.17454 -0.274436 5.9951 66076 1.0000007 278661 101389 6 2 489327.6 9.38524 22.1003 22.826625 98 1029082 223354 39803 4 0 0 0 0 0 0 553 306679 16414
22.833375 0.17454 -0.27373 5.99513 66077 1.0000007 278663 101419 6 2 502683.2 9.38524 22.1003 22.833375 91 1031099 224718 40604 5 0 0 0 0 0 0 553 306676 16862
22.84 0.17454 -0.273036 5.99516 66079 1.0000007 278706 101422 6 2 501013.75 9.38524 22.1003 22.84 87 1031749 224477 40389 6 0 0 0 0 0 0 553 306740 16806
22.846625 0.17454 -0.272343 5.99519 66080 1.0000007 278829 101561 6 2 498360.52 9.38524 22.1003 22.846625 90 1033973 225458 40740 7 0 0 0 0 0 0 553 306836 16717
22.853375 0.17454 -0.271637 5.99522 66082 1.0000007 278800 101589 5 2 502325.46 9.38524 22.1003 22.853375 86 1034429 225206 40639 8 0 0 0 0 0 0 553 306784 16850
22.86 0.17454 -0.270944 5.99525 66083 1.0000007 278839 101607 5 2 502176.4 9.38524 22.1003 22.86 86 1033520 224472 40429 9 0 0 0 0 0 0 553 306864 16845
22.866625 0.17454 -0.27025 5.99529 66085 1.0000007 278860 101638 5 2 495975.59 9.38524 22.1003 22.866625 88 1031632 224867 40345 10 0 0 0 0 0 0 553 306878 16637
22.873375 0.17454 -0.269544 5.99532 66086 1.0000007 278872 101622 6 2 494902.37 9.38524 22.1003 22.873375 99 1033153 224608 40367 11 0 0 0 0 0 0 553 306863 16601
22.88 0.17454 -0.268851 5.99535 66088 1.0000007 278879 101612 6 2 502086.97 9.38524 22.1003 22.88 95 1035725 225033 40810 12 0 0 0 0 0 0 553 306906 16842
22.886625 0.17454 -0.268158 5.99538 66089 1.0000007 279031 101724 7 2 497734.47 9.38524 22.1003 22.886625 92 1035917 225136 40348 13 0 0 0 0 0 0 553 307049 16696
22.893375 0.17454 -0.267451 5.99541 66091 1.0000007 279005 101724 6 2 499374.11 9.38524 22.1003 22.893375 90 1035446 225098 40847 14 0 0 0 0 0 0 553 307025 16751
22.9 0.17454 -0.266758 5.99544 66092 1.0000007 279043 101800 6 2 492159.7 9.38524 22.1003 22.9 94 1036186 224685 40405 15 0 0 0 0 0 0 553 307062 16509
22.906625 0.17454 -0.266065 5.99547 66094 1.0000007 279196 101852 6 2 497078.62 9.38524 22.1003 22.906625 93 1039222 225494 40628 16 0 0 0 0 0 0 553 307201 16674
22.913375 0.17454 -0.265358 5.9955 66095 1.0000007 279193 101878 6 2 489834.4 9.38524 22.1003 22.913375 90 1037239 225108 40353 17 0 0 0 0 0 0 553 307197 16431
22.92 0.17454 -0.264665 5.99554 66097 1.0000007 277843 101561 6 2 496840.13 9.38524 22.1003 22.92 87 1034399 225402 40575 18 0 0 0 0 0 0 553 305759 16666
22.926625 0.17454 -0.263972 5.99557 66098 1.0000007 280384 102585 6 2 497376.73 9.38524 22.1003 22.926625 88 1044419 226328 40348 19 0 0 0 0 0 0 553 308374 16684
22.933375 0.17454 -0.263266 5.9956 66100 1.0000007 280647 102680 7 2 501639.79 9.38524 22.1003 22.933375 92 1046212 227636 40910 20 0 0 0 0 0 0 553 308616 16827
22.94 0.17454 -0.262572 5.99563 66101 1.0000007 280518 102642 5 2 502414.89 9.38524 22.1003 22.94 91 1045403 227001 40701 21 0 0 0 0 0 0 553 308494 16853
22.946625 0.17454 -0.261879 5.99566 66103 1.0000007 280607 102741 5 2 506379.84 9.38524 22.1003 22.946625 89 1047041 228594 41298 22 0 0 0 0 0 0 553 308576 16986
22.953375 0.17454 -0.261173 5.99569 66104 1.0000007 280666 102779 6 2 508436.84 9.38524 22.1003 22.953375 90 1046521 228565 41337 23 0 0 0 0 0 0 553 308652 17055
22.96 0.17454 -0.260479 5.99572 66106 1.0000007 280662 102804 5 2 507780.98 9.38524 22.1003 22.96 88 1044290 227664 41008 24 0 0 0 0 0 0 553 308661 17033
22.966625 0.17454 -0.259786 5.99575 66107 1.0000007 280766 102894 6 2 505217.19 9.38524 22.1003 22.966625 90 1049668 229210 41232 25 0 0 0 0 0 0 553 308759 16947
22.973375 0.17454 -0.25908 5.99578 66109 1.0000007 280705 102808 6 2 510434.22 9.38524 22.1003 22.973375 86 1051102 228935 41353 26 0 0 0 0 0 0 553 308690 17122
22.98 0.17454 -0.258387 5.99581 66110 1.0000007 280798 102897 5 2 501073.37 9.38524 22.1003 22.98 84 1050839 229532 41247 27 0 0 0 0 0 0 553 308771 16808
22.986625 0.17454 -0.257693 5.99584 66112 1.0000007 280854 102959 5 2 505574.92 9.38524 22.1003 22.986625 86 1050220 229228 41164 28 0 0 0 0 0 0 553 308832 16959
22.993375 0.17454 -0.256987 5.99587 66113 1.0000007 280940 103069 5 2 507304 9.38524 22.1003 22.993375 86 1051226 229422 41060 29 0 0 0 0 0 0 553 308924 17017
23 0.17454 -0.256294 5.9959 66115 1.0000007 280934 103097 5 2 511090.07 9.38524 22.1003 23 95 1052923 229267 41410 30 0 0 0 0 0 0 553 308927 17144
23.006625 0.17454 -0.2556 5.99593 66116 1.0000007 281100 103193 5 2 508585.9 9.38524 22.1003 23.006625 88 1054711 229728 41329 31 0 0 0 0 0 0 553 309052 17060
23.013375 0.17454 -0.254894 5.99596 66117 1.0000007 281204 103340 5 2 510434.22 9.38524 22.1003 23.013375 92 1054219 229902 41418 32 0 0 0 0 0 0 553 309208 17122
23.02 0.17454 -0.254201 5.99599 66119 1.0000007 281108 103209 6 2 505783.61 9.38524 22.1003 23.02 87 1054283 230418 41305 33 0 0 0 0 0 0 553 309091 16966
23.026625 0.17454 -0.253507 5.99602 66120 1.0000007 281297 103359 5 2 507900.23 9.38524 22.1003 23.026625 91 1055656 230933 41513 34 0 0 0 0 0 0 553 309286 17037
23.033375 0.17454 -0.252801 5.99605 66122 1.0000007 281497 103498 6 2 508168.53 9.38524 22.1003 23.033375 107 1057593 230984 41198 35 0 0 0 0 0 0 553 309488 17046
23.04 0.17454 -0.252108 5.99608 66123 1.0000007 281219 103389 6 2 508317.59 9.38524 22.1003 23.04 90 1057119 230671 41637 36 0 0 0 0 0 0 553 309197 17051
23.046625 0.17454 -0.251414 5.99611 66125 1.0000007 281453 103509 5 2 511894.98 9.38524 22.1003 23.046625 88 1059328 231795 41604 37 0 0 0 0 0 0 553 309401 17171
23.053375 0.17454 -0.250708 5.99614 66126 1.0000007 281423 103541 5 2 508377.21 9.38524 22.1003 23.053375 86 1058538 231764 41627 38 0 0 0 0 0 0 553 309405 17053
23.06 0.17454 -0.250015 5.99616 66128 1.0000007 281581 103622 5 2 507691.55 9.38524 22.1003 23.06 90 1059204 231662 41318 39 0 0 0 0 0 0 553 309564 17030
23.066625 0.17454 -0.249321 5.99619 66129 1.0000007 281523 103632 5 2 510851.58 9.38524 22.1003 23.066625 85 1059960 231492 41689 40 0 0 0 0 0 0 553 309463 17136
23.073375 0.17454 -0.248615 5.99622 66131 1.0000007 281737 103769 5 2 512998.01 9.38524 22.1003 23.073375 92 1061500 232587 42197 41 0 0 0 0 0 0 553 309682 17208
23.08 0.17454 -0.247922 5.99625 66132 1.0000007 281726 103699 6 2 513922.17 9.38524 22.1003 23.08 87 1062228 232921 41955 42 0 0 0 0 0 0 553 309691 17239
23.086625 0.17454 -0.247228 5.99628 66134 1.0000007 281743 103712 5 2 519854.68 9.38524 22.1003 23.086625 89 1062682 233205 42279 43 0 0 0 0 0 0 553 309703 17438
23.093375 0.17454 -0.246522 5.99631 66135 1.0000007 281769 103947 5 2 514607.84 9.38524 22.1003 23.093375 90 1063081 232558 41888 44 0 0 0 0 0 0 553 309747 17262
23.1 0.17454 -0.245828 5.99634 66137 1.0000007 281859 103863 5 2 514011.61 9.38524 22.1003 23.1 89 1064590 233797 41538 45 0 0 0 0 0 0 553 309812 17242
23.106625 0.17454 -0.245135 5.99637 66138 1.0000007 281945 104004 5 2 515472.38 9.38524 22.1003 23.106625 92 1065936 232997 41735 46 0 0 0 0 0 0 553 309890 17291
23.113375 0.17454 -0.244429 5.99639 66139 1.0000007 281759 103804 4 2 520063.36 9.38524 22.1003 23.113375 91 1064330 232897 42228 47 0 0 0 0 0 0 553 309714 17445
23.12 0.17454 -0.243735 5.99642 66141 1.0000007 281912 103923 6 2 513027.82 9.38524 22.1003 23.12 92 1067091 234341 41955 48 0 0 0 0 0 0 553 309884 17209
23.126625 0.17454 -0.243042 5.99645 66142 1.0000007 281859 103957 5 2 514697.27 9.38524 22.1003 23.126625 99 1067566 234091 41734 49 0 0 0 0 0 0 553 309825 17265
23.133375 0.17454 -0.242335 5.99648 66144 1.0000007 281897 103945 5 2 524564.91 9.38524 22.1003 23.133375 88 1067302 234802 42304 50 0 0 0 0 0 0 553 309846 17596
23.14 0.17454 -0.241642 5.99651 66145 1.0000007 281968 103970 6 2 517082.2 9.38524 22.1003 23.14 95 1068243 234859 42137 51 0 0 0 0 0 0 553 309929 17345
23.146625 0.17454 -0.240949 5.99654 66147 1.0000007 281771 103923 5 2 522656.97 9.38524 22.1003 23.146625 92 1069096 234677 42355 52 0 0 0 0 0 0 553 309746 17532
23.153375 0.17454 -0.240242 5.99656 66148 1.0000007 281695 103796 5 2 522358.86 9.38524 22.1003 23.153375 90 1070562 236117 42481 53 0 0 0 0 0 0 553 309669 17522
23.16 0.17454 -0.239549 5.99659 66150 1.0000007 281848 103997 5 2 523104.15 9.38524 22.1003 23.16 94 1070954 235800 42503 54 0 0 0 0 0 0 553 309810 17547
23.166625 0.17454 -0.238856 5.99662 66151 1.0000007 281796 103857 5 2 528082.68 9.38524 22.1003 23.166625 93 1072204 236686 42941 55 0 0 0 0 0 0 553 309765 17714
23.173375 0.17454 -0.238149 5.99665 66153 1.0000007 281643 103909 5 2 523938.87 9.38524 22.1003 23.173375 87 1071007 236367 42234 56 0 0 0 0 0 0 553 309584 17575
23.18 0.17454 -0.237456 5.99667 66154 1.0000007 281797 103910 6 2 528350.99 9.38524 22.1003 23.18 91 1074520 237831 43198 57 0 0 0 0 0 0 553 309771 17723
23.186625 0.17454 -0.236762 5.9967 66156 1.0000007 279444 103026 6 2 518811.27 9.38524 22.1003 23.186625 91 1063932 235424 42337 58 0 0 0 0 0 0 553 306954 17403
23.193375 0.17454 -0.236056 5.99673 66157 1.0000007 282580 104222 5 2 531689.89 9.38524 22.1003 23.193375 93 1077519 239767 43377 59 0 0 0 0 0 0 553 310552 17835
23.2 0.17454 -0.235362 5.99676 66159 1.0000007 282459 104271 6 2 534939.35 9.38524 22.1003 23.2 91 1079191 239114 43494 60 0 0 0 0 0 0 553 310426 17944
23.206625 0.17454 -0.234669 5.99678 66160 1.0000007 282371 104050 5 2 530557.05 9.38524 22.1003 23.206625 95 1079756 240172 43307 61 0 0 0 0 0 0 553 310321 17797
23.213375 0.17454 -0.233963 5.99681 66162 1.0000007 282288 104090 5 2 533001.6 9.38524 22.1003 23.213375 97 1079721 240315 43455 62 0 0 0 0 0 0 553 310265 17879
23.22 0.17454 -0.233269 5.99684 66163 1.0000007 282447 104180 6 2 531421.58 9.38524 22.1003 23.22 91 1081765 240649 43274 63 0 0 0 0 0 0 553 310406 17826
23.226625 0.17454 -0.232576 5.99687 66165 1.0000007 282380 104183 5 2 532554.42 9.38524 22.1003 23.226625 95 1083321 240678 43388 64 0 0 0 0 0 0 553 310323 17864
23.233375 0.17454 -0.231869 5.99689 66166 1.0000007 282286 103992 6 2 529722.32 9.38524 22.1003 23.233375 95 1081801 240682 43088 65 0 0 0 0 0 0 553 310248 17769
23.24 0.17454 -0.231176 5.99692 66168 1.0000007 282267 104104 5 2 536161.63 9.38524 22.1003 23.24 96 1084304 241651 43590 66 0 0 0 0 0 0 553 310259 17985
23.246625 0.17454 -0.230482 5.99695 66169 1.0000007 282310 104083 5 2 530706.1 9.38524 22.1003 23.246625 99 1085232 242942 43469 67 0 0 0 0 0 0 553 310273 17802
23.253375 0.17454 -0.229776 5.99697 66171 1.0000007 282110 103982 5 2 533478.58 9.38524 22.1003 23.253375 95 1085426 243328 43743 68 0 0 0 0 0 0 553 310057 17895
23.26 0.17454 -0.229083 5.997 66172 1.0000007 282136 103951 5 2 540394.87 9.38524 22.1003 23.26 102 1085778 243739 44045 69 0 0 0 0 0 0 553 310091 18127
23.266625 0.17454 -0.228389 5.99703 66174 1.0000007 282089 103971 6 2 532435.18 9.38524 22.1003 23.266625 96 1088037 243305 43464 70 0 0 0 0 0 0 553 310057 17860
23.273375 0.17454 -0.227683 5.99705 66175 1.0000007 282192 103909 5 2 546953.43 9.38524 22.1003 23.273375 97 1087585 244865 44442 71 0 0 0 0 0 0 553 310134 18347
23.28 0.17454 -0.226989 5.99708 66177 1.0000007 281826 103738 6 2 544985.86 9.38524 22.1003 23.28 100 1089663 245353 44195 72 0 0 0 0 0 0 553 309836 18281
23.286625 0.17454 -0.226296 5.99711 66178 1.0000007 281893 103793 5 2 539053.35 9.38524 22.1003 23.286625 102 1089781 246932 44116 73 0 0 0 0 0 0 553 309849 18082
23.293375 0.17454 -0.225589 5.99713 66180 1.0000007 281786 103783 6 2 541289.22 9.38524 22.1003 23.293375 103 1089947 246903 44120 74 0 0 0 0 0 0 553 309769 18157
23.3 0.17454 -0.224896 5.99716 66181 1.0000007 281822 103739 5 2 541915.26 9.38524 22.1003 23.3 107 1091787 247688 44518 75 0 0 0 0 0 0 553 309762 18178
23.306625 0.17454 -0.224202 5.99718 66183 1.0000007 281765 103745 7 2 544479.06 9.38524 22.1003 23.306625 107 1091873 248109 44787 76 0 0 0 0 0 0 553 309736 18264
23.313375 0.17454 -0.223496 5.99721 66184 1.0000007 281804 103677 6 2 546357.19 9.38524 22.1003 23.313375 110 1094383 249841 44919 77 0 0 0 0 0 0 553 309755 18327
23.32 0.17454 -0.222802 5.99724 66186 1.0000007 281551 103605 5 2 547460.22 9.38524 22.1003 23.32 114 1093474 250401 45142 78 0 0 0 0 0 0 553 309531 18364
23.326625 0.17454 -0.222109 5.99726 66187 1.0000007 281767 103670 5 2 552289.7 9.38524 22.1003 23.326625 106 1097110 251937 45309 79 0 0 0 0 0 0 553 309748 18526
23.333375 0.17454 -0.221402 5.99729 66189 1.0000007 281589 103554 5 2 559504.11 9.38524 22.1003 23.333375 115 1096423 253245 45293 80 0 0 0 0 0 0 553 309553 18768
23.34 0.17454 -0.220709 5.99731 66190 1.0000007 281616 103548 5 2 560487.89 9.38524 22.1003 23.34 111 1099493 254015 45622 81 0 0 0 0 0 0 553 309593 18801
23.346625 0.17454 -0.220015 5.99734 66192 1.0000007 281452 103423 5 2 561203.37 9.38524 22.1003 23.346625 111 1098583 254833 45965 82 0 0 0 0 0 0 553 309421 18825
23.353375 0.17454 -0.219309 5.99737 66193 1.0000007 281377 103405 6 2 558729.01 9.38524 22.1003 23.353375 122 1100906 255942 45740 83 0 0 0 0 0 0 553 309333 18742
23.36 0.17454 -0.218615 5.99739 66194 1.0000007 281499 103543 5 2 563916.23 9.38524 22.1003 23.36 129 1104349 258803 46302 84 0 0 0 0 0 0 553 309458 18916
23.366625 0.17454 -0.217922 5.99742 66196 1.0000007 281452 103460 5 2 566032.85 9.38524 22.1003 23.366625 127 1104246 259069 46244 85 0 0 0 0 0 0 553 309418 18987
23.373375 0.17454 -0.217215 5.99744 66197 1.0000007 281369 103420 6 2 572054.79 9.38524 22.1003 23.373375 121 1105495 260593 46667 86 0 0 0 0 0 0 553 309340 19189
23.38 0.17454 -0.216522 5.99747 66199 1.0000007 281283 103319 5 2 577122.76 9.38524 22.1003 23.38 126 1106778 261717 47076 87 0 0 0 0 0 0 553 309268 19359
23.386625 0.17454 -0.215828 5.99749 66200 1.0000007 281139 103303 6 2 579388.45 9.38524 22.1003 23.386625 130 1110052 264612 47134 88 0 0 0 0 0 0 553 309107 19435
23.393375 0.17454 -0.215122 5.99752 66202 1.0000007 281494 103412 6 2 584575.66 9.38524 22.1003 23.393375 140 1112881 267608 47759 89 0 0 0 0 0 0 553 309485 19609
23.4 0.17454 -0.214428 5.99754 66203 1.0000007 281246 103291 5 2 582280.17 9.38524 22.1003 23.4 129 1113388 267998 48264 90 0 0 0 0 0 0 553 309218 19532
23.406625 0.17454 -0.213735 5.99757 66205 1.0000007 281136 103224 6 2 587258.71 9.38524 22.1003 23.406625 140 1117914 271068 48647 91 0 0 0 0 0 0 553 309111 19699
23.413375 0.17454 -0.213028 5.99759 66206 1.0000007 281134 103233 6 2 604698.49 9.38524 22.1003 23.413375 139 1119563 272503 49505 92 0 0 0 0 0 0 553 309095 20284
23.42 0.17454 -0.212335 5.99762 66208 1.0000007 281209 103260 5 2 611376.29 9.38524 22.1003 23.42 148 1122322 275147 50298 93 0 0 0 0 0 0 553 309193 20508
23.426625 0.17454 -0.211641 5.99764 66209 1.0000007 280988 103054 5 2 614208.39 9.38524 22.1003 23.426625 144 1123671 276562 50890 94 0 0 0 0 0 0 553 308971 20603
23.433375 0.17454 -0.210935 5.99767 66211 1.0000007 281076 103165 7 2 622883.57 9.38524 22.1003 23.433375 157 1128809 280955 51688 95 0 0 0 0 0 0 553 309059 20894
23.44 0.17454 -0.210241 5.99769 66212 1.0000007 280883 103013 5 2 644944.15 9.38524 22.1003 23.44 160 1132246 284902 53165 96 0 0 0 0 0 0 553 308867 21634
23.446625 0.17454 -0.209548 5.99771 66214 1.0000007 280917 103007 5 2 648253.24 9.38524 22.1003 23.446625 170 1134118 287010 54122 97 0 0 0 0 0 0 553 308885 21745
23.453375 0.17454 -0.208841 5.99774 66215 1.0000007 280918 102941 6 2 673921.03 9.38524 22.1003 23.453375 174 1137283 291383 55681 98 0 0 0 0 0 0 553 308919 22606
23.46 0.17454 -0.208148 5.99776 66216 1.0000007 278719 102175 6 2 693566.87 9.38524 22.1003 23.46 171 1134048 293698 57140 99 0 0 0 0 0 0 553 306544 23265
23.466625 0.17454 -0.207454 5.99779 66218 1.0000007 281339 103097 5 2 733991.4 9.38524 22.1003 23.466625 194 1151368 302246 60421 100 0 0 0 0 0 0 553 309320 24621
23.473375 0.17454 -0.206748 5.99781 66219 1.0000007 281439 103225 6 2 759718.81 9.38524 22.1003 23.473375 228 1155703 307175 62611 101 0 0 0 0 0 0 553 309427 25484
23.48 0.17454 -0.206054 5.99784 66221 1.0000007 281270 103048 6 2 799189.37 9.38524 22.1003 23.48 257 1163591 313698 65791 102 0 0 0 0 0 0 553 309261 26808
23.486625 0.17454 -0.205361 5.99786 66222 1.0000007 281271 103134 5 2 856994.07 9.38524 22.1003 23.486625 320 1168451 320221 70271 103 0 0 0 0 0 0 553 309279 28747
23.493375 0.17454 -0.204654 5.99788 66224 1.0000007 281123 102961 5 2 922221.85 9.38524 22.1003 23.493375 389 1177580 329695 74800 104 0 0 0 0 0 0 553 309114 30935
23.5 0.17454 -0.20396 5.99791 66225 1.0000007 281133 103023 5 2 1006827.2 9.38524 22.1003 23.5 513 1190493 340095 81320 105 0 0 0 0 0 0 553 309132 33773
23.506625 0.17454 -0.203267 5.99793 66227 1.0000007 280967 102838 5 2 1117517.6 9.38524 22.1003 23.506625 612 1201358 351640 88847 106 0 0 0 0 0 0 553 308960 37486
23.513375 0.17454 -0.20256 5.99795 66228 1.0000007 281147 103024 5 2 1250477.4 9.38524 22.1003 23.513375 813 1216666 366450 98415 107 0 0 0 0 0 0 553 309163 41946
23.52 0.17454 -0.201867 5.99798 66230 1.0000007 280957 102785 5 2 1416528 9.38524 22.1003 23.52 1045 1231900 384858 109261 108 0 0 0 0 0 0 553 308949 47516
23.526625 0.17454 -0.201173 5.998 66231 1.0000007 280919 102888 6 2 1606308.6 9.38524 22.1003 23.526625 1327 1254751 404929 121800 109 0 0 0 0 0 0 553 308935 53882
23.533375 0.17454 -0.200467 5.99803 66233 1.0000007 280881 102765 6 2 1851121.5 9.38524 22.1003 23.533375 1811 1280619 430295 137989 110 0 0 0 0 0 0 553 308862 62094
23.54 0.17454 -0.199773 5.99805 66234 1.0000007 281070 102945 6 2 2166528.2 9.38524 22.1003 23.54 2317 1311255 460709 156970 111 0 0 0 0 0 0 553 309084 72674
23.546625 0.17454 -0.19908 5.99807 66236 1.0000007 280783 102699 6 2 2539918.5 9.38524 22.1003 23.546625 2991 1347643 498307 179503 112 0 0 0 0 0 0 553 308780 85199
23.553375 0.17454 -0.198373 5.99809 66237 1.0000007 280811 102810 5 2 2970457.6 9.38524 22.1003 23.553375 3862 1393197 545647 205117 113 0 0 0 0 0 0 553 308826 99641
23.56 0.17454 -0.197679 5.99812 66239 1.0000007 281004 102759 6 2 3470308.7 9.38524 22.1003 23.56 4835 1454273 604503 234604 114 0 0 0 0 0 0 553 308974 116408
23.566625 0.17454 -0.196986 5.99814 66240 1.0000007 280729 102691 5 2 4021286.7 9.38524 22.1003 23.566625 6101 1521377 672369 266495 115 0 0 0 0 0 0 553 308738 134890
23.573375 0.17454 -0.196279 5.99816 66242 1.0000007 280654 102614 5 2 4569790.4 9.38524 22.1003 23.573375 8958 1602294 753479 300200 116 0 0 0 0 0 0 553 308644 153289
23.58 0.17454 -0.195586 5.99819 66243 1.0000007 280797 102798 5 2 5154574.7 9.38524 22.1003 23.58 12298 1696915 847492 336394 117 0 0 0 0 0 0 553 308809 172905
23.586625 0.17454 -0.194892 5.99821 66245 1.0000007 280862 102727 5 2 5650043.5 9.38524 22.1003 23.586625 16666 1802471 953038 370810 118 0 0 0 0 0 0 553 308871 189525
23.593375 0.17454 -0.194185 5.99823 66246 1.0000007 280766 102757 6 2 6087648 9.38524 22.1003 23.593375 23608 1932749 1083346 407729 119 0 0 0 0 0 0 553 308753 204204
23.6 0.17454 -0.193492 5.99825 66248 1.0000007 280735 102698 5 2 6456775.2 9.38524 22.1003 23.6 33468 2078360 1229211 443446 120 0 0 0 0 0 0 553 308744 216586
23.606625 0.17454 -0.192798 5.99828 66249 1.0000007 280882 102842 5 2 6774298.5 9.38524 22.1003 23.606625 51215 2244380 1393457 484287 121 0 0 0 0 0 0 553 308884 227237
23.613375 0.17454 -0.192092 5.9983 66251 1.0000007 280780 102713 6 2 7091881.5 9.38524 22.1003 23.613375 65150 2397653 1546709 529938 122 0 0 0 0 0 0 553 308760 237890
23.62 0.17454 -0.191398 5.99832 66252 1.0000007 280826 102790 4 2 7536789.8 9.38524 22.1003 23.62 62344 2502281 1653254 587353 123 0 0 0 0 0 0 553 308811 252814
23.626625 0.17454 -0.190704 5.99834 66254 1.0000007 280756 102660 5 2 8116208.1 9.38524 22.1003 23.626625 62061 2557986 1708243 661401 124 0 0 0 0 0 0 553 308736 272250
23.633375 0.17454 -0.189998 5.99837 66255 1.0000007 280963 102913 5 2 9066900 9.38524 22.1003 23.633375 59496 2587185 1737130 761683 125 0 0 0 0 0 0 553 308959 304140
23.64 0.17454 -0.189304 5.99839 66257 1.0000007 280963 102821 4 2 10336934 9.38524 22.1003 23.64 47204 2626103 1774709 886375 126 0 0 0 0 0 0 553 308942 346742
23.646625 0.17454 -0.188611 5.99841 66258 1.0000007 280959 102859 5 2 11949175 9.38524 22.1003 23.646625 34950 2714983 1864755 1048289 127 0 0 0 0 0 0 553 308942 400823
23.653375 0.17454 -0.187904 5.99843 66260 1.0000007 281065 102846 4 2 14017116 9.38524 22.1003 23.653375 27887 2880869 2030177 1263596 128 0 0 0 0 0 0 553 309071 470190
23.66 0.17454 -0.18721 5.99845 66261 1.0000007 281013 102968 6 2 16370474 9.38524 22.1003 23.66 22256 3146186 2296153 1550668 129 0 0 0 0 0 0 553 309020 549131
23.666625 0.17454 -0.186517 5.99848 66263 1.0000007 281172 103017 4 2 18896798 9.38524 22.1003 23.666625 32982 3557321 2705791 1940550 130 0 0 0 0 0 0 553 309138 633874
23.673375 0.17454 -0.18581 5.9985 66264 1.0000007 281126 103036 6 2 21588100 9.38524 22.1003 23.673375 51985 4151862 3301028 2472554 131 0 0 0 0 0 0 553 309138 724151
23.68 0.17454 -0.185116 5.99852 66266 1.0000007 281152 102996 6 2 24180874 9.38524 22.1003 23.68 76746 4886322 4035290 3110897 132 0 0 0 0 0 0 553 309174 811123
23.686625 0.17454 -0.184423 5.99854 66267 1.0000007 281058 103046 5 2 26645161 9.38524 22.1003 23.686625 109649 5791474 4939288 3887264 133 0 0 0 0 0 0 553 309069 893785
23.693375 0.17454 -0.183716 5.99856 66269 1.0000007 281155 103083 6 2 28648530 9.38524 22.1003 23.693375 158535 6923405 6071234 4835978 134 0 0 0 0 0 0 553 309179 960986
23.7 0.17454 -0.183023 5.99858 66270 1.0000007 281091 102968 5 2 30079904 9.38524 22.1003 23.7 206972 8132592 7279556 5793032 135 0 0 0 0 0 0 553 309085 1009000
23.706625 0.17454 -0.182329 5.9986 66272 1.0000007 281245 103177 6 2 30611117 9.38524 22.1003 23.706625 243557 9162943 8310076 6531936 136 0 0 0 0 0 0 553 309239 1026819
23.713375 0.17454 -0.181622 5.99863 66273 1.0000007 281125 103082 6 2 30141704 9.38524 22.1003 23.713375 291837 9829722 8975457 6900315 137 0 0 0 0 0 0 553 309123 1011073
23.72 0.17454 -0.180929 5.99865 66275 1.0000007 281441 103268 5 2 29004451 9.38524 22.1003 23.72 324035 9674791 8819284 6725892 138 0 0 0 0 0 0 553 309444 972925
23.726625 0.17454 -0.180235 5.99867 66276 1.0000007 281230 103171 6 2 27353485 9.38524 22.1003 23.726625 247290 8739651 7887896 6070881 139 0 0 0 0 0 0 553 309231 917545
23.733375 0.17454 -0.179528 5.99869 66278 1.0000007 281460 103260 5 2 25608522 9.38524 22.1003 23.733375 167489 7714378 6861410 5363637 140 0 0 0 0 0 0 553 309480 859012
23.74 0.17454 -0.178835 5.99871 66279 1.0000007 281379 103227 5 2 24022694 9.38524 22.1003 23.74 211859 6794169 5941287 4670702 141 0 0 0 0 0 0 553 309397 805817
23.746625 0.17454 -0.178141 5.99873 66281 1.0000007 281546 103306 5 2 22426015 9.38524 22.1003 23.746625 282695 6222133 5369315 4263170 142 0 0 0 0 0 0 553 309562 752258
23.753375 0.17454 -0.177434 5.99875 66282 1.0000007 281566 103420 5 2 20997920 9.38524 22.1003 23.753375 338882 5999202 5145711 4158558 143 0 0 0 0 0 0 553 309563 704354
23.76 0.17454 -0.176741 5.99877 66284 1.0000007 281636 103462 5 2 19677057 9.38524 22.1003 23.76 352102 5750747 4898539 4018784 144 0 0 0 0 0 0 553 309646 660047
23.766625 0.17454 -0.176047 5.99879 66285 1.0000007 281593 103446 5 2 18463069 9.38524 22.1003 23.766625 356377 5209976 4357626 3593742 145 0 0 0 0 0 0 553 309588 619325
23.773375 0.17454 -0.17534 5.99881 66287 1.0000007 281832 103537 4 2 17155085 9.38524 22.1003 23.773375 281203 4434088 3582183 2935212 146 0 0 0 0 0 0 553 309854 575450
23.78 0.17454 -0.174647 5.99883 66288 1.0000007 281653 103500 5 2 16038283 9.38524 22.1003 23.78 181250 3689942 2837855 2282593 147 0 0 0 0 0 0 553 309685 537988
23.786625 0.17454 -0.173953 5.99885 66290 1.0000007 281908 103614 6 2 14896797 9.38524 22.1003 23.786625 102358 3095490 2244907 1753780 148 0 0 0 0 0 0 553 309950 499698
23.793375 0.17454 -0.173246 5.99887 66291 1.0000007 281680 103603 5 2 13939368 9.38524 22.1003 23.793375 53045 2671181 1819776 1372409 149 0 0 0 0 0 0 553 309681 467582
23.8 0.17454 -0.172553 5.99889 66293 1.0000007 281874 103680 6 2 13094417 9.38524 22.1003 23.8 29304 2387648 1538759 1119867 150 0 0 0 0 0 0 553 309875 439239
23.806625 0.17454 -0.171859 5.99891 66294 1.0000007 281809 103590 4 2 12406902 9.38524 22.1003 23.806625 16847 2211220 1359843 960049 151 0 0 0 0 0 0 553 309806 416177
23.813375 0.17454 -0.171152 5.99893 66296 1.0000007 281960 103715 6 2 11703229 9.38524 22.1003 23.813375 9718 2093441 1244619 859184 152 0 0 0 0 0 0 553 309943 392573
23.82 0.17454 -0.170459 5.99895 66297 1.0000007 281888 103649 5 2 11182421 9.38524 22.1003 23.82 6107 2026453 1178134 802043 153 0 0 0 0 0 0 553 309900 375103
23.826625 0.17454 -0.169765 5.99897 66299 1.0000007 281956 103692 5 2 10779427 9.38524 22.1003 23.826625 5330 1989026 1140921 772292 154 0 0 0 0 0 0 553 309962 361585
23.833375 0.17454 -0.169058 5.99899 66300 1.0000007 282030 103782 5 2 10404010 9.38524 22.1003 23.833375 6131 1968190 1117484 756293 155 0 0 0 0 0 0 553 310031 348992
23.84 0.17454 -0.168365 5.99901 66302 1.0000007 281788 103690 5 2 10232712 9.38524 22.1003 23.84 6701 1956966 1108654 753953 156 0 0 0 0 0 0 553 309767 343246
23.846625 0.17454 -0.167671 5.99903 66303 1.0000007 281988 103900 6 2 10013180 9.38524 22.1003 23.846625 8017 1957768 1107777 755935 157 0 0 0 0 0 0 553 309980 335882
23.853375 0.17454 -0.166964 5.99905 66305 1.0000007 281786 103598 5 2 9917603.8 9.38524 22.1003 23.853375 9676 1952314 1104332 759289 158 0 0 0 0 0 0 553 309794 332676
23.86 0.17454 -0.166271 5.99907 66306 1.0000007 282062 103864 4 2 9874108.7 9.38524 22.1003 23.86 10323 1954470 1104595 762861 159 0 0 0 0 0 0 553 310065 331217
23.866625 0.17454 -0.165577 5.99909 66308 1.0000007 281958 103702 5 2 9893128.5 9.38524 22.1003 23.866625 10167 1943730 1093797 756835 160 0 0 0 0 0 0 553 309968 331855
23.873375 0.17454 -0.16487 5.99911 66309 1.0000007 281988 103724 5 2 9908213.2 9.38524 22.1003 23.873375 9155 1927648 1077876 747127 161 0 0 0 0 0 0 553 309993 332361
23.88 0.17454 -0.164177 5.99913 66311 1.0000007 281800 103635 6 2 9994666.8 9.38524 22.1003 23.88 9046 1909945 1061146 735300 162 0 0 0 0 0 0 553 309808 335261
23.886625 0.17454 -0.163483 5.99915 66312 1.0000007 281869 103786 6 2 10200725 9.38524 22.1003 23.886625 10510 1898293 1049733 728364 163 0 0 0 0 0 0 553 309866 342173
23.893375 0.17454 -0.162776 5.99917 66314 1.0000007 281824 103592 5 2 10416143 9.38524 22.1003 23.893375 12013 1887388 1040074 723485 164 0 0 0 0 0 0 553 309843 349399
23.9 0.17454 -0.162083 5.99919 66315 1.0000007 281761 103588 4 2 10711517 9.38524 22.1003 23.9 13628 1879187 1033131 720005 165 0 0 0 0 0 0 553 309763 359307
23.906625 0.17454 -0.161389 5.9992 66317 1.0000007 281679 103554 6 2 11057987 9.38524 22.1003 23.906625 15447 1875012 1029552 719421 166 0 0 0 0 0 0 553 309675 370929
23.913375 0.17454 -0.160682 5.99922 66318 1.0000007 281844 103754 5 2 11575337 9.38524 22.1003 23.913375 17927 1881149 1034248 726097 167 0 0 0 0 0 0 553 309875 388283
23.92 0.17454 -0.159988 5.99924 66320 1.0000007 281620 103469 5 2 12029815 9.38524 22.1003 23.92 20112 1878962 1032103 725332 168 0 0 0 0 0 0 553 309651 403528
23.926625 0.17454 -0.159295 5.99926 66321 1.0000007 281612 103607 6 2 12528981 9.38524 22.1003 23.926625 23027 1878643 1031494 724085 169 0 0 0 0 0 0 553 309622 420272
23.933375 0.17454 -0.158588 5.99928 66323 1.0000007 281497 103444 5 2 12829839 9.38524 22.1003 23.933375 23809 1863381 1018078 710019 170 0 0 0 0 0 0 553 309544 430364
23.94 0.17454 -0.157894 5.9993 66324 1.0000007 281522 103443 5 2 12892921 9.38524 22.1003 23.94 23888 1842778 997384 686539 171 0 0 0 0 0 0 553 309542 432480
23.946625 0.17454 -0.157201 5.99932 66326 1.0000007 281505 103422 5 2 12692229 9.38524 22.1003 23.946625 22346 1812963 966490 651114 172 0 0 0 0 0 0 553 309529 425748
23.953375 0.17454 -0.156494 5.99933 66327 1.0000007 281458 103476 5 2 12047255 9.38524 22.1003 23.953375 19528 1767899 922741 602022 173 0 0 0 0 0 0 553 309467 404113
23.96 0.17454 -0.1558 5.99935 66329 1.0000007 281288 103285 5 2 11145633 9.38524 22.1003 23.96 17299 1716534 873333 548051 174 0 0 0 0 0 0 553 309318 373869
23.966625 0.17454 -0.155106 5.99937 66330 1.0000007 281288 103380 5 2 10058881 9.38524 22.1003 23.966625 14818 1668691 824972 491584 175 0 0 0 0 0 0 553 309303 337415
23.973375 0.17454 -0.1544 5.99939 66332 1.0000007 281295 103266 4 2 8772063.3 9.38524 22.1003 23.973375 11519 1617905 772971 433594 176 0 0 0 0 0 0 553 309303 294250
23.98 0.17454 -0.153706 5.99941 66333 1.0000007 281205 103233 5 2 7548207.7 9.38524 22.1003 23.98 8241 1574131 729693 381749 177 0 0 0 0 0 0 553 309239 253197
23.986625 0.17454 -0.153012 5.99942 66335 1.0000007 281171 103210 5 2 6532645.7 9.38524 22.1003 23.986625 5910 1538840 695269 341044 178 0 0 0 0 0 0 553 309199 219131
23.993375 0.17454 -0.152305 5.99944 66336 1.0000007 279563 102592 4 2 5629145.6 9.38524 22.1003 23.993375 4158 1500957 662126 305919 179 0 0 0 0 0 0 553 307550 188824
24 0.17454 -0.151612 5.99946 66337 1.0000007 281562 103370 5 2 5002863.5 9.38524 22.1003 24 3053 1487618 643743 284660 180 0 0 0 0 0 0 553 309614 167816
24.006625 0.17454 -0.150918 5.99948 66339 1.0000007 281415 103401 5 2 4510286.4 9.38524 22.1003 24.006625 2659 1469365 626775 268889 181 0 0 0 0 0 0 553 309471 151293
24.013375 0.17454 -0.150211 5.99949 66340 1.0000007 281429 103306 5 2 4069551.7 9.38524 22.1003 24.013375 2363 1452135 608048 256836 182 0 0 0 0 0 0 553 309454 136509
24.02 0.17454 -0.149517 5.99951 66342 1.0000007 281382 103337 5 2 3743233.9 9.38524 22.1003 24.02 2715 1436319 594492 250203 183 0 0 0 0 0 0 553 309450 125563
24.026625 0.17454 -0.148824 5.99953 66343 1.0000007 281385 103233 5 2 3441302 9.38524 22.1003 24.026625 2892 1420527 579439 245306 184 0 0 0 0 0 0 553 309431 115435
24.033375 0.17454 -0.148117 5.99955 66345 1.0000007 281235 103177 5 2 3152487.3 9.38524 22.1003 24.033375 2864 1408698 566838 242337 185 0 0 0 0 0 0 553 309282 105747
24.04 0.17454 -0.147423 5.99956 66346 1.0000007 281431 103224 6 2 2878667.7 9.38524 22.1003 24.04 3378 1395364 552549 240281 186 0 0 0 0 0 0 553 309505 96562
24.046625 0.17454 -0.14673 5.99958 66348 1.0000007 281369 103246 5 2 2681553.4 9.38524 22.1003 24.046625 3688 1384606 541645 240268 187 0 0 0 0 0 0 553 309456 89950
24.053375 0.17454 -0.146023 5.9996 66349 1.0000007 281437 103222 6 2 2450006.7 9.38524 22.1003 24.053375 4153 1369900 527238 236897 188 0 0 0 0 0 0 553 309487 82183
24.06 0.17454 -0.145329 5.99961 66351 1.0000007 281249 103195 5 2 2274088.5 9.38524 22.1003 24.06 4519 1353553 510576 230032 189 0 0 0 0 0 0 553 309325 76282
24.066625 0.17454 -0.144635 5.99963 66352 1.0000007 281333 103199 5 2 2114357.9 9.38524 22.1003 24.066625 4189 1329186 486445 215820 190 0 0 0 0 0 0 553 309384 70924
24.073375 0.17454 -0.143928 5.99965 66354 1.0000007 281262 103180 5 2 1965657.7 9.38524 22.1003 24.073375 3325 1297829 455600 193911 191 0 0 0 0 0 0 553 309349 65936
24.08 0.17454 -0.143235 5.99966 66355 1.0000007 281371 103205 4 2 1814155.1 9.38524 22.1003 24.08 2787 1267256 424640 169383 192 0 0 0 0 0 0 553 309454 60854
24.086625 0.17454 -0.142541 5.99968 66357 1.0000007 281233 103171 5 2 1649863.4 9.38524 22.1003 24.086625 1942 1235031 392463 144094 193 0 0 0 0 0 0 553 309306 55343
24.093375 0.17454 -0.141834 5.9997 66358 1.0000007 281434 103268 5 2 1481875 9.38524 22.1003 24.093375 1394 1208324 366812 122864 194 0 0 0 0 0 0 553 309490 49708
24.1 0.17454 -0.14114 5.99971 66359 1.0000007 281081 103086 5 2 1332041.9 9.38524 22.1003 24.1 944 1183837 344550 105884 195 0 0 0 0 0 0 553 309157 44682
24.106625 0.17454 -0.140447 5.99973 66361 1.0000007 281390 103269 6 2 1212318.5 9.38524 22.1003 24.106625 642 1169775 329882 93038 196 0 0 0 0 0 0 553 309461 40666
24.113375 0.17454 -0.13974 5.99975 66362 1.0000007 281241 103189 5 2 1101240.5 9.38524 22.1003 24.113375 444 1157202 316281 83591 197 0 0 0 0 0 0 553 309333 36940
24.12 0.17454 -0.139046 5.99976 66364 1.0000007 281292 103222 6 2 1003041.1 9.38524 22.1003 24.12 310 1148208 307273 76501 198 0 0 0 0 0 0 553 309338 33646
24.126625 0.17454 -0.138352 5.99978 66365 1.0000007 281176 103126 5 2 911698.35 9.38524 22.1003 24.126625 231 1138459 298956 70180 199 0 0 0 0 0 0 553 309251 30582
24.133375 0.17454 -0.137646 5.9998 66367 1.0000007 281324 103230 6 2 846232.08 9.38524 22.1003 24.133375 180 1133420 293240 65827 200 0 0 0 0 0 0 553 309394 28386
24.14 0.17454 -0.136952 5.99981 66368 1.0000007 281310 103289 5 2 805867.17 9.38524 22.1003 24.14 167 1125998 287926 63165 201 0 0 0 0 0 0 553 309382 27032
24.146625 0.17454 -0.136258 5.99983 66370 1.0000007 281393 103362 6 2 762670.16 9.38524 22.1003 24.146625 161 1122567 284567 60953 202 0 0 0 0 0 0 553 309467 25583
24.153375 0.17454 -0.135551 5.99984 66371 1.0000007 281379 103328 6 2 730801.56 9.38524 22.1003 24.153375 149 1120441 281682 58932 203 0 0 0 0 0 0 553 309459 24514
24.16 0.17454 -0.134857 5.99986 66373 1.0000007 281592 103493 5 2 707220.59 9.38524 22.1003 24.16 165 1116282 278255 57554 204 0 0 0 0 0 0 553 309665 23723
24.166625 0.17454 -0.134164 5.99987 66374 1.0000007 281560 103466 5 2 673324.8 9.38524 22.1003 24.166625 185 1114274 275140 55521 205 0 0 0 0 0 0 553 309642 22586
24.173375 0.17454 -0.133457 5.99989 66376 1.0000007 281649 103543 6 2 653738.58 9.38524 22.1003 24.173375 184 1112250 273219 54485 206 0 0 0 0 0 0 553 309707 21929
24.18 0.17454 -0.132763 5.99991 66377 1.0000007 281612 103462 6 2 643185.27 9.38524 22.1003 24.18 205 1109827 271485 53790 207 0 0 0 0 0 0 553 309686 21575
24.186625 0.17454 -0.132069 5.99992 66379 1.0000007 281868 103691 6 2 623449.99 9.38524 22.1003 24.186625 225 1106639 269027 52816 208 0 0 0 0 0 0 553 309951 20913
24.193375 0.17454 -0.131363 5.99994 66380 1.0000007 281752 103609 6 2 615579.73 9.38524 22.1003 24.193375 239 1105422 268690 51959 209 0 0 0 0 0 0 553 309822 20649
24.2 0.17454 -0.130669 5.99995 66382 1.0000007 281838 103746 5 2 607411.35 9.38524 22.1003 24.2 234 1104605 267297 51207 210 0 0 0 0 0 0 553 309910 20375
24.206625 0.17454 -0.129975 5.99997 66383 1.0000007 281850 103710 5 2 594443.3 9.38524 22.1003 24.206625 241 1102038 265821 50763 211 0 0 0 0 0 0 553 309908 19940
24.213375 0.17454 -0.129268 5.99998 66385 1.0000007 281993 103846 6 2 593608.58 9.38524 22.1003 24.213375 238 1101327 263944 49972 212 0 0 0 0 0 0 553 310040 19912
24.22 0.17454 -0.128574 6 66386 1.0000007 282101 103824 4 2 574499.34 9.38524 22.1003 24.22 259 1101158 263706 49138 213 0 0 0 0 0 0 553 310158 19271
24.226625 0.17454 -0.127881 6.00001 66388 1.0000007 282167 103975 5 2 574916.71 9.38524 22.1003 24.226625 259 1099816 262871 48291 214 0 0 0 0 0 0 553 310231 19285
24.233375 0.17454 -0.127174 6.00003 66389 1.0000007 282025 103814 5 2 567612.86 9.38524 22.1003 24.233375 251 1097990 261182 47972 215 0 0 0 0 0 0 553 310110 19040
24.24 0.17454 -0.12648 6.00004 66390 1.0000007 282254 104006 6 2 567821.55 9.38524 22.1003 24.24 251 1096367 259685 47404 216 0 0 0 0 0 0 553 310328 19047
24.246625 0.17454 -0.125786 6.00006 66392 1.0000007 282207 103959 4 2 558937.69 9.38524 22.1003 24.246625 251 1098329 259361 46857 217 0 0 0 0 0 0 553 310282 18749
24.253375 0.17454 -0.125079 6.00007 66393 1.0000007 282160 104052 5 2 553333.11 9.38524 22.1003 24.253375 249 1095437 257739 46493 218 0 0 0 0 0 0 553 310240 18561
24.26 0.17454 -0.124386 6.00009 66395 1.0000007 282299 104004 5 2 547102.48 9.38524 22.1003 24.26 245 1095201 256761 45895 219 0 0 0 0 0 0 553 310358 18352
24.266625 0.17454 -0.123692 6.0001 66396 1.0000007 280216 103271 5 2 545015.67 9.38524 22.1003 24.266625 223 1082343 252877 45377 220 0 0 0 0 0 0 553 308171 18282
24.273375 0.17454 -0.122985 6.00011 66398 1.0000007 283112 104386 5 2 548920.99 9.38524 22.1003 24.273375 186 1091979 253851 45249 221 0 0 0 0 0 0 553 311183 18413
24.28 0.17454 -0.122291 6.00013 66399 1.0000007 282947 104371 5 2 554316.89 9.38524 22.1003 24.28 163 1091112 252508 45256 222 0 0 0 0 0 0 553 311028 18594
24.286625 0.17454 -0.121597 6.00014 66401 1.0000007 283011 104338 5 2 556314.27 9.38524 22.1003 24.286625 150 1091708 252115 45023 223 0 0 0 0 0 0 553 311078 18661
24.293375 0.17454 -0.12089 6.00016 66402 1.0000007 282941 104376 5 2 543614.53 9.38524 22.1003 24.293375 132 1088003 250615 44491 224 0 0 0 0 0 0 553 311027 18235
24.3 0.17454 -0.120197 6.00017 66404 1.0000007 283033 104368 6 2 539530.34 9.38524 22.1003 24.3 115 1088374 249908 44457 225 0 0 0 0 0 0 553 311102 18098
24.306625 0.17454 -0.119503 6.00018 66405 1.0000007 283001 104463 5 2 534820.1 9.38524 22.1003 24.306625 99 1084835 248421 44082 226 0 0 0 0 0 0 553 311070 17940
24.313375 0.17454 -0.118796 6.0002 66407 1.0000007 282992 104394 5 2 536757.86 9.38524 22.1003 24.313375 93 1083348 247827 43969 227 0 0 0 0 0 0 553 311046 18005
24.32 0.17454 -0.118102 6.00021 66408 1.0000007 283026 104425 5 2 528619.29 9.38524 22.1003 24.32 94 1083643 246772 43613 228 0 0 0 0 0 0 553 311093 17732
24.326625 0.17454 -0.117408 6.00023 66410 1.0000007 282843 104288 6 2 539381.28 9.38524 22.1003 24.326625 91 1081617 245047 43863 229 0 0 0 0 0 0 553 310906 18093
24.333375 0.17454 -0.116702 6.00024 66411 1.0000007 282916 104385 6 2 539888.08 9.38524 22.1003 24.333375 91 1080678 244931 43667 230 0 0 0 0 0 0 553 311000 18110
24.34 0.17454 -0.116008 6.00025 66413 1.0000007 282972 104354 5 2 530676.29 9.38524 22.1003 24.34 92 1080678 244810 43457 231 0 0 0 0 0 0 553 311051 17801
24.346625 0.17454 -0.115314 6.00027 66414 1.0000007 283118 104518 5 2 530169.49 9.38524 22.1003 24.346625 91 1079812 243381 43310 232 0 0 0 0 0 0 553 311226 17784
24.353375 0.17454 -0.114607 6.00028 66416 1.0000007 282955 104349 5 2 523491.7 9.38524 22.1003 24.353375 94 1076853 242223 42884 233 0 0 0 0 0 0 553 311015 17560
24.36 0.17454 -0.113913 6.00029 66417 1.0000007 282933 104422 5 2 528052.87 9.38524 22.1003 24.36 91 1076331 242540 43082 234 0 0 0 0 0 0 553 311015 17713
24.366625 0.17454 -0.113219 6.00031 66419 1.0000007 282990 104352 4 2 530348.36 9.38524 22.1003 24.366625 91 1076948 242804 43130 235 0 0 0 0 0 0 553 311053 17790
24.373375 0.17454 -0.112513 6.00032 66420 1.0000007 282735 104200 5 2 522090.55 9.38524 22.1003 24.373375 89 1072777 239835 42453 236 0 0 0 0 0 0 553 310824 17513
24.38 0.17454 -0.111819 6.00033 66422 1.0000007 282803 104238 4 2 520391.29 9.38524 22.1003 24.38 91 1072791 239991 42355 237 0 0 0 0 0 0 553 310887 17456
24.386625 0.17454 -0.111125 6.00035 66423 1.0000007 282781 104280 5 2 521047.14 9.38524 22.1003 24.386625 88 1075204 240181 42412 238 0 0 0 0 0 0 553 310867 17478
24.393375 0.17454 -0.110418 6.00036 66425 1.0000007 282762 104214 5 2 521553.94 9.38524 22.1003 24.393375 93 1073615 239097 42536 239 0 0 0 0 0 0 553 310831 17495
24.4 0.17454 -0.109724 6.00037 66426 1.0000007 282713 104176 6 2 522209.8 9.38524 22.1003 24.4 91 1071043 238721 42414 240 0 0 0 0 0 0 553 310798 17517
24.406625 0.17454 -0.10903 6.00038 66428 1.0000007 282697 104075 5 2 518870.9 9.38524 22.1003 24.406625 86 1069270 237535 42155 241 0 0 0 0 0 0 553 310790 17405
24.413375 0.17454 -0.108324 6.0004 66429 1.0000007 282664 104141 6 2 517887.12 9.38524 22.1003 24.413375 92 1069275 237658 42291 242 0 0 0 0 0 0 553 310737 17372
24.42 0.17454 -0.10763 6.00041 66431 1.0000007 282687 104148 6 2 520331.67 9.38524 22.1003 24.42 89 1067351 237095 42570 243 0 0 0 0 0 0 553 310780 17454
24.426625 0.17454 -0.106936 6.00042 66432 1.0000007 282637 104128 6 2 517350.51 9.38524 22.1003 24.426625 91 1069229 237191 42181 244 0 0 0 0 0 0 553 310716 17354
24.433375 0.17454 -0.106229 6.00043 66433 1.0000007 282697 104150 6 2 514041.42 9.38524 22.1003 24.433375 91 1067748 235917 41952 245 0 0 0 0 0 0 553 310784 17243
24.44 0.17454 -0.105535 6.00045 66435 1.0000007 282521 104037 5 2 515263.69 9.38524 22.1003 24.44 96 1066023 235423 41775 246 0 0 0 0 0 0 553 310625 17284
24.446625 0.17454 -0.104841 6.00046 66436 1.0000007 282627 104128 6 2 512998.01 9.38524 22.1003 24.446625 88 1066140 234943 41763 247 0 0 0 0 0 0 553 310741 17208
24.453375 0.17454 -0.104134 6.00047 66438 1.0000007 282494 104045 5 2 518841.09 9.38524 22.1003 24.453375 91 1064255 235176 41990 248 0 0 0 0 0 0 553 310595 17404
24.46 0.17454 -0.103441 6.00048 66439 1.0000007 282483 103977 6 2 511984.42 9.38524 22.1003 24.46 92 1062058 233313 41604 249 0 0 0 0 0 0 553 310573 17174
24.466625 0.17454 -0.102747 6.00049 66441 1.0000007 282387 103869 6 2 512699.9 9.38524 22.1003 24.466625 89 1062988 234676 41792 250 0 0 0 0 0 0 553 310491 17198
24.473375 0.17454 -0.10204 6.00051 66442 1.0000007 282327 103899 4 2 506141.34 9.38524 22.1003 24.473375 92 1063330 233676 41593 251 0 0 0 0 0 0 553 310412 16978
24.48 0.17454 -0.101346 6.00052 66444 1.0000007 282344 103870 5 2 507870.42 9.38524 22.1003 24.48 99 1063267 233731 41478 252 0 0 0 0 0 0 553 310458 17036
24.486625 0.17454 -0.100652 6.00053 66445 1.0000007 282317 103879 6 2 506439.46 9.38524 22.1003 24.486625 94 1058395 232135 41408 253 0 0 0 0 0 0 553 310401 16988
24.493375 0.17454 -0.0999453 6.00054 66447 1.0000007 282218 103809 6 2 508913.82 9.38524 22.1003 24.493375 88 1058367 231766 41358 254 0 0 0 0 0 0 553 310342 17071
24.5 0.17454 -0.0992515 6.00055 66448 1.0000007 282272 103792 5 2 502653.39 9.38524 22.1003 24.5 92 1058019 232215 41153 255 0 0 0 0 0 0 553 310393 16861
24.506625 0.17454 -0.0985576 6.00056 66450 1.0000007 282109 103651 6 2 512073.85 9.38524 22.1003 24.506625 94 1055264 231424 41402 256 0 0 0 0 0 0 553 310200 17177
24.513375 0.17454 -0.0978507 6.00058 66451 1.0000007 282259 103835 6 2 514458.78 9.38524 22.1003 24.513375 93 1058359 232441 41821 257 0 0 0 0 0 0 553 310368 17257
24.52 0.17454 -0.0971569 6.00059 66453 1.0000007 282018 103605 5 2 501431.11 9.38524 22.1003 24.52 91 1053821 231359 41270 258 0 0 0 0 0 0 553 310122 16820
24.526625 0.17454 -0.096463 6.0006 66454 1.0000007 281973 103632 6 2 505843.23 9.38524 22.1003 24.526625 90 1055879 230907 41264 259 0 0 0 0 0 0 553 310069 16968
24.533375 0.17454 -0.0957561 6.00061 66456 1.0000007 281773 103446 5 2 506290.4 9.38524 22.1003 24.533375 93 1053887 231607 41504 260 0 0 0 0 0 0 553 309890 16983
24.54 0.17454 -0.0950622 6.00062 66457 1.0000007 281961 103608 5 2 503160.18 9.38524 22.1003 24.54 98 1054794 230724 41095 261 0 0 0 0 0 0 553 310060 16878
24.546625 0.17454 -0.0943684 6.00063 66459 1.0000007 281730 103377 5 2 499761.66 9.38524 22.1003 24.546625 91 1051161 229622 41019 262 0 0 0 0 0 0 553 309837 16764
24.553375 0.17454 -0.0936615 6.00064 66460 1.0000007 281675 103433 6 2 501520.55 9.38524 22.1003 24.553375 92 1052584 229797 41057 263 0 0 0 0 0 0 553 309776 16823
24.56 0.17454 -0.0929676 6.00065 66462 1.0000007 281514 103266 6 2 501371.49 9.38524 22.1003 24.56 92 1049487 228816 40815 264 0 0 0 0 0 0 553 309632 16818
24.566625 0.17454 -0.0922738 6.00066 66463 1.0000007 281538 103268 6 2 503965.1 9.38524 22.1003 24.566625 97 1049913 229263 41172 265 0 0 0 0 0 0 553 309679 16905
24.573375 0.17454 -0.0915669 6.00068 66465 1.0000007 281403 103140 5 2 509510.06 9.38524 22.1003 24.573375 92 1049301 229254 41192 266 0 0 0 0 0 0 553 309508 17091
24.58 0.17454 -0.090873 6.00069 66466 1.0000007 281435 103246 5 2 506200.97 9.38524 22.1003 24.58 88 1049643 228991 41044 267 0 0 0 0 0 0 553 309576 16980
24.586625 0.17454 -0.0901792 6.0007 66468 1.0000007 281310 103011 6 2 503517.92 9.38524 22.1003 24.586625 89 1047039 229014 41254 268 0 0 0 0 0 0 553 309439 16890
24.593375 0.17454 -0.0894722 6.00071 66469 1.0000007 281127 103071 5 2 500447.33 9.38524 22.1003 24.593375 87 1047004 227957 40841 269 0 0 0 0 0 0 553 309258 16787
24.6 0.17454 -0.0887784 6.00072 66471 1.0000007 280988 102838 6 2 495737.1 9.38524 22.1003 24.6 92 1046834 228596 40627 270 0 0 0 0 0 0 553 309108 16629
24.606625 0.17454 -0.0880845 6.00073 66472 1.0000007 281003 102872 5 2 503398.68 9.38524 22.1003 24.606625 91 1044646 228237 40869 271 0 0 0 0 0 0 553 309125 16886
24.613375 0.17454 -0.0873776 6.00074 66474 1.0000007 280923 102755 7 2 506737.58 9.38524 22.1003 24.613375 87 1046026 228101 41135 272 0 0 0 0 0 0 553 309068 16998
24.62 0.17454 -0.0866837 6.00075 66475 1.0000007 280870 102775 5 2 498897.13 9.38524 22.1003 24.62 86 1043634 227276 40642 273 0 0 0 0 0 0 553 308988 16735
24.626625 0.17454 -0.0859899 6.00076 66476 1.0000007 280723 102534 7 2 499612.6 9.38524 22.1003 24.626625 93 1043634 227233 40505 274 0 0 0 0 0 0 553 308850 16759
24.633375 0.17454 -0.0852829 6.00077 66478 1.0000007 280640 102612 6 2 499552.98 9.38524 22.1003 24.633375 89 1040812 226083 40585 275 0 0 0 0 0 0 553 308782 16757
24.64 0.17454 -0.0845891 6.00078 66479 1.0000007 280529 102459 7 2 501729.23 9.38524 22.1003 24.64 87 1041710 226945 40627 276 0 0 0 0 0 0 553 308664 16830
24.646625 0.17454 -0.0838952 6.00079 66481 1.0000007 280445 102478 6 2 501639.79 9.38524 22.1003 24.646625 86 1039142 226020 40641 277 0 0 0 0 0 0 553 308595 16827
24.653375 0.17454 -0.0831882 6.0008 66482 1.0000007 280361 102368 7 2 496005.4 9.38524 22.1003 24.653375 90 1038281 225594 40208 278 0 0 0 0 0 0 553 308513 16638
24.66 0.17454 -0.0824944 6.00081 66484 1.0000007 280184 102279 5 2 497794.1 9.38524 22.1003 24.66 92 1036950 225930 40247 279 0 0 0 0 0 0 553 308350 16698
24.666625 0.17454 -0.0818005 6.00082 66485 1.0000007 280235 102157 6 2 499344.3 9.38524 22.1003 24.666625 92 1037259 225613 40602 280 0 0 0 0 0 0 553 308390 16750
24.673375 0.17454 -0.0810936 6.00083 66487 1.0000007 280011 102126 6 2 493083.86 9.38524 22.1003 24.673375 89 1036413 225823 40330 281 0 0 0 0 0 0 553 308126 16540
24.68 0.17454 -0.0803997 6.00084 66488 1.0000007 280055 102118 5 2 508317.59 9.38524 22.1003 24.68 87 1034565 225779 41000 282 0 0 0 0 0 0 553 308193 17051
24.686625 0.17454 -0.0797058 6.00084 66490 1.0000007 279955 102055 5 2 494902.37 9.38524 22.1003 24.686625 101 1034082 225310 40509 283 0 0 0 0 0 0 553 308093 16601
24.693375 0.17454 -0.0789989 6.00085 66491 1.0000007 280078 102081 6 2 501013.75 9.38524 22.1003 24.693375 87 1034664 224370 40552 284 0 0 0 0 0 0 553 308237 16806
24.7 0.17454 -0.078305 6.00086 66493 1.0000007 279840 102054 6 2 494753.31 9.38524 22.1003 24.7 88 1033783 224799 40452 285 0 0 0 0 0 0 553 307996 16596
24.706625 0.17454 -0.0776111 6.00087 66494 1.0000007 279849 101927 5 2 493381.98 9.38524 22.1003 24.706625 87 1034547 225009 40532 286 0 0 0 0 0 0 553 308024 16550
24.713375 0.17454 -0.0769042 6.00088 66496 1.0000007 279791 101899 6 2 499314.49 9.38524 22.1003 24.713375 90 1032566 224260 40365 287 0 0 0 0 0 0 553 307941 16749
24.72 0.17454 -0.0762103 6.00089 66497 1.0000007 279973 102013 5 2 498777.88 9.38524 22.1003 24.72 85 1033222 224446 40342 288 0 0 0 0 0 0 553 308137 16731
24.726625 0.17454 -0.0755164 6.0009 66499 1.0000007 280014 102123 5 2 492875.18 9.38524 22.1003 24.726625 94 1034213 224896 40156 289 0 0 0 0 0 0 553 308180 16533
24.733375 0.17454 -0.0748095 6.00091 66500 1.0000007 279936 101971 5 2 496720.88 9.38524 22.1003 24.733375 90 1032596 223994 40532 290 0 0 0 0 0 0 553 308083 16662
24.74 0.17454 -0.0741156 6.00092 66502 1.0000007 279847 102013 5 2 486316.63 9.38524 22.1003 24.74 88 1031269 225235 39906 291 0 0 0 0 0 0 553 307992 16313
24.746625 0.17454 -0.0734217 6.00093 66503 1.0000007 280072 102153 6 2 494693.69 9.38524 22.1003 24.746625 96 1030328 223898 40238 292 0 0 0 0 0 0 553 308239 16594
24.753375 0.17454 -0.0727148 6.00093 66505 1.0000007 280031 102195 7 2 492159.7 9.38524 22.1003 24.753375 93 1033001 224342 40390 293 0 0 0 0 0 0 553 308191 16509
24.76 0.17454 -0.0720209 6.00094 66506 1.0000007 280070 102094 5 2 491116.3 9.38524 22.1003 24.76 93 1032006 223731 40150 294 0 0 0 0 0 0 553 308221 16474
24.766625 0.17454 -0.071327 6.00095 66508 1.0000007 280141 102185 6 2 492278.95 9.38524 22.1003 24.766625 90 1033968 224797 40155 295 0 0 0 0 0 0 553 308305 16513
24.773375 0.17454 -0.07062 6.00096 66509 1.0000007 280309 102335 6 2 502146.59 9.38524 22.1003 24.773375 91 1032886 224406 40461 296 0 0 0 0 0 0 553 308481 16844
24.78 0.17454 -0.0699261 6.00097 66511 1.0000007 280296 102341 5 2 500089.59 9.38524 22.1003 24.78 85 1032477 224348 40387 297 0 0 0 0 0 0 553 308457 16775
24.786625 0.17454 -0.0692323 6.00097 66512 1.0000007 280530 102544 5 2 492785.75 9.38524 22.1003 24.786625 91 1031367 224027 40247 298 0 0 0 0 0 0 553 308693 16530
24.793375 0.17454 -0.0685253 6.00098 66513 1.0000007 280534 102533 6 2 494425.39 9.38524 22.1003 24.793375 93 1029934 223494 40104 299 0 0 0 0 0 0 553 308688 16585
24.8 0.17454 -0.0678314 6.00099 66515 1.0000007 280531 102566 5 2 492547.26 9.38524 22.1003 24.8 88 1031439 224122 39999 300 0 0 0 0 0 0 553 308687 16522
