Eta  H  K  L  Epoch  Sec  ion1  Hubmon  scan_bar  Filters  Correct  Qmag  Energy  Graze  p_peak  p_total  p_del_s  p_nu_s  p_image  p_xcen  p_xsig  p_ycen  p_ysig  power  tempsp  gun_on  ion0  p_point
22.4 0.194824 -0.319816 5.99318 23005 0.5000007 142466 52598 4 2 256886.56 9.3867431 22.1003 22.4 53 522556 113949 20628 0 0 0 0 0 0 0 553 156212 8617
22.406625 0.194824 -0.319123 5.99322 23006 0.5000007 142546 52673 4 2 256677.88 9.3867431 22.1003 22.406625 50 525097 114588 20894 1 0 0 0 0 0 0 553 156315 8610
22.413375 0.194824 -0.318417 5.99326 23007 0.5000007 142392 52597 4 2 248807.61 9.3867431 22.1003 22.413375 53 523529 114095 20568 2 0 0 0 0 0 0 553 156135 8346
22.42 0.194824 -0.317724 5.9933 23008 0.5000007 142368 52596 5 2 255992.21 9.3867431 22.1003 22.42 50 523282 114273 20689 3 0 0 0 0 0 0 553 156151 8587
22.426625 0.194824 -0.317031 5.99333 23009 0.5000007 142435 52592 5 2 250506.87 9.3867431 22.1003 22.426625 48 523586 113973 20440 4 0 0 0 0 0 0 553 156181 8403
22.433375 0.194824 -0.316325 5.99337 23010 0.5000007 142468 52586 5 2 250477.06 9.3867431 22.1003 22.433375 54 524049 114045 20361 5 0 0 0 0 0 0 553 156224 8402
22.44 0.194824 -0.315632 5.99341 23011 0.5000007 142563 52639 4 2 252504.25 9.3867431 22.1003 22.44 49 525285 114733 20562 6 0 0 0 0 0 0 553 156335 8470
22.446625 0.194824 -0.314939 5.99344 23012 0.5000007 142395 52571 4 2 255306.54 9.3867431 22.1003 22.446625 52 524838 114155 20658 7 0 0 0 0 0 0 553 156157 8564
22.453375 0.194824 -0.314233 5.99348 23013 0.5000007 142381 52558 5 2 254322.76 9.3867431 22.1003 22.453375 50 523721 114654 20591 8 0 0 0 0 0 0 553 156137 8531
22.46 0.194824 -0.31354 5.99352 23014 0.5000007 142429 52594 5 2 253160.11 9.3867431 22.1003 22.46 55 524536 114580 20738 9 0 0 0 0 0 0 553 156179 8492
22.466625 0.194824 -0.312847 5.99355 23015 0.5000007 142369 52548 4 2 252355.19 9.3867431 22.1003 22.466625 52 523636 114431 20496 10 0 0 0 0 0 0 553 156136 8465
22.473375 0.194824 -0.312141 5.99359 23016 0.5000007 142368 52543 4 2 255723.9 9.3867431 22.1003 22.473375 53 524757 114250 20614 11 0 0 0 0 0 0 553 156117 8578
22.48 0.194824 -0.311447 5.99363 23017 0.5000007 142353 52561 4 2 256797.12 9.3867431 22.1003 22.48 52 525855 114938 20936 12 0 0 0 0 0 0 553 156105 8614
22.486625 0.194824 -0.310754 5.99366 23018 0.5000007 142269 52477 4 2 255962.4 9.3867431 22.1003 22.486625 50 524996 114065 20865 13 0 0 0 0 0 0 553 156034 8586
22.493375 0.194824 -0.310048 5.9937 23019 0.5000007 142339 52497 4 2 244872.48 9.3867431 22.1003 22.493375 57 523952 114877 20441 14 0 0 0 0 0 0 553 156090 8214
22.5 0.194824 -0.309355 5.99373 23020 0.5000007 142318 52499 4 2 247972.89 9.3867431 22.1003 22.5 50 525712 115043 20470 15 0 0 0 0 0 0 553 156087 8318
22.506625 0.194824 -0.308662 5.99377 23021 0.5000007 142225 52462 4 2 255574.85 9.3867431 22.1003 22.506625 50 525241 114716 20660 16 0 0 0 0 0 0 553 155994 8573
22.513375 0.194824 -0.307956 5.99381 23022 0.5000007 142274 52499 4 2 251908.02 9.3867431 22.1003 22.513375 55 526022 115215 20666 17 0 0 0 0 0 0 553 156020 8450
22.52 0.194824 -0.307263 5.99384 23023 0.5000007 142210 52455 4 2 256260.51 9.3867431 22.1003 22.52 49 524785 114564 20507 18 0 0 0 0 0 0 553 155981 8596
22.526625 0.194824 -0.30657 5.99388 23024 0.5000007 142417 52635 5 2 251997.45 9.3867431 22.1003 22.526625 51 525762 114572 20554 19 0 0 0 0 0 0 553 156177 8453
22.533375 0.194824 -0.305864 5.99391 23025 0.5000007 142288 52505 5 2 248807.61 9.3867431 22.1003 22.533375 50 525525 114790 20587 20 0 0 0 0 0 0 553 156058 8346
22.54 0.194824 -0.305171 5.99395 23026 0.5000007 142206 52457 4 2 253547.66 9.3867431 22.1003 22.54 52 524865 114517 20668 21 0 0 0 0 0 0 553 155933 8505
22.546625 0.194824 -0.304478 5.99398 23027 0.5000007 142280 52510 4 2 250834.8 9.3867431 22.1003 22.546625 52 526305 115689 20513 22 0 0 0 0 0 0 553 156034 8414
22.553375 0.194824 -0.303772 5.99402 23028 0.5000007 142249 52501 5 2 253368.79 9.3867431 22.1003 22.553375 54 527291 115608 20737 23 0 0 0 0 0 0 553 156004 8499
22.56 0.194824 -0.303079 5.99405 23029 0.5000007 142283 52512 4 2 254143.89 9.3867431 22.1003 22.56 52 526660 115135 20649 24 0 0 0 0 0 0 553 156031 8525
22.566625 0.194824 -0.302385 5.99409 23030 0.5000007 142259 52506 5 2 255753.72 9.3867431 22.1003 22.566625 53 527029 114854 20601 25 0 0 0 0 0 0 553 156026 8579
22.573375 0.194824 -0.301679 5.99413 23031 0.5000007 142297 52520 5 2 253428.41 9.3867431 22.1003 22.573375 53 526573 114716 20691 26 0 0 0 0 0 0 553 156072 8501
22.58 0.194824 -0.300986 5.99416 23032 0.5000007 142199 52427 4 2 253040.86 9.3867431 22.1003 22.58 51 525927 115068 20599 27 0 0 0 0 0 0 553 155948 8488
22.586625 0.194824 -0.300293 5.99419 23033 0.5000007 142273 52479 5 2 257840.53 9.3867431 22.1003 22.586625 50 527184 115495 21004 28 0 0 0 0 0 0 553 156029 8649
22.593375 0.194824 -0.299587 5.99423 23034 0.5000007 142229 52482 5 2 254352.57 9.3867431 22.1003 22.593375 56 526256 114864 20403 29 0 0 0 0 0 0 553 156012 8532
22.6 0.194824 -0.298894 5.99426 23035 0.5000007 142257 52481 5 2 257929.96 9.3867431 22.1003 22.6 49 527039 115430 20847 30 0 0 0 0 0 0 553 156012 8652
22.606625 0.194824 -0.298201 5.9943 23036 0.5000007 142300 52498 4 2 259837.91 9.3867431 22.1003 22.606625 48 527264 115930 21035 31 0 0 0 0 0 0 553 156072 8716
22.613375 0.194824 -0.297495 5.99433 23037 0.5000007 142171 52439 5 2 253845.77 9.3867431 22.1003 22.613375 52 526705 115351 20695 32 0 0 0 0 0 0 553 155914 8515
22.62 0.194824 -0.296801 5.99437 23038 0.5000007 142185 52435 5 2 257780.91 9.3867431 22.1003 22.62 51 529030 115766 21074 33 0 0 0 0 0 0 553 155970 8647
22.626625 0.194824 -0.296108 5.9944 23039 0.5000007 142253 52478 3 2 254740.12 9.3867431 22.1003 22.626625 51 527860 115316 20719 34 0 0 0 0 0 0 553 156026 8545
22.633375 0.194824 -0.295402 5.99444 23040 0.5000007 142244 52492 4 2 255425.79 9.3867431 22.1003 22.633375 56 529176 115564 20927 35 0 0 0 0 0 0 553 156003 8568
22.64 0.194824 -0.294709 5.99447 23041 0.5000007 142206 52424 5 2 259032.99 9.3867431 22.1003 22.64 51 527453 115881 21009 36 0 0 0 0 0 0 553 155955 8689
22.646625 0.194824 -0.294016 5.99451 23042 0.5000007 142276 52502 4 2 251222.35 9.3867431 22.1003 22.646625 49 528614 115424 20597 37 0 0 0 0 0 0 553 156031 8427
22.653375 0.194824 -0.29331 5.99454 23043 0.5000007 142255 52475 5 2 260434.14 9.3867431 22.1003 22.653375 54 527491 115672 20977 38 0 0 0 0 0 0 553 155994 8736
22.66 0.194824 -0.292616 5.99457 23043 0.5000007 142295 52528 5 2 256081.64 9.3867431 22.1003 22.66 52 529633 116224 20911 39 0 0 0 0 0 0 553 156053 8590
22.666625 0.194824 -0.291923 5.99461 23044 0.5000007 142294 52513 5 2 257452.98 9.3867431 22.1003 22.666625 51 528239 116554 21031 40 0 0 0 0 0 0 553 156061 8636
22.673375 0.194824 -0.291217 5.99464 23045 0.5000007 142150 52408 3 2 258347.33 9.3867431 22.1003 22.673375 53 529134 115354 20774 41 0 0 0 0 0 0 553 155910 8666
22.68 0.194824 -0.290524 5.99468 23046 0.5000007 142271 52517 5 2 260314.89 9.3867431 22.1003 22.68 50 528303 115648 20885 42 0 0 0 0 0 0 553 156018 8732
22.686625 0.194824 -0.289831 5.99471 23047 0.5000007 142205 52452 4 2 259957.15 9.3867431 22.1003 22.686625 54 529339 116365 21018 43 0 0 0 0 0 0 553 155957 8720
22.693375 0.194824 -0.289125 5.99474 23048 0.5000007 142188 52449 4 2 258943.56 9.3867431 22.1003 22.693375 52 529760 116503 20713 44 0 0 0 0 0 0 553 155954 8686
22.7 0.194824 -0.288431 5.99478 23049 0.5000007 142238 52465 3 2 257929.96 9.3867431 22.1003 22.7 52 531039 117171 21117 45 0 0 0 0 0 0 553 155998 8652
22.706625 0.194824 -0.287738 5.99481 23050 0.5000007 142217 52454 5 2 260285.08 9.3867431 22.1003 22.706625 50 531691 116588 21051 46 0 0 0 0 0 0 553 155975 8731
22.713375 0.194824 -0.287032 5.99484 23051 0.5000007 142160 52426 3 2 265412.67 9.3867431 22.1003 22.713375 52 531409 117156 21319 47 0 0 0 0 0 0 553 155919 8903
22.72 0.194824 -0.286339 5.99488 23052 0.5000007 142324 52520 4 2 259837.91 9.3867431 22.1003 22.72 49 531065 116965 21134 48 0 0 0 0 0 0 553 156088 8716
22.726625 0.194824 -0.285646 5.99491 23053 0.5000007 142160 52404 4 2 257929.96 9.3867431 22.1003 22.726625 51 530976 116644 20933 49 0 0 0 0 0 0 553 155917 8652
22.733375 0.194824 -0.284939 5.99494 23054 0.5000007 142256 52499 4 2 260165.83 9.3867431 22.1003 22.733375 51 532852 117446 21222 50 0 0 0 0 0 0 553 156021 8727
22.74 0.194824 -0.284246 5.99498 23055 0.5000007 142127 52400 4 2 264995.31 9.3867431 22.1003 22.74 54 531917 117500 21391 51 0 0 0 0 0 0 553 155886 8889
22.746625 0.194824 -0.283553 5.99501 23056 0.5000007 142136 52384 4 2 264727.01 9.3867431 22.1003 22.746625 51 532634 117410 21481 52 0 0 0 0 0 0 553 155900 8880
22.753375 0.194824 -0.282847 5.99504 23057 0.5000007 142182 52432 4 2 261716.04 9.3867431 22.1003 22.753375 53 533208 116616 21189 53 0 0 0 0 0 0 553 155945 8779
22.76 0.194824 -0.282154 5.99508 23058 0.5000007 142148 52442 4 2 261745.85 9.3867431 22.1003 22.76 49 534084 116770 21063 54 0 0 0 0 0 0 553 155923 8780
22.766625 0.194824 -0.28146 5.99511 23059 0.5000007 142150 52399 4 2 263594.17 9.3867431 22.1003 22.766625 54 532522 117299 21373 55 0 0 0 0 0 0 553 155895 8842
22.773375 0.194824 -0.280754 5.99514 23060 0.5000007 142107 52353 4 2 262222.83 9.3867431 22.1003 22.773375 52 533263 117436 21485 56 0 0 0 0 0 0 553 155860 8796
22.78 0.194824 -0.280061 5.99517 23061 0.5000007 142120 52385 5 2 262103.59 9.3867431 22.1003 22.78 52 533654 117808 21178 57 0 0 0 0 0 0 553 155878 8792
22.786625 0.194824 -0.279368 5.99521 23062 0.5000007 142071 52336 4 2 264011.53 9.3867431 22.1003 22.786625 57 533185 117628 21540 58 0 0 0 0 0 0 553 155833 8856
22.793375 0.194824 -0.278661 5.99524 23063 0.5000007 141999 52308 5 2 259808.09 9.3867431 22.1003 22.793375 51 532821 117435 21239 59 0 0 0 0 0 0 553 155756 8715
22.8 0.194824 -0.277968 5.99527 23064 0.5000007 142016 52355 4 2 259927.34 9.3867431 22.1003 22.8 53 532923 117169 21335 60 0 0 0 0 0 0 553 155779 8719
22.806625 0.194824 -0.277275 5.9953 23065 0.5000007 142108 52366 5 2 266634.95 9.3867431 22.1003 22.806625 64 533817 117858 21515 61 0 0 0 0 0 0 553 155886 8944
22.813375 0.194824 -0.276569 5.99534 23066 0.5000007 141989 52287 5 2 265680.98 9.3867431 22.1003 22.813375 52 535980 118299 21485 62 0 0 0 0 0 0 553 155764 8912
22.82 0.194824 -0.275875 5.99537 23067 0.5000007 141995 52277 5 2 264488.52 9.3867431 22.1003 22.82 52 535050 117793 21477 63 0 0 0 0 0 0 553 155778 8872
22.826625 0.194824 -0.275182 5.9954 23068 0.5000007 142078 52318 4 2 263862.47 9.3867431 22.1003 22.826625 52 535718 118533 21321 64 0 0 0 0 0 0 553 155836 8851
22.833375 0.194824 -0.274476 5.99543 23069 0.5000007 142025 52312 5 2 265770.41 9.3867431 22.1003 22.833375 51 537031 118403 21390 65 0 0 0 0 0 0 553 155785 8915
22.84 0.194824 -0.273783 5.99546 23070 0.5000007 142014 52298 4 2 264339.46 9.3867431 22.1003 22.84 50 536951 118688 21558 66 0 0 0 0 0 0 553 155780 8867
22.846625 0.194824 -0.273089 5.9955 23071 0.5000007 141914 52242 4 2 266426.27 9.3867431 22.1003 22.846625 56 536815 118506 21587 67 0 0 0 0 0 0 553 155677 8937
22.853375 0.194824 -0.272383 5.99553 23072 0.5000007 141936 52251 4 2 269973.85 9.3867431 22.1003 22.853375 49 536941 119294 21777 68 0 0 0 0 0 0 553 155706 9056
22.86 0.194824 -0.27169 5.99556 23073 0.5000007 141956 52283 5 2 262997.94 9.3867431 22.1003 22.86 51 537538 118825 21380 69 0 0 0 0 0 0 553 155717 8822
22.866625 0.194824 -0.270996 5.99559 23074 0.5000007 141956 52239 5 2 268393.83 9.3867431 22.1003 22.866625 51 538151 119532 21598 70 0 0 0 0 0 0 553 155732 9003
22.873375 0.194824 -0.27029 5.99562 23075 0.5000007 139436 51247 4 2 261537.17 9.3867431 22.1003 22.873375 52 528998 116859 21442 71 0 0 0 0 0 0 553 153112 8773
22.88 0.194824 -0.269597 5.99565 23076 0.5000007 142449 52455 4 2 261537.17 9.3867431 22.1003 22.88 52 528998 116859 21442 72 0 0 0 0 0 0 553 156188 8773
22.886625 0.194824 -0.268904 5.99569 23077 0.5000007 142630 52538 4 2 274147.47 9.3867431 22.1003 22.886625 51 542765 120834 21968 73 0 0 0 0 0 0 553 156377 9196
22.893375 0.194824 -0.268197 5.99572 23078 0.5000007 142507 52453 5 2 273521.43 9.3867431 22.1003 22.893375 50 540817 120431 22005 74 0 0 0 0 0 0 553 156282 9175
22.9 0.194824 -0.267504 5.99575 23079 0.5000007 142500 52455 4 2 270271.97 9.3867431 22.1003 22.9 52 542465 120860 22066 75 0 0 0 0 0 0 553 156261 9066
22.906625 0.194824 -0.266811 5.99578 23080 0.5000007 142483 52458 4 2 268662.14 9.3867431 22.1003 22.906625 50 542223 120826 21819 76 0 0 0 0 0 0 553 156231 9012
22.913375 0.194824 -0.266104 5.99581 23081 0.5000007 142547 52468 4 2 269586.3 9.3867431 22.1003 22.913375 50 543649 121543 21937 77 0 0 0 0 0 0 553 156306 9043
22.92 0.194824 -0.265411 5.99584 23082 0.5000007 142433 52410 4 2 268602.52 9.3867431 22.1003 22.92 53 544181 121522 21914 78 0 0 0 0 0 0 553 156188 9010
22.926625 0.194824 -0.264718 5.99587 23083 0.5000007 142454 52417 4 2 273312.75 9.3867431 22.1003 22.926625 52 546097 122004 22276 79 0 0 0 0 0 0 553 156206 9168
22.933375 0.194824 -0.264011 5.9959 23084 0.5000007 142494 52412 5 2 279155.82 9.3867431 22.1003 22.933375 51 544731 121984 22500 80 0 0 0 0 0 0 553 156269 9364
22.94 0.194824 -0.263318 5.99593 23085 0.5000007 142440 52414 5 2 279722.24 9.3867431 22.1003 22.94 54 544942 122535 22493 81 0 0 0 0 0 0 553 156203 9383
22.946625 0.194824 -0.262625 5.99596 23086 0.5000007 142473 52406 5 2 282703.4 9.3867431 22.1003 22.946625 49 545972 122212 22682 82 0 0 0 0 0 0 553 156227 9483
22.953375 0.194824 -0.261918 5.99599 23086 0.5000007 142376 52429 4 2 275220.69 9.3867431 22.1003 22.953375 52 546842 122769 22462 83 0 0 0 0 0 0 553 156133 9232
22.96 0.194824 -0.261225 5.99602 23088 0.5000007 142355 52355 4 2 277695.05 9.3867431 22.1003 22.96 50 548353 122985 22617 84 0 0 0 0 0 0 553 156124 9315
22.966625 0.194824 -0.260532 5.99605 23089 0.5000007 142410 52392 5 2 277516.18 9.3867431 22.1003 22.966625 50 547891 122956 22464 85 0 0 0 0 0 0 553 156179 9309
22.973375 0.194824 -0.259825 5.99609 23090 0.5000007 142383 52391 4 2 280497.34 9.3867431 22.1003 22.973375 49 548282 123546 22666 86 0 0 0 0 0 0 553 156154 9409
22.98 0.194824 -0.259132 5.99612 23091 0.5000007 142358 52348 4 2 280229.04 9.3867431 22.1003 22.98 50 549830 123655 22620 87 0 0 0 0 0 0 553 156113 9400
22.986625 0.194824 -0.258439 5.99615 23092 0.5000007 142292 52334 4 2 281868.68 9.3867431 22.1003 22.986625 54 549385 124242 22778 88 0 0 0 0 0 0 553 156061 9455
22.993375 0.194824 -0.257732 5.99618 23093 0.5000007 142393 52363 3 2 283031.33 9.3867431 22.1003 22.993375 57 550060 124507 22848 89 0 0 0 0 0 0 553 156155 9494
23 0.194824 -0.257039 5.99621 23094 0.5000007 142300 52335 4 2 282375.48 9.3867431 22.1003 23 51 550232 124062 23055 90 0 0 0 0 0 0 553 156062 9472
23.006625 0.194824 -0.256346 5.99624 23095 0.5000007 142275 52303 5 2 281987.92 9.3867431 22.1003 23.006625 52 551516 125390 23179 91 0 0 0 0 0 0 553 156051 9459
23.013375 0.194824 -0.255639 5.99627 23096 0.5000007 142222 52293 5 2 288934.03 9.3867431 22.1003 23.013375 49 553099 124804 23255 92 0 0 0 0 0 0 553 155969 9692
23.02 0.194824 -0.254946 5.99629 23097 0.5000007 142363 52359 5 2 287204.95 9.3867431 22.1003 23.02 52 554743 126361 23408 93 0 0 0 0 0 0 553 156124 9634
23.026625 0.194824 -0.254253 5.99632 23098 0.5000007 142268 52334 4 2 292004.62 9.3867431 22.1003 23.026625 54 555366 126654 23752 94 0 0 0 0 0 0 553 156040 9795
23.033375 0.194824 -0.253546 5.99635 23099 0.5000007 142331 52344 4 2 292600.85 9.3867431 22.1003 23.033375 55 556122 127572 23767 95 0 0 0 0 0 0 553 156096 9815
23.04 0.194824 -0.252853 5.99638 23100 0.5000007 142187 52268 5 2 292690.29 9.3867431 22.1003 23.04 55 557307 128222 23850 96 0 0 0 0 0 0 553 155949 9818
23.046625 0.194824 -0.252159 5.99641 23101 0.5000007 142237 52286 5 2 295820.51 9.3867431 22.1003 23.046625 58 556826 128964 23975 97 0 0 0 0 0 0 553 155987 9923
23.053375 0.194824 -0.251453 5.99644 23101 0.5000007 142202 52246 5 2 300560.55 9.3867431 22.1003 23.053375 54 558618 129291 24282 98 0 0 0 0 0 0 553 155985 10082
23.06 0.194824 -0.25076 5.99647 23102 0.5000007 142180 52273 4 2 302110.75 9.3867431 22.1003 23.06 58 560017 129640 24513 99 0 0 0 0 0 0 553 155943 10134
23.066625 0.194824 -0.250066 5.9965 23103 0.5000007 142223 52267 4 2 299755.64 9.3867431 22.1003 23.066625 60 561921 130471 24490 100 0 0 0 0 0 0 553 156014 10055
23.073375 0.194824 -0.24936 5.99653 23104 0.5000007 142188 52214 4 2 308788.55 9.3867431 22.1003 23.073375 68 563577 131994 24943 101 0 0 0 0 0 0 553 155947 10358
23.08 0.194824 -0.248666 5.99656 23105 0.5000007 142245 52299 5 2 304674.55 9.3867431 22.1003 23.08 68 565505 132969 24924 102 0 0 0 0 0 0 553 156009 10220
23.086625 0.194824 -0.247973 5.99659 23106 0.5000007 142242 52296 5 2 313141.05 9.3867431 22.1003 23.086625 71 566269 134212 25312 103 0 0 0 0 0 0 553 156004 10504
23.093375 0.194824 -0.247267 5.99662 23107 0.5000007 142193 52236 5 2 311113.86 9.3867431 22.1003 23.093375 75 568263 134715 25450 104 0 0 0 0 0 0 553 155947 10436
23.1 0.194824 -0.246573 5.99664 23108 0.5000007 142255 52285 4 2 320534.32 9.3867431 22.1003 23.1 73 569944 136773 25834 105 0 0 0 0 0 0 553 156032 10752
23.106625 0.194824 -0.24588 5.99667 23109 0.5000007 142198 52248 4 2 319013.93 9.3867431 22.1003 23.106625 82 572403 138042 26035 106 0 0 0 0 0 0 553 155960 10701
23.113375 0.194824 -0.245173 5.9967 23110 0.5000007 142187 52264 3 2 329567.24 9.3867431 22.1003 23.113375 88 574693 140656 26580 107 0 0 0 0 0 0 553 155956 11055
23.12 0.194824 -0.24448 5.99673 23111 0.5000007 142139 52201 4 2 330551.02 9.3867431 22.1003 23.12 90 578473 142604 26940 108 0 0 0 0 0 0 553 155904 11088
23.126625 0.194824 -0.243787 5.99676 23112 0.5000007 142216 52298 4 2 342416.04 9.3867431 22.1003 23.126625 106 581583 145153 27434 109 0 0 0 0 0 0 553 155987 11486
23.133375 0.194824 -0.24308 5.99679 23113 0.5000007 142248 52288 5 2 348378.36 9.3867431 22.1003 23.133375 115 586007 148263 27968 110 0 0 0 0 0 0 553 156012 11686
23.14 0.194824 -0.242387 5.99682 23114 0.5000007 142185 52257 4 2 354132 9.3867431 22.1003 23.14 131 591110 151472 28277 111 0 0 0 0 0 0 553 155960 11879
23.146625 0.194824 -0.241693 5.99684 23115 0.5000007 142188 52291 4 2 360452.06 9.3867431 22.1003 23.146625 141 595743 156322 29000 112 0 0 0 0 0 0 553 155949 12091
23.153375 0.194824 -0.240987 5.99687 23116 0.5000007 142215 52276 4 2 370677.43 9.3867431 22.1003 23.153375 175 602335 161649 29457 113 0 0 0 0 0 0 553 156006 12434
23.16 0.194824 -0.240293 5.9969 23117 0.5000007 142151 52211 4 2 384122.47 9.3867431 22.1003 23.16 232 609384 168718 30493 114 0 0 0 0 0 0 553 155904 12885
23.166625 0.194824 -0.2396 5.99693 23118 0.5000007 142175 52251 4 2 395838.42 9.3867431 22.1003 23.166625 356 616927 176752 31361 115 0 0 0 0 0 0 553 155952 13278
23.173375 0.194824 -0.238894 5.99696 23119 0.5000007 142166 52316 4 2 398372.41 9.3867431 22.1003 23.173375 441 628926 187348 32022 116 0 0 0 0 0 0 553 155931 13363
23.18 0.194824 -0.2382 5.99698 23120 0.5000007 142206 52272 4 2 409998.93 9.3867431 22.1003 23.18 641 641820 201728 32591 117 0 0 0 0 0 0 553 155966 13753
23.186625 0.194824 -0.237507 5.99701 23121 0.5000007 142261 52300 4 2 423443.97 9.3867431 22.1003 23.186625 893 659718 219620 33568 118 0 0 0 0 0 0 553 156028 14204
23.193375 0.194824 -0.2368 5.99704 23122 0.5000007 142227 52273 5 2 426156.82 9.3867431 22.1003 23.193375 1412 683104 244375 34417 119 0 0 0 0 0 0 553 156005 14295
23.2 0.194824 -0.236107 5.99707 23123 0.5000007 142186 52303 5 2 433758.78 9.3867431 22.1003 23.2 2163 718340 279515 35268 120 0 0 0 0 0 0 553 155939 14550
23.206625 0.194824 -0.235413 5.99709 23124 0.5000007 142184 52321 4 2 439124.87 9.3867431 22.1003 23.206625 3608 768814 332510 36703 121 0 0 0 0 0 0 553 155935 14730
23.213375 0.194824 -0.234707 5.99712 23125 0.5000007 142203 52265 4 2 450483.09 9.3867431 22.1003 23.213375 6198 850429 415940 38519 122 0 0 0 0 0 0 553 155956 15111
23.22 0.194824 -0.234013 5.99715 23126 0.5000007 142206 52339 5 2 443924.54 9.3867431 22.1003 23.22 11557 980892 544625 39663 123 0 0 0 0 0 0 553 155968 14891
23.226625 0.194824 -0.23332 5.99718 23127 0.5000007 142200 52293 5 2 455342.38 9.3867431 22.1003 23.226625 24139 1193876 759557 41486 124 0 0 0 0 0 0 553 155956 15274
23.233375 0.194824 -0.232613 5.9972 23128 0.5000007 142186 52290 3 2 464434.92 9.3867431 22.1003 23.233375 50316 1589130 1154506 44204 125 0 0 0 0 0 0 553 155950 15579
23.24 0.194824 -0.23192 5.99723 23129 0.5000007 142187 52303 5 2 483395.09 9.3867431 22.1003 23.24 115201 2236522 1802424 47939 126 0 0 0 0 0 0 553 155930 16215
23.246625 0.194824 -0.231227 5.99726 23130 0.5000007 142192 52258 4 2 518811.27 9.3867431 22.1003 23.246625 230111 3380111 2945649 54577 127 0 0 0 0 0 0 553 155955 17403
23.253375 0.194824 -0.23052 5.99728 23131 0.5000007 142219 52330 5 2 563647.92 9.3867431 22.1003 23.253375 386684 4770541 4332670 62947 128 0 0 0 0 0 0 553 155989 18907
23.26 0.194824 -0.229827 5.99731 23132 0.5000007 142103 52269 4 2 590210.06 9.3867431 22.1003 23.26 425555 5098671 4661299 68791 129 0 0 0 0 0 0 553 155853 19798
23.266625 0.194824 -0.229133 5.99734 23133 0.5000007 142270 52333 3 2 588719.48 9.3867431 22.1003 23.266625 466230 4588290 4150748 71470 130 0 0 0 0 0 0 553 156050 19748
23.273375 0.194824 -0.228427 5.99736 23134 0.5000007 142350 52391 5 2 575423.5 9.3867431 22.1003 23.273375 419249 3803197 3367250 72957 131 0 0 0 0 0 0 553 156127 19302
23.28 0.194824 -0.227733 5.99739 23135 0.5000007 142246 52347 4 2 567821.55 9.3867431 22.1003 23.28 300379 3099977 2665155 74366 132 0 0 0 0 0 0 553 155996 19047
23.286625 0.194824 -0.22704 5.99742 23136 0.5000007 142300 52392 4 2 555300.67 9.3867431 22.1003 23.286625 234844 2280610 1845834 73790 133 0 0 0 0 0 0 553 156058 18627
23.293375 0.194824 -0.226333 5.99744 23137 0.5000007 142332 52397 4 2 538934.1 9.3867431 22.1003 23.293375 98278 1484980 1050906 71357 134 0 0 0 0 0 0 553 156097 18078
23.3 0.194824 -0.22564 5.99747 23138 0.5000007 142332 52376 5 2 534194.06 9.3867431 22.1003 23.3 31979 1022760 589810 68272 135 0 0 0 0 0 0 553 156082 17919
23.306625 0.194824 -0.224946 5.9975 23139 0.5000007 142253 52356 4 2 534462.36 9.3867431 22.1003 23.306625 11067 820525 386770 65612 136 0 0 0 0 0 0 553 156023 17928
23.313375 0.194824 -0.22424 5.99752 23140 0.5000007 142252 52405 4 2 531093.65 9.3867431 22.1003 23.313375 5364 734123 300361 62709 137 0 0 0 0 0 0 553 156002 17815
23.32 0.194824 -0.223546 5.99755 23141 0.5000007 142367 52389 5 2 529245.33 9.3867431 22.1003 23.32 3761 693373 259499 60015 138 0 0 0 0 0 0 553 156130 17753
23.326625 0.194824 -0.222853 5.99757 23142 0.5000007 142305 52400 5 2 518662.22 9.3867431 22.1003 23.326625 3139 671309 237152 57368 139 0 0 0 0 0 0 553 156062 17398
23.333375 0.194824 -0.222146 5.9976 23143 0.5000007 142393 52455 4 2 512729.71 9.3867431 22.1003 23.333375 2663 655977 222028 54537 140 0 0 0 0 0 0 553 156157 17199
23.34 0.194824 -0.221452 5.99763 23144 0.5000007 142404 52464 5 2 499433.73 9.3867431 22.1003 23.34 1539 643771 208647 51524 141 0 0 0 0 0 0 553 156154 16753
23.346625 0.194824 -0.220759 5.99765 23145 0.5000007 142335 52428 4 2 490669.12 9.3867431 22.1003 23.346625 741 632363 198086 48903 142 0 0 0 0 0 0 553 156090 16459
23.353375 0.194824 -0.220052 5.99768 23146 0.5000007 142270 52364 4 2 481964.14 9.3867431 22.1003 23.353375 448 625283 191537 46838 143 0 0 0 0 0 0 553 156013 16167
23.36 0.194824 -0.219359 5.9977 23147 0.5000007 142326 52390 4 2 477402.96 9.3867431 22.1003 23.36 287 619668 185436 44547 144 0 0 0 0 0 0 553 156094 16014
23.366625 0.194824 -0.218665 5.99773 23147 0.5000007 142315 52407 3 2 473915.01 9.3867431 22.1003 23.366625 219 616173 181696 42957 145 0 0 0 0 0 0 553 156052 15897
23.373375 0.194824 -0.217959 5.99775 23149 0.5000007 142280 52414 4 2 467356.45 9.3867431 22.1003 23.373375 169 613266 178548 41584 146 0 0 0 0 0 0 553 156036 15677
23.38 0.194824 -0.217265 5.99778 23150 0.5000007 142337 52431 4 2 471619.51 9.3867431 22.1003 23.38 157 612266 176676 40258 147 0 0 0 0 0 0 553 156087 15820
23.386625 0.194824 -0.216572 5.9978 23151 0.5000007 142359 52474 4 2 457518.63 9.3867431 22.1003 23.386625 151 610467 174888 38889 148 0 0 0 0 0 0 553 156108 15347
23.393375 0.194824 -0.215865 5.99783 23152 0.5000007 142327 52427 3 2 465716.82 9.3867431 22.1003 23.393375 133 608179 172462 38413 149 0 0 0 0 0 0 553 156070 15622
23.4 0.194824 -0.215172 5.99785 23153 0.5000007 142278 52399 5 2 460112.23 9.3867431 22.1003 23.4 127 605655 171402 37784 150 0 0 0 0 0 0 553 156020 15434
23.406625 0.194824 -0.214478 5.99788 23154 0.5000007 142336 52455 4 2 468548.92 9.3867431 22.1003 23.406625 110 607255 171000 37400 151 0 0 0 0 0 0 553 156093 15717
23.413375 0.194824 -0.213772 5.9979 23155 0.5000007 142296 52409 4 2 457667.68 9.3867431 22.1003 23.413375 116 604891 169521 36766 152 0 0 0 0 0 0 553 156043 15352
23.42 0.194824 -0.213078 5.99793 23156 0.5000007 142422 52465 4 2 467624.76 9.3867431 22.1003 23.42 114 606607 169934 36700 153 0 0 0 0 0 0 553 156176 15686
23.426625 0.194824 -0.212384 5.99795 23157 0.5000007 142320 52453 4 2 461483.57 9.3867431 22.1003 23.426625 112 605330 169535 36562 154 0 0 0 0 0 0 553 156081 15480
23.433375 0.194824 -0.211678 5.99798 23158 0.5000007 142237 52410 5 2 463480.95 9.3867431 22.1003 23.433375 110 604722 169577 36491 155 0 0 0 0 0 0 553 155987 15547
23.44 0.194824 -0.210984 5.998 23158 0.5000007 142378 52477 5 2 470039.5 9.3867431 22.1003 23.44 125 605298 169562 36677 156 0 0 0 0 0 0 553 156132 15767
23.446625 0.194824 -0.210291 5.99803 23159 0.5000007 142326 52454 5 2 467356.45 9.3867431 22.1003 23.446625 117 606441 170297 36666 157 0 0 0 0 0 0 553 156072 15677
23.453375 0.194824 -0.209584 5.99805 23160 0.5000007 142288 52383 5 2 469085.53 9.3867431 22.1003 23.453375 145 605299 170436 36809 158 0 0 0 0 0 0 553 156038 15735
23.46 0.194824 -0.208891 5.99808 23161 0.5000007 142238 52371 5 2 478118.44 9.3867431 22.1003 23.46 162 607731 172279 37241 159 0 0 0 0 0 0 553 155996 16038
23.466625 0.194824 -0.208197 5.9981 23162 0.5000007 142313 52439 4 2 484915.49 9.3867431 22.1003 23.466625 192 608598 173073 37914 160 0 0 0 0 0 0 553 156059 16266
23.473375 0.194824 -0.20749 5.99812 23163 0.5000007 142346 52470 4 2 497048.81 9.3867431 22.1003 23.473375 234 612363 176033 39041 161 0 0 0 0 0 0 553 156108 16673
23.48 0.194824 -0.206797 5.99815 23164 0.5000007 142267 52440 4 2 500000.16 9.3867431 22.1003 23.48 272 613025 177010 39279 162 0 0 0 0 0 0 553 156009 16772
23.486625 0.194824 -0.206103 5.99817 23165 0.5000007 142291 52425 5 2 507542.49 9.3867431 22.1003 23.486625 325 615200 179708 40093 163 0 0 0 0 0 0 553 156046 17025
23.493375 0.194824 -0.205397 5.9982 23166 0.5000007 142222 52376 4 2 513951.98 9.3867431 22.1003 23.493375 354 616797 181596 41081 164 0 0 0 0 0 0 553 155978 17240
23.5 0.194824 -0.204703 5.99822 23167 0.5000007 142318 52438 4 2 533597.83 9.3867431 22.1003 23.5 361 619440 183744 42546 165 0 0 0 0 0 0 553 156064 17899
23.506625 0.194824 -0.20401 5.99824 23168 0.5000007 142217 52382 5 2 557476.92 9.3867431 22.1003 23.506625 351 622596 186738 44581 166 0 0 0 0 0 0 553 155989 18700
23.513375 0.194824 -0.203303 5.99827 23169 0.5000007 142289 52397 4 2 577480.5 9.3867431 22.1003 23.513375 361 624276 187712 46308 167 0 0 0 0 0 0 553 156047 19371
23.52 0.194824 -0.202609 5.99829 23170 0.5000007 142271 52394 3 2 603148.29 9.3867431 22.1003 23.52 368 626869 191299 48152 168 0 0 0 0 0 0 553 156017 20232
23.526625 0.194824 -0.201916 5.99831 23171 0.5000007 142368 52433 4 2 642082.24 9.3867431 22.1003 23.526625 355 629916 193371 50829 169 0 0 0 0 0 0 553 156115 21538
23.533375 0.194824 -0.201209 5.99834 23172 0.5000007 142275 52424 4 2 676037.65 9.3867431 22.1003 23.533375 319 631307 195247 53083 170 0 0 0 0 0 0 553 156030 22677
23.54 0.194824 -0.200516 5.99836 23173 0.5000007 142250 52371 4 2 714554.24 9.3867431 22.1003 23.54 310 632660 197412 55151 171 0 0 0 0 0 0 553 156009 23969
23.546625 0.194824 -0.199822 5.99838 23174 0.5000007 142258 52407 5 2 753667.06 9.3867431 22.1003 23.546625 340 636756 200041 57606 172 0 0 0 0 0 0 553 156021 25281
23.553375 0.194824 -0.199115 5.99841 23175 0.5000007 142170 52341 3 2 798622.95 9.3867431 22.1003 23.553375 305 639306 203535 60749 173 0 0 0 0 0 0 553 155929 26789
23.56 0.194824 -0.198422 5.99843 23176 0.5000007 142241 52366 4 2 847335.11 9.3867431 22.1003 23.56 293 643520 207004 63312 174 0 0 0 0 0 0 553 156002 28423
23.566625 0.194824 -0.197728 5.99845 23177 0.5000007 142186 52352 4 2 893125.72 9.3867431 22.1003 23.566625 282 644655 209004 65336 175 0 0 0 0 0 0 553 155943 29959
23.573375 0.194824 -0.197021 5.99848 23178 0.5000007 142211 52334 5 2 961752.03 9.3867431 22.1003 23.573375 335 649165 213833 69417 176 0 0 0 0 0 0 553 155975 32261
23.58 0.194824 -0.196328 5.9985 23179 0.5000007 142169 52337 4 2 1019795.2 9.3867431 22.1003 23.58 303 654311 217801 72553 177 0 0 0 0 0 0 553 155937 34208
23.586625 0.194824 -0.195634 5.99852 23180 0.5000007 142201 52336 5 2 1057655.9 9.3867431 22.1003 23.586625 308 656321 221298 74861 178 0 0 0 0 0 0 553 155963 35478
23.593375 0.194824 -0.194928 5.99855 23181 0.5000007 142210 52339 4 2 1112986.3 9.3867431 22.1003 23.593375 338 663234 226778 78129 179 0 0 0 0 0 0 553 155972 37334
23.6 0.194824 -0.194234 5.99857 23182 0.5000007 142085 52309 3 2 1152963.6 9.3867431 22.1003 23.6 346 668692 232366 80915 180 0 0 0 0 0 0 553 155844 38675
23.606625 0.194824 -0.19354 5.99859 23183 0.5000007 142107 52323 4 2 1178959.3 9.3867431 22.1003 23.606625 386 671660 236508 83528 181 0 0 0 0 0 0 553 155856 39547
23.613375 0.194824 -0.192834 5.99861 23184 0.5000007 142178 52365 5 2 1216283.5 9.3867431 22.1003 23.613375 408 679583 244457 87033 182 0 0 0 0 0 0 553 155937 40799
23.62 0.194824 -0.19214 5.99864 23185 0.5000007 142062 52267 4 2 1223020.9 9.3867431 22.1003 23.62 409 687277 250874 89358 183 0 0 0 0 0 0 553 155831 41025
23.626625 0.194824 -0.191446 5.99866 23186 0.5000007 142139 52297 4 2 1195713.5 9.3867431 22.1003 23.626625 459 691658 256256 90732 184 0 0 0 0 0 0 553 155891 40109
23.633375 0.194824 -0.19074 5.99868 23187 0.5000007 142076 52287 3 2 1160893.5 9.3867431 22.1003 23.633375 504 697602 263605 92066 185 0 0 0 0 0 0 553 155829 38941
23.64 0.194824 -0.190046 5.9987 23188 0.5000007 142092 52244 5 2 1140562 9.3867431 22.1003 23.64 564 706476 273236 94176 186 0 0 0 0 0 0 553 155856 38259
23.646625 0.194824 -0.189352 5.99872 23189 0.5000007 142115 52293 4 2 1085827.9 9.3867431 22.1003 23.646625 721 717980 282924 95112 187 0 0 0 0 0 0 553 155874 36423
23.653375 0.194824 -0.188646 5.99875 23190 0.5000007 142065 52241 4 2 1027248.1 9.3867431 22.1003 23.653375 957 729162 294119 95479 188 0 0 0 0 0 0 553 155828 34458
23.66 0.194824 -0.187952 5.99877 23191 0.5000007 142047 52202 4 2 990400.98 9.3867431 22.1003 23.66 1095 742822 308570 96928 189 0 0 0 0 0 0 553 155802 33222
23.666625 0.194824 -0.187259 5.99879 23192 0.5000007 141921 52174 4 2 941539.76 9.3867431 22.1003 23.666625 1370 757389 322203 96797 190 0 0 0 0 0 0 553 155659 31583
23.673375 0.194824 -0.186552 5.99881 23193 0.5000007 141980 52194 4 2 910654.95 9.3867431 22.1003 23.673375 1791 776096 341214 97657 191 0 0 0 0 0 0 553 155733 30547
23.68 0.194824 -0.185858 5.99883 23194 0.5000007 142009 52242 4 2 881916.56 9.3867431 22.1003 23.68 2231 801567 366927 98635 192 0 0 0 0 0 0 553 155779 29583
23.686625 0.194824 -0.185165 5.99886 23195 0.5000007 139445 51181 5 2 829805.89 9.3867431 22.1003 23.686625 2888 818223 391632 96525 193 0 0 0 0 0 0 553 153094 27835
23.693375 0.194824 -0.184458 5.99888 23196 0.5000007 142537 52409 4 2 813320.07 9.3867431 22.1003 23.693375 3883 876333 439288 98357 194 0 0 0 0 0 0 553 156274 27282
23.7 0.194824 -0.183764 5.9989 23197 0.5000007 142506 52406 4 2 784551.88 9.3867431 22.1003 23.7 5344 932397 495131 98680 195 0 0 0 0 0 0 553 156265 26317
23.706625 0.194824 -0.183071 5.99892 23198 0.5000007 142498 52350 4 2 749314.57 9.3867431 22.1003 23.706625 8238 1000493 564292 97465 196 0 0 0 0 0 0 553 156255 25135
23.713375 0.194824 -0.182364 5.99894 23199 0.5000007 142483 52342 5 2 732083.46 9.3867431 22.1003 23.713375 13154 1100483 664312 97118 197 0 0 0 0 0 0 553 156248 24557
23.72 0.194824 -0.18167 5.99896 23200 0.5000007 142389 52303 4 2 724541.13 9.3867431 22.1003 23.72 19519 1237347 802034 96340 198 0 0 0 0 0 0 553 156139 24304
23.726625 0.194824 -0.180976 5.99898 23201 0.5000007 142388 52301 4 2 707071.53 9.3867431 22.1003 23.726625 26857 1451421 1013909 96349 199 0 0 0 0 0 0 553 156174 23718
23.733375 0.194824 -0.18027 5.999 23202 0.5000007 142461 52309 4 2 714643.68 9.3867431 22.1003 23.733375 39128 1793562 1355967 95106 200 0 0 0 0 0 0 553 156221 23972
23.74 0.194824 -0.179576 5.99902 23203 0.5000007 142448 52310 5 2 723855.46 9.3867431 22.1003 23.74 65518 2464164 2026970 96025 201 0 0 0 0 0 0 553 156205 24281
23.746625 0.194824 -0.178882 5.99905 23204 0.5000007 142321 52202 4 2 745796.8 9.3867431 22.1003 23.746625 224332 3911531 3473464 97622 202 0 0 0 0 0 0 553 156057 25017
23.753375 0.194824 -0.178176 5.99907 23205 0.5000007 142370 52249 4 2 797341.05 9.3867431 22.1003 23.753375 274192 5316482 4876974 101110 203 0 0 0 0 0 0 553 156121 26746
23.76 0.194824 -0.177482 5.99909 23206 0.5000007 142287 52211 5 2 819848.81 9.3867431 22.1003 23.76 265351 5794732 5356573 102926 204 0 0 0 0 0 0 553 156050 27501
23.766625 0.194824 -0.176788 5.99911 23206 0.5000007 142200 52156 5 2 842565.25 9.3867431 22.1003 23.766625 240630 5583488 5144108 104915 205 0 0 0 0 0 0 553 155962 28263
23.773375 0.194824 -0.176082 5.99913 23207 0.5000007 142274 52196 5 2 865520.18 9.3867431 22.1003 23.773375 235694 4956426 4517587 107091 206 0 0 0 0 0 0 553 156020 29033
23.78 0.194824 -0.175388 5.99915 23208 0.5000007 142263 52213 5 2 929525.69 9.3867431 22.1003 23.78 186027 4092942 3654743 111589 207 0 0 0 0 0 0 553 156034 31180
23.786625 0.194824 -0.174694 5.99917 23209 0.5000007 142180 52157 4 2 1065138.7 9.3867431 22.1003 23.786625 144821 3324802 2888237 114159 208 0 0 0 0 0 0 553 155948 35729
23.793375 0.194824 -0.173988 5.99919 23210 0.5000007 142184 52136 4 2 1287324.5 9.3867431 22.1003 23.793375 120568 2703592 2267327 119265 209 0 0 0 0 0 0 553 155943 43182
23.8 0.194824 -0.173294 5.99921 23211 0.5000007 142217 52183 5 2 1568477.7 9.3867431 22.1003 23.8 96326 2227178 1791216 130708 210 0 0 0 0 0 0 553 155982 52613
23.806625 0.194824 -0.1726 5.99923 23212 0.5000007 142154 52145 5 2 1868978.6 9.3867431 22.1003 23.806625 67399 1845660 1409135 151932 211 0 0 0 0 0 0 553 155913 62693
23.813375 0.194824 -0.171893 5.99925 23213 0.5000007 142090 52063 4 2 2195236.8 9.3867431 22.1003 23.813375 52019 1513533 1078925 192825 212 0 0 0 0 0 0 553 155856 73637
23.82 0.194824 -0.1712 5.99927 23214 0.5000007 142069 52074 3 2 2457489.4 9.3867431 22.1003 23.82 36245 1347117 911886 255876 213 0 0 0 0 0 0 553 155844 82434
23.826625 0.194824 -0.170506 5.99929 23215 0.5000007 142171 52109 5 2 2580074.7 9.3867431 22.1003 23.826625 16324 1252702 818210 323459 214 0 0 0 0 0 0 553 155933 86546
23.833375 0.194824 -0.169799 5.99931 23216 0.5000007 142156 52114 5 2 2549547.7 9.3867431 22.1003 23.833375 13914 1187741 753326 348049 215 0 0 0 0 0 0 553 155904 85522
23.84 0.194824 -0.169106 5.99933 23217 0.5000007 142171 52121 4 2 2322890.1 9.3867431 22.1003 23.84 11992 1096362 662345 314390 216 0 0 0 0 0 0 553 155947 77919
23.846625 0.194824 -0.168412 5.99935 23218 0.5000007 142028 52007 4 2 2012760 9.3867431 22.1003 23.846625 10386 1010336 577945 271856 217 0 0 0 0 0 0 553 155775 67516
23.853375 0.194824 -0.167705 5.99937 23219 0.5000007 142036 52036 4 2 1607560.7 9.3867431 22.1003 23.853375 7946 922002 487427 215158 218 0 0 0 0 0 0 553 155800 53924
23.86 0.194824 -0.167011 5.99939 23220 0.5000007 141995 52017 5 2 1272806.3 9.3867431 22.1003 23.86 4953 837538 404534 156350 219 0 0 0 0 0 0 553 155767 42695
23.866625 0.194824 -0.166318 5.99941 23221 0.5000007 142083 52028 4 2 995230.45 9.3867431 22.1003 23.866625 2480 769778 337560 109000 220 0 0 0 0 0 0 553 155841 33384
23.873375 0.194824 -0.165611 5.99943 23222 0.5000007 142008 52002 5 2 811650.62 9.3867431 22.1003 23.873375 1151 723842 291098 79619 221 0 0 0 0 0 0 553 155769 27226
23.88 0.194824 -0.164917 5.99945 23223 0.5000007 142030 52005 4 2 697651.06 9.3867431 22.1003 23.88 680 696420 262026 62920 222 0 0 0 0 0 0 553 155804 23402
23.886625 0.194824 -0.164223 5.99946 23224 0.5000007 141881 51896 5 2 609796.28 9.3867431 22.1003 23.886625 575 674710 241976 52721 223 0 0 0 0 0 0 553 155645 20455
23.893375 0.194824 -0.163517 5.99948 23225 0.5000007 141909 51970 5 2 563916.23 9.3867431 22.1003 23.893375 496 661221 228905 47347 224 0 0 0 0 0 0 553 155658 18916
23.9 0.194824 -0.162823 5.9995 23226 0.5000007 141969 52001 4 2 515710.87 9.3867431 22.1003 23.9 420 649126 217421 43171 225 0 0 0 0 0 0 553 155742 17299
23.906625 0.194824 -0.162129 5.99952 23227 0.5000007 141942 51951 4 2 476389.37 9.3867431 22.1003 23.906625 376 639635 207955 39941 226 0 0 0 0 0 0 553 155696 15980
23.913375 0.194824 -0.161422 5.99954 23228 0.5000007 141946 51955 4 2 447710.61 9.3867431 22.1003 23.913375 309 632445 200361 37791 227 0 0 0 0 0 0 553 155708 15018
23.92 0.194824 -0.160729 5.99956 23229 0.5000007 141970 51996 5 2 433311.61 9.3867431 22.1003 23.92 272 625652 194204 35942 228 0 0 0 0 0 0 553 155746 14535
23.926625 0.194824 -0.160035 5.99958 23230 0.5000007 141926 51961 3 2 420999.42 9.3867431 22.1003 23.926625 250 621688 188363 34814 229 0 0 0 0 0 0 553 155697 14122
23.933375 0.194824 -0.159328 5.9996 23231 0.5000007 141918 51954 5 2 396285.6 9.3867431 22.1003 23.933375 225 614772 183699 33365 230 0 0 0 0 0 0 553 155683 13293
23.94 0.194824 -0.158635 5.99962 23232 0.5000007 141828 51897 4 2 387759.48 9.3867431 22.1003 23.94 214 609605 179456 32351 231 0 0 0 0 0 0 553 155599 13007
23.946625 0.194824 -0.157941 5.99963 23233 0.5000007 141963 51978 4 2 378666.94 9.3867431 22.1003 23.946625 183 607165 175967 31889 232 0 0 0 0 0 0 553 155726 12702
23.953375 0.194824 -0.157234 5.99965 23234 0.5000007 141918 51964 5 2 378458.26 9.3867431 22.1003 23.953375 173 602203 171550 31242 233 0 0 0 0 0 0 553 155682 12695
23.96 0.194824 -0.15654 5.99967 23235 0.5000007 141852 51900 3 2 363701.52 9.3867431 22.1003 23.96 169 599579 168895 30234 234 0 0 0 0 0 0 553 155611 12200
23.966625 0.194824 -0.155846 5.99969 23236 0.5000007 141861 51920 5 2 350912.34 9.3867431 22.1003 23.966625 144 595828 165683 29520 235 0 0 0 0 0 0 553 155611 11771
23.973375 0.194824 -0.15514 5.99971 23237 0.5000007 141975 52015 5 2 346053.05 9.3867431 22.1003 23.973375 131 595359 163548 29078 236 0 0 0 0 0 0 553 155729 11608
23.98 0.194824 -0.154446 5.99972 23238 0.5000007 141838 51912 4 2 341968.86 9.3867431 22.1003 23.98 127 591555 161192 28567 237 0 0 0 0 0 0 553 155612 11471
23.986625 0.194824 -0.153752 5.99974 23239 0.5000007 141842 51906 3 2 335380.5 9.3867431 22.1003 23.986625 111 589592 158482 28118 238 0 0 0 0 0 0 553 155599 11250
23.993375 0.194824 -0.153045 5.99976 23240 0.5000007 141880 51921 4 2 337049.95 9.3867431 22.1003 23.993375 117 586244 157363 27834 239 0 0 0 0 0 0 553 155649 11306
24 0.194824 -0.152352 5.99978 23241 0.5000007 141804 51873 4 2 329030.63 9.3867431 22.1003 24 103 585051 154600 27458 240 0 0 0 0 0 0 553 155586 11037
24.006625 0.194824 -0.151658 5.9998 23242 0.5000007 141774 51867 4 2 329358.56 9.3867431 22.1003 24.006625 97 581931 152862 27220 241 0 0 0 0 0 0 553 155535 11048
24.013375 0.194824 -0.150951 5.99981 23243 0.5000007 141812 51911 4 2 320743 9.3867431 22.1003 24.013375 92 580863 151347 26723 242 0 0 0 0 0 0 553 155580 10759
24.02 0.194824 -0.150257 5.99983 23244 0.5000007 141745 51828 5 2 327003.44 9.3867431 22.1003 24.02 92 579069 149161 26781 243 0 0 0 0 0 0 553 155494 10969
24.026625 0.194824 -0.149564 5.99985 23245 0.5000007 141829 51909 4 2 322978.87 9.3867431 22.1003 24.026625 94 576536 147596 26553 244 0 0 0 0 0 0 553 155592 10834
24.033375 0.194824 -0.148857 5.99987 23246 0.5000007 141750 51826 4 2 316271.26 9.3867431 22.1003 24.033375 82 575197 146698 25959 245 0 0 0 0 0 0 553 155516 10609
24.04 0.194824 -0.148163 5.99988 23247 0.5000007 141739 51859 4 2 322472.08 9.3867431 22.1003 24.04 78 573916 145657 26234 246 0 0 0 0 0 0 553 155522 10817
24.046625 0.194824 -0.147469 5.9999 23248 0.5000007 141712 51828 4 2 314333.51 9.3867431 22.1003 24.046625 73 572794 144428 25988 247 0 0 0 0 0 0 553 155474 10544
24.053375 0.194824 -0.146762 5.99992 23249 0.5000007 141716 51828 4 2 304674.55 9.3867431 22.1003 24.053375 70 570565 143304 25571 248 0 0 0 0 0 0 553 155498 10220
24.06 0.194824 -0.146069 5.99993 23250 0.5000007 141732 51818 4 2 311352.35 9.3867431 22.1003 24.06 73 569024 141808 25710 249 0 0 0 0 0 0 553 155497 10444
24.066625 0.194824 -0.145375 5.99995 23251 0.5000007 141723 51865 5 2 313230.48 9.3867431 22.1003 24.066625 72 567468 140807 25352 250 0 0 0 0 0 0 553 155488 10507
24.073375 0.194824 -0.144668 5.99997 23252 0.5000007 141705 51840 4 2 310308.94 9.3867431 22.1003 24.073375 69 567612 140221 25182 251 0 0 0 0 0 0 553 155487 10409
24.08 0.194824 -0.143974 5.99998 23253 0.5000007 141722 51820 4 2 299308.46 9.3867431 22.1003 24.08 62 566300 138835 24857 252 0 0 0 0 0 0 553 155496 10040
24.086625 0.194824 -0.14328 6 23254 0.5000007 141687 51781 5 2 303810.02 9.3867431 22.1003 24.086625 67 564313 137995 24928 253 0 0 0 0 0 0 553 155451 10191
24.093375 0.194824 -0.142574 6.00002 23255 0.5000007 141630 51788 5 2 303571.52 9.3867431 22.1003 24.093375 63 563316 137183 24788 254 0 0 0 0 0 0 553 155447 10183
24.1 0.194824 -0.14188 6.00003 23256 0.5000007 141668 51815 5 2 295343.52 9.3867431 22.1003 24.1 71 562093 135758 24369 255 0 0 0 0 0 0 553 155411 9907
24.106625 0.194824 -0.141186 6.00005 23257 0.5000007 141481 51677 4 2 301753.02 9.3867431 22.1003 24.106625 63 559725 134980 24397 256 0 0 0 0 0 0 553 155237 10122
24.113375 0.194824 -0.140479 6.00007 23258 0.5000007 141571 51723 5 2 298622.8 9.3867431 22.1003 24.113375 55 559775 133842 24257 257 0 0 0 0 0 0 553 155361 10017
24.12 0.194824 -0.139785 6.00008 23259 0.5000007 141660 51795 5 2 295224.27 9.3867431 22.1003 24.12 56 558120 133535 24219 258 0 0 0 0 0 0 553 155426 9903
24.126625 0.194824 -0.139092 6.0001 23260 0.5000007 141605 51691 4 2 286817.4 9.3867431 22.1003 24.126625 58 557185 132823 23616 259 0 0 0 0 0 0 553 155389 9621
24.133375 0.194824 -0.138385 6.00012 23260 0.5000007 141499 51691 4 2 296685.04 9.3867431 22.1003 24.133375 58 556070 132678 24062 260 0 0 0 0 0 0 553 155268 9952
24.14 0.194824 -0.137691 6.00013 23261 0.5000007 141515 51687 4 2 291229.52 9.3867431 22.1003 24.14 53 554244 131089 23682 261 0 0 0 0 0 0 553 155276 9769
24.146625 0.194824 -0.136997 6.00015 23262 0.5000007 141544 51716 5 2 286906.84 9.3867431 22.1003 24.146625 54 555203 131205 23449 262 0 0 0 0 0 0 553 155324 9624
24.153375 0.194824 -0.13629 6.00016 23263 0.5000007 141538 51730 4 2 287920.43 9.3867431 22.1003 24.153375 56 554978 130335 23626 263 0 0 0 0 0 0 553 155305 9658
24.16 0.194824 -0.135597 6.00018 23264 0.5000007 141483 51628 4 2 287950.24 9.3867431 22.1003 24.16 57 554261 130125 23476 264 0 0 0 0 0 0 553 155248 9659
24.166625 0.194824 -0.134903 6.0002 23265 0.5000007 141431 51657 4 2 285774 9.3867431 22.1003 24.166625 51 553232 129206 23282 265 0 0 0 0 0 0 553 155197 9586
24.173375 0.194824 -0.134196 6.00021 23266 0.5000007 141378 51558 4 2 284641.16 9.3867431 22.1003 24.173375 53 551501 128268 23065 266 0 0 0 0 0 0 553 155164 9548
24.18 0.194824 -0.133502 6.00023 23267 0.5000007 141299 51530 4 2 289888 9.3867431 22.1003 24.18 54 549366 128429 23446 267 0 0 0 0 0 0 553 155069 9724
24.186625 0.194824 -0.132808 6.00024 23268 0.5000007 141460 51645 4 2 289947.62 9.3867431 22.1003 24.186625 52 550930 128072 23301 268 0 0 0 0 0 0 553 155239 9726
24.193375 0.194824 -0.132101 6.00026 23269 0.5000007 141323 51534 4 2 282733.21 9.3867431 22.1003 24.193375 56 550459 127408 22941 269 0 0 0 0 0 0 553 155089 9484
24.2 0.194824 -0.131408 6.00027 23270 0.5000007 141373 51577 4 2 279245.26 9.3867431 22.1003 24.2 56 549531 127194 22904 270 0 0 0 0 0 0 553 155153 9367
24.206625 0.194824 -0.130714 6.00029 23271 0.5000007 141299 51519 5 2 282703.4 9.3867431 22.1003 24.206625 53 547490 126214 22832 271 0 0 0 0 0 0 553 155071 9483
24.213375 0.194824 -0.130007 6.0003 23272 0.5000007 141360 51604 4 2 276621.84 9.3867431 22.1003 24.213375 53 545381 125659 22636 272 0 0 0 0 0 0 553 155144 9279
24.22 0.194824 -0.129313 6.00032 23273 0.5000007 141265 51515 4 2 275012.01 9.3867431 22.1003 24.22 52 545079 125290 22705 273 0 0 0 0 0 0 553 155024 9225
24.226625 0.194824 -0.128619 6.00033 23274 0.5000007 141364 51598 5 2 281004.14 9.3867431 22.1003 24.226625 58 544788 124957 22753 274 0 0 0 0 0 0 553 155139 9426
24.233375 0.194824 -0.127912 6.00035 23275 0.5000007 141342 51542 4 2 274296.53 9.3867431 22.1003 24.233375 50 543324 124293 22477 275 0 0 0 0 0 0 553 155100 9201
24.24 0.194824 -0.127219 6.00036 23276 0.5000007 141346 51579 3 2 278321.1 9.3867431 22.1003 24.24 50 544010 123885 22524 276 0 0 0 0 0 0 553 155127 9336
24.246625 0.194824 -0.126525 6.00038 23277 0.5000007 141347 51554 5 2 274892.76 9.3867431 22.1003 24.246625 50 544178 123807 22367 277 0 0 0 0 0 0 553 155118 9221
24.253375 0.194824 -0.125818 6.00039 23278 0.5000007 141397 51606 4 2 273312.75 9.3867431 22.1003 24.253375 51 542897 123497 22190 278 0 0 0 0 0 0 553 155164 9168
24.26 0.194824 -0.125124 6.00041 23279 0.5000007 141302 51489 4 2 273998.42 9.3867431 22.1003 24.26 55 543595 123612 22481 279 0 0 0 0 0 0 553 155072 9191
24.266625 0.194824 -0.12443 6.00042 23280 0.5000007 141336 51538 5 2 275995.79 9.3867431 22.1003 24.266625 50 540578 122766 22127 280 0 0 0 0 0 0 553 155127 9258
24.273375 0.194824 -0.123723 6.00044 23281 0.5000007 141296 51515 5 2 269884.41 9.3867431 22.1003 24.273375 49 541019 122367 21984 281 0 0 0 0 0 0 553 155068 9053
24.28 0.194824 -0.123029 6.00045 23282 0.5000007 141387 51599 5 2 273253.13 9.3867431 22.1003 24.28 53 540354 122180 21952 282 0 0 0 0 0 0 553 155170 9166
24.286625 0.194824 -0.122336 6.00047 23283 0.5000007 141371 51634 5 2 272835.76 9.3867431 22.1003 24.286625 56 539778 121583 21994 283 0 0 0 0 0 0 553 155146 9152
24.293375 0.194824 -0.121629 6.00048 23284 0.5000007 141421 51625 4 2 269407.43 9.3867431 22.1003 24.293375 50 539898 121293 21827 284 0 0 0 0 0 0 553 155193 9037
24.3 0.194824 -0.120935 6.00049 23285 0.5000007 141282 51513 5 2 269496.86 9.3867431 22.1003 24.3 51 538147 121817 21986 285 0 0 0 0 0 0 553 155044 9040
24.306625 0.194824 -0.120241 6.00051 23286 0.5000007 141293 51559 4 2 269854.6 9.3867431 22.1003 24.306625 54 538156 121175 22122 286 0 0 0 0 0 0 553 155045 9052
24.313375 0.194824 -0.119534 6.00052 23287 0.5000007 141336 51566 5 2 264428.89 9.3867431 22.1003 24.313375 52 538410 121291 21690 287 0 0 0 0 0 0 553 155094 8870
24.32 0.194824 -0.11884 6.00054 23288 0.5000007 141393 51657 5 2 266485.89 9.3867431 22.1003 24.32 49 538276 120740 21884 288 0 0 0 0 0 0 553 155147 8939
24.326625 0.194824 -0.118147 6.00055 23289 0.5000007 141419 51654 4 2 268691.95 9.3867431 22.1003 24.326625 53 537240 120605 21915 289 0 0 0 0 0 0 553 155179 9013
24.333375 0.194824 -0.11744 6.00056 23290 0.5000007 141427 51638 5 2 264130.78 9.3867431 22.1003 24.333375 54 537958 119726 21507 290 0 0 0 0 0 0 553 155179 8860
24.34 0.194824 -0.116746 6.00058 23291 0.5000007 141441 51669 4 2 266396.46 9.3867431 22.1003 24.34 54 536295 120024 21875 291 0 0 0 0 0 0 553 155194 8936
24.346625 0.194824 -0.116052 6.00059 23292 0.5000007 141428 51644 4 2 264816.44 9.3867431 22.1003 24.346625 51 535755 119239 21349 292 0 0 0 0 0 0 553 155184 8883
24.353375 0.194824 -0.115345 6.0006 23293 0.5000007 141413 51670 4 2 265830.04 9.3867431 22.1003 24.353375 54 535409 119673 21545 293 0 0 0 0 0 0 553 155187 8917
24.36 0.194824 -0.114651 6.00062 23294 0.5000007 141492 51711 4 2 263385.49 9.3867431 22.1003 24.36 53 534829 119135 21556 294 0 0 0 0 0 0 553 155258 8835
24.366625 0.194824 -0.113957 6.00063 23295 0.5000007 141565 51778 4 2 260165.83 9.3867431 22.1003 24.366625 53 534590 118781 21311 295 0 0 0 0 0 0 553 155327 8727
24.373375 0.194824 -0.11325 6.00064 23296 0.5000007 141550 51775 4 2 267678.36 9.3867431 22.1003 24.373375 48 534912 118868 21767 296 0 0 0 0 0 0 553 155301 8979
24.38 0.194824 -0.112557 6.00066 23297 0.5000007 141544 51755 4 2 263922.09 9.3867431 22.1003 24.38 49 534195 118710 21437 297 0 0 0 0 0 0 553 155318 8853
24.386625 0.194824 -0.111863 6.00067 23298 0.5000007 141580 51779 5 2 265293.43 9.3867431 22.1003 24.386625 53 534378 118608 21428 298 0 0 0 0 0 0 553 155339 8899
24.393375 0.194824 -0.111156 6.00068 23299 0.5000007 141663 51841 4 2 259986.96 9.3867431 22.1003 24.393375 51 533985 118466 21291 299 0 0 0 0 0 0 553 155412 8721
24.4 0.194824 -0.110462 6.0007 23300 0.5000007 141692 51904 4 2 261745.85 9.3867431 22.1003 24.4 51 534411 118251 21287 300 0 0 0 0 0 0 553 155443 8780
