Eta  H  K  L  Epoch  Sec  ion1  Hubmon  scan_bar  Filters  Correct  Qmag  Energy  Graze  p_peak  p_total  p_del_s  p_nu_s  p_image  p_xcen  p_xsig  p_ycen  p_ysig  power  tempsp  gun_on  ion0  p_point
23 -0.194824 -0.257039 5.99621 30803 0.5000007 142094 51915 4 2 248688.37 9.3867431 22.1003 23 82 515252 112192 20214 0 0 0 0 0 0 0 553 155630 8342
23.006625 -0.194824 -0.256346 5.99624 30804 0.5000007 142266 52056 5 2 257095.24 9.3867431 22.1003 23.006625 77 518307 112923 20574 1 0 0 0 0 0 0 553 155840 8624
23.013375 -0.194824 -0.255639 5.99627 30805 0.5000007 142124 51961 3 2 252921.61 9.3867431 22.1003 23.013375 72 516914 112570 20348 2 0 0 0 0 0 0 553 155671 8484
23.02 -0.194824 -0.254946 5.99629 30806 0.5000007 142194 52005 5 2 250059.7 9.3867431 22.1003 23.02 75 515868 112837 20281 3 0 0 0 0 0 0 553 155738 8388
23.026625 -0.194824 -0.254253 5.99632 30807 0.5000007 142084 51942 4 2 248598.93 9.3867431 22.1003 23.026625 71 516092 112891 20169 4 0 0 0 0 0 0 553 155622 8339
23.033375 -0.194824 -0.253546 5.99635 30808 0.5000007 142113 51934 4 2 247257.41 9.3867431 22.1003 23.033375 71 517834 113313 20313 5 0 0 0 0 0 0 553 155663 8294
23.04 -0.194824 -0.252853 5.99638 30809 0.5000007 142134 51965 4 2 248479.69 9.3867431 22.1003 23.04 69 516947 112646 20290 6 0 0 0 0 0 0 553 155676 8335
23.046625 -0.194824 -0.252159 5.99641 30810 0.5000007 142101 51922 4 2 251460.85 9.3867431 22.1003 23.046625 72 517135 112984 20374 7 0 0 0 0 0 0 553 155650 8435
23.053375 -0.194824 -0.251453 5.99644 30811 0.5000007 142072 51944 4 2 254203.51 9.3867431 22.1003 23.053375 67 517565 113723 20670 8 0 0 0 0 0 0 553 155617 8527
23.06 -0.194824 -0.25076 5.99647 30812 0.5000007 142128 51966 3 2 246840.05 9.3867431 22.1003 23.06 78 518450 113454 20158 9 0 0 0 0 0 0 553 155685 8280
23.066625 -0.194824 -0.250066 5.9965 30813 0.5000007 142012 51922 4 2 250626.12 9.3867431 22.1003 23.066625 84 519162 113251 20239 10 0 0 0 0 0 0 553 155566 8407
23.073375 -0.194824 -0.24936 5.99653 30814 0.5000007 142207 52039 4 2 252027.27 9.3867431 22.1003 23.073375 72 518963 113732 20422 11 0 0 0 0 0 0 553 155769 8454
23.08 -0.194824 -0.248666 5.99656 30815 0.5000007 142168 51979 4 2 248121.95 9.3867431 22.1003 23.08 65 520555 113717 20368 12 0 0 0 0 0 0 553 155722 8323
23.086625 -0.194824 -0.247973 5.99659 30816 0.5000007 142156 51990 5 2 252235.95 9.3867431 22.1003 23.086625 77 519051 113415 20466 13 0 0 0 0 0 0 553 155707 8461
23.093375 -0.194824 -0.247267 5.99662 30817 0.5000007 142063 51950 4 2 253547.66 9.3867431 22.1003 23.093375 66 519190 114408 20665 14 0 0 0 0 0 0 553 155603 8505
23.1 -0.194824 -0.246573 5.99664 30818 0.5000007 142194 52015 4 2 254024.64 9.3867431 22.1003 23.1 73 521214 114241 20667 15 0 0 0 0 0 0 553 155730 8521
23.106625 -0.194824 -0.24588 5.99667 30819 0.5000007 142233 52025 5 2 256022.02 9.3867431 22.1003 23.106625 79 520932 113832 20687 16 0 0 0 0 0 0 553 155773 8588
23.113375 -0.194824 -0.245173 5.9967 30820 0.5000007 142223 52068 4 2 249642.34 9.3867431 22.1003 23.113375 69 519384 112971 20404 17 0 0 0 0 0 0 553 155768 8374
23.12 -0.194824 -0.24448 5.99673 30821 0.5000007 142131 52060 4 2 250804.99 9.3867431 22.1003 23.12 89 521310 114272 20424 18 0 0 0 0 0 0 553 155663 8413
23.126625 -0.194824 -0.243787 5.99676 30822 0.5000007 142294 52072 5 2 251311.79 9.3867431 22.1003 23.126625 88 522364 114654 20513 19 0 0 0 0 0 0 553 155837 8430
23.133375 -0.194824 -0.24308 5.99679 30823 0.5000007 142259 52078 5 2 252295.57 9.3867431 22.1003 23.133375 96 522523 114550 20435 20 0 0 0 0 0 0 553 155792 8463
23.14 -0.194824 -0.242387 5.99682 30824 0.5000007 142282 52116 4 2 254233.32 9.3867431 22.1003 23.14 102 524241 115133 20723 21 0 0 0 0 0 0 553 155811 8528
23.146625 -0.194824 -0.241693 5.99684 30825 0.5000007 142284 52111 4 2 253905.4 9.3867431 22.1003 23.146625 97 524454 114951 20544 22 0 0 0 0 0 0 553 155806 8517
23.153375 -0.194824 -0.240987 5.99687 30826 0.5000007 142396 52213 4 2 251788.77 9.3867431 22.1003 23.153375 115 523010 114499 20560 23 0 0 0 0 0 0 553 155943 8446
23.16 -0.194824 -0.240293 5.9969 30827 0.5000007 142348 52153 4 2 256439.38 9.3867431 22.1003 23.16 116 524423 114909 20821 24 0 0 0 0 0 0 553 155877 8602
23.166625 -0.194824 -0.2396 5.99693 30828 0.5000007 142328 52185 4 2 255962.4 9.3867431 22.1003 23.166625 130 525715 115497 20821 25 0 0 0 0 0 0 553 155855 8586
23.173375 -0.194824 -0.238894 5.99696 30829 0.5000007 142471 52268 4 2 253577.47 9.3867431 22.1003 23.173375 150 525523 115630 20634 26 0 0 0 0 0 0 553 156006 8506
23.18 -0.194824 -0.2382 5.99698 30830 0.5000007 142445 52266 4 2 255843.15 9.3867431 22.1003 23.18 172 525594 115218 20775 27 0 0 0 0 0 0 553 155993 8582
23.186625 -0.194824 -0.237507 5.99701 30831 0.5000007 142357 52243 6 2 257631.85 9.3867431 22.1003 23.186625 177 526314 115510 20821 28 0 0 0 0 0 0 553 155895 8642
23.193375 -0.194824 -0.2368 5.99704 30832 0.5000007 142511 52344 4 2 254143.89 9.3867431 22.1003 23.193375 202 528573 115725 20659 29 0 0 0 0 0 0 553 156031 8525
23.2 -0.194824 -0.236107 5.99707 30833 0.5000007 142603 52390 5 2 256737.5 9.3867431 22.1003 23.2 269 529045 115520 20698 30 0 0 0 0 0 0 553 156122 8612
23.206625 -0.194824 -0.235413 5.99709 30833 0.5000007 142599 52404 5 2 259420.54 9.3867431 22.1003 23.206625 268 530453 116251 21084 31 0 0 0 0 0 0 553 156138 8702
23.213375 -0.194824 -0.234707 5.99712 30834 0.5000007 142665 52441 4 2 258019.4 9.3867431 22.1003 23.213375 319 532168 116816 21185 32 0 0 0 0 0 0 553 156201 8655
23.22 -0.194824 -0.234013 5.99715 30835 0.5000007 142701 52437 5 2 255515.22 9.3867431 22.1003 23.22 346 533060 116361 20943 33 0 0 0 0 0 0 553 156231 8571
23.226625 -0.194824 -0.23332 5.99718 30836 0.5000007 142733 52532 5 2 257274.11 9.3867431 22.1003 23.226625 444 535084 116619 21024 34 0 0 0 0 0 0 553 156264 8630
23.233375 -0.194824 -0.232613 5.9972 30837 0.5000007 142698 52495 4 2 259420.54 9.3867431 22.1003 23.233375 549 538022 116927 21028 35 0 0 0 0 0 0 553 156228 8702
23.24 -0.194824 -0.23192 5.99723 30838 0.5000007 142672 52503 4 2 258257.89 9.3867431 22.1003 23.24 706 540009 117191 20997 36 0 0 0 0 0 0 553 156181 8663
23.246625 -0.194824 -0.231227 5.99726 30839 0.5000007 142691 52499 5 2 259867.72 9.3867431 22.1003 23.246625 899 544905 117477 21140 37 0 0 0 0 0 0 553 156215 8717
23.253375 -0.194824 -0.23052 5.99728 30840 0.5000007 142815 52594 6 2 255813.34 9.3867431 22.1003 23.253375 1058 549318 117767 21137 38 0 0 0 0 0 0 553 156327 8581
23.26 -0.194824 -0.229827 5.99731 30841 0.5000007 142815 52621 5 2 263325.86 9.3867431 22.1003 23.26 1511 556614 118230 21119 39 0 0 0 0 0 0 553 156329 8833
23.266625 -0.194824 -0.229133 5.99734 30842 0.5000007 142759 52557 5 2 257929.96 9.3867431 22.1003 23.266625 2204 566770 117756 21097 40 0 0 0 0 0 0 553 156269 8652
23.273375 -0.194824 -0.228427 5.99736 30843 0.5000007 142871 52631 4 2 261089.99 9.3867431 22.1003 23.273375 4251 586618 118329 21354 41 0 0 0 0 0 0 553 156383 8758
23.28 -0.194824 -0.227733 5.99739 30844 0.5000007 142927 52704 4 2 262342.08 9.3867431 22.1003 23.28 7530 616119 118920 21301 42 0 0 0 0 0 0 553 156455 8800
23.286625 -0.194824 -0.22704 5.99742 30845 0.5000007 142966 52736 4 2 262848.88 9.3867431 22.1003 23.286625 11438 661435 119584 21366 43 0 0 0 0 0 0 553 156480 8817
23.293375 -0.194824 -0.226333 5.99744 30846 0.5000007 142972 52747 5 2 267648.54 9.3867431 22.1003 23.293375 19373 718654 120292 21565 44 0 0 0 0 0 0 553 156482 8978
23.3 -0.194824 -0.22564 5.99747 30847 0.5000007 142999 52784 5 2 267111.94 9.3867431 22.1003 23.3 26801 782398 121528 21437 45 0 0 0 0 0 0 553 156529 8960
23.306625 -0.194824 -0.224946 5.9975 30848 0.5000007 142981 52767 3 2 265621.36 9.3867431 22.1003 23.306625 37669 839197 121983 21460 46 0 0 0 0 0 0 553 156496 8910
23.313375 -0.194824 -0.22424 5.99752 30849 0.5000007 143084 52850 4 2 262938.31 9.3867431 22.1003 23.313375 48559 875320 123062 21511 47 0 0 0 0 0 0 553 156604 8820
23.32 -0.194824 -0.223546 5.99755 30850 0.5000007 143026 52803 4 2 266366.65 9.3867431 22.1003 23.32 48094 880848 124795 21657 48 0 0 0 0 0 0 553 156547 8935
23.326625 -0.194824 -0.222853 5.99757 30851 0.5000007 142971 52762 4 2 269407.43 9.3867431 22.1003 23.326625 42457 853531 125562 21752 49 0 0 0 0 0 0 553 156471 9037
23.333375 -0.194824 -0.222146 5.9976 30852 0.5000007 143108 52846 5 2 267916.85 9.3867431 22.1003 23.333375 38553 806447 126445 21674 50 0 0 0 0 0 0 553 156602 8987
23.34 -0.194824 -0.221452 5.99763 30853 0.5000007 143075 52870 5 2 268811.2 9.3867431 22.1003 23.34 26922 753161 127666 21906 51 0 0 0 0 0 0 553 156586 9017
23.346625 -0.194824 -0.220759 5.99765 30854 0.5000007 143033 52876 4 2 268393.83 9.3867431 22.1003 23.346625 16353 698314 128991 21627 52 0 0 0 0 0 0 553 156528 9003
23.353375 -0.194824 -0.220052 5.99768 30855 0.5000007 143129 52859 5 2 270987.44 9.3867431 22.1003 23.353375 10970 653506 130728 21670 53 0 0 0 0 0 0 553 156649 9090
23.36 -0.194824 -0.219359 5.9977 30856 0.5000007 143093 52899 4 2 268095.72 9.3867431 22.1003 23.36 6263 622092 131322 21725 54 0 0 0 0 0 0 553 156595 8993
23.366625 -0.194824 -0.218665 5.99773 30857 0.5000007 143170 52937 4 2 272507.84 9.3867431 22.1003 23.366625 3987 601990 132728 22043 55 0 0 0 0 0 0 553 156682 9141
23.373375 -0.194824 -0.217959 5.99775 30858 0.5000007 143016 52857 4 2 267767.79 9.3867431 22.1003 23.373375 2672 587915 133896 22015 56 0 0 0 0 0 0 553 156522 8982
23.38 -0.194824 -0.217265 5.99778 30859 0.5000007 143162 52912 4 2 273879.17 9.3867431 22.1003 23.38 2204 580335 135443 22064 57 0 0 0 0 0 0 553 156677 9187
23.386625 -0.194824 -0.216572 5.9978 30860 0.5000007 143182 52944 5 2 272567.46 9.3867431 22.1003 23.386625 1772 573512 136280 22055 58 0 0 0 0 0 0 553 156704 9143
23.393375 -0.194824 -0.215865 5.99783 30861 0.5000007 143166 52949 4 2 274564.84 9.3867431 22.1003 23.393375 1439 568389 137020 22283 59 0 0 0 0 0 0 553 156682 9210
23.4 -0.194824 -0.215172 5.99785 30862 0.5000007 143072 52906 4 2 273968.6 9.3867431 22.1003 23.4 1199 566367 137606 22369 60 0 0 0 0 0 0 553 156592 9190
23.406625 -0.194824 -0.214478 5.99788 30863 0.5000007 143128 52916 5 2 278142.23 9.3867431 22.1003 23.406625 909 565070 137404 22435 61 0 0 0 0 0 0 553 156645 9330
23.413375 -0.194824 -0.213772 5.9979 30864 0.5000007 143060 52898 4 2 277128.63 9.3867431 22.1003 23.413375 851 561622 136749 22616 62 0 0 0 0 0 0 553 156543 9296
23.42 -0.194824 -0.213078 5.99793 30865 0.5000007 143104 52899 4 2 280735.84 9.3867431 22.1003 23.42 667 561326 136639 22535 63 0 0 0 0 0 0 553 156614 9417
23.426625 -0.194824 -0.212384 5.99795 30866 0.5000007 143134 52919 5 2 281928.3 9.3867431 22.1003 23.426625 655 561303 136395 22609 64 0 0 0 0 0 0 553 156638 9457
23.433375 -0.194824 -0.211678 5.99798 30867 0.5000007 143199 52966 5 2 282822.65 9.3867431 22.1003 23.433375 587 561069 136123 22914 65 0 0 0 0 0 0 553 156709 9487
23.44 -0.194824 -0.210984 5.998 30868 0.5000007 143064 52903 4 2 284581.53 9.3867431 22.1003 23.44 508 560619 135538 22806 66 0 0 0 0 0 0 553 156561 9546
23.446625 -0.194824 -0.210291 5.99803 30869 0.5000007 143186 52965 4 2 280258.85 9.3867431 22.1003 23.446625 528 559600 135839 22877 67 0 0 0 0 0 0 553 156699 9401
23.453375 -0.194824 -0.209584 5.99805 30870 0.5000007 143184 52974 5 2 283031.33 9.3867431 22.1003 23.453375 422 560762 135956 22966 68 0 0 0 0 0 0 553 156687 9494
23.46 -0.194824 -0.208891 5.99808 30871 0.5000007 143116 52887 5 2 286757.78 9.3867431 22.1003 23.46 432 562482 136938 23328 69 0 0 0 0 0 0 553 156615 9619
23.466625 -0.194824 -0.208197 5.9981 30872 0.5000007 143033 52878 4 2 284313.23 9.3867431 22.1003 23.466625 382 562043 136391 23215 70 0 0 0 0 0 0 553 156532 9537
23.473375 -0.194824 -0.20749 5.99812 30873 0.5000007 143158 52976 4 2 284700.78 9.3867431 22.1003 23.473375 398 562441 137234 23599 71 0 0 0 0 0 0 553 156678 9550
23.48 -0.194824 -0.206797 5.99815 30874 0.5000007 143050 52855 4 2 296953.35 9.3867431 22.1003 23.48 383 564477 137732 23904 72 0 0 0 0 0 0 553 156564 9961
23.486625 -0.194824 -0.206103 5.99817 30875 0.5000007 142998 52896 4 2 294955.97 9.3867431 22.1003 23.486625 340 566040 138432 23909 73 0 0 0 0 0 0 553 156514 9894
23.493375 -0.194824 -0.205397 5.9982 30876 0.5000007 143692 53156 5 2 295641.64 9.3867431 22.1003 23.493375 367 571077 140132 24054 74 0 0 0 0 0 0 553 157197 9917
23.5 -0.194824 -0.204703 5.99822 30877 0.5000007 143597 53117 4 2 298056.38 9.3867431 22.1003 23.5 304 573569 140616 24337 75 0 0 0 0 0 0 553 157097 9998
23.506625 -0.194824 -0.20401 5.99824 30878 0.5000007 143682 53145 5 2 299189.22 9.3867431 22.1003 23.506625 315 578838 142275 24343 76 0 0 0 0 0 0 553 157193 10036
23.513375 -0.194824 -0.203303 5.99827 30879 0.5000007 143639 53118 5 2 302468.49 9.3867431 22.1003 23.513375 305 582539 143966 24656 77 0 0 0 0 0 0 553 157165 10146
23.52 -0.194824 -0.202609 5.99829 30880 0.5000007 143528 53012 5 2 307387.41 9.3867431 22.1003 23.52 309 590382 146797 24825 78 0 0 0 0 0 0 553 157026 10311
23.526625 -0.194824 -0.201916 5.99831 30881 0.5000007 143611 53099 5 2 305926.64 9.3867431 22.1003 23.526625 317 598563 148902 25215 79 0 0 0 0 0 0 553 157115 10262
23.533375 -0.194824 -0.201209 5.99834 30882 0.5000007 143553 53063 4 2 308937.61 9.3867431 22.1003 23.533375 477 610119 152910 25491 80 0 0 0 0 0 0 553 157058 10363
23.54 -0.194824 -0.200516 5.99836 30883 0.5000007 143496 52990 4 2 318059.96 9.3867431 22.1003 23.54 644 624807 156867 25596 81 0 0 0 0 0 0 553 156986 10669
23.546625 -0.194824 -0.199822 5.99838 30884 0.5000007 143530 53037 4 2 315466.35 9.3867431 22.1003 23.546625 837 642170 161929 26159 82 0 0 0 0 0 0 553 157035 10582
23.553375 -0.194824 -0.199115 5.99841 30885 0.5000007 143497 52991 5 2 323366.43 9.3867431 22.1003 23.553375 1037 660491 167779 26570 83 0 0 0 0 0 0 553 157011 10847
23.56 -0.194824 -0.198422 5.99843 30886 0.5000007 143473 52964 4 2 331266.5 9.3867431 22.1003 23.56 1182 686325 175203 27066 84 0 0 0 0 0 0 553 156966 11112
23.566625 -0.194824 -0.197728 5.99845 30886 0.5000007 143453 52971 5 2 330998.19 9.3867431 22.1003 23.566625 1408 711108 184297 27556 85 0 0 0 0 0 0 553 156950 11103
23.573375 -0.194824 -0.197021 5.99848 30887 0.5000007 143497 52979 5 2 344800.97 9.3867431 22.1003 23.573375 1640 736187 194351 28359 86 0 0 0 0 0 0 553 157013 11566
23.58 -0.194824 -0.196328 5.9985 30888 0.5000007 143367 52931 4 2 352373.11 9.3867431 22.1003 23.58 1866 761998 207525 29094 87 0 0 0 0 0 0 553 156881 11820
23.586625 -0.194824 -0.195634 5.99852 30889 0.5000007 143407 52928 4 2 360004.88 9.3867431 22.1003 23.586625 1885 781944 221027 29782 88 0 0 0 0 0 0 553 156910 12076
23.593375 -0.194824 -0.194928 5.99855 30890 0.5000007 143452 52890 5 2 368650.25 9.3867431 22.1003 23.593375 2040 800685 235600 30621 89 0 0 0 0 0 0 553 156960 12366
23.6 -0.194824 -0.194234 5.99857 30891 0.5000007 143355 52880 4 2 374254.83 9.3867431 22.1003 23.6 1905 816800 252319 31689 90 0 0 0 0 0 0 553 156879 12554
23.606625 -0.194824 -0.19354 5.99859 30892 0.5000007 143303 52883 5 2 381379.8 9.3867431 22.1003 23.606625 1768 834694 274558 32587 91 0 0 0 0 0 0 553 156814 12793
23.613375 -0.194824 -0.192834 5.99861 30893 0.5000007 143307 52876 4 2 401949.8 9.3867431 22.1003 23.613375 1493 854140 301348 34236 92 0 0 0 0 0 0 553 156803 13483
23.62 -0.194824 -0.19214 5.99864 30894 0.5000007 143209 52797 5 2 412681.98 9.3867431 22.1003 23.62 1689 879788 334165 35694 93 0 0 0 0 0 0 553 156720 13843
23.626625 -0.194824 -0.191446 5.99866 30895 0.5000007 143185 52783 6 2 436739.94 9.3867431 22.1003 23.626625 2775 920120 378723 37932 94 0 0 0 0 0 0 553 156680 14650
23.633375 -0.194824 -0.19074 5.99868 30896 0.5000007 143178 52746 5 2 455580.87 9.3867431 22.1003 23.633375 5079 965360 434385 40392 95 0 0 0 0 0 0 553 156683 15282
23.64 -0.194824 -0.190046 5.9987 30897 0.5000007 143031 52654 5 2 480890.92 9.3867431 22.1003 23.64 8143 1027909 504867 43386 96 0 0 0 0 0 0 553 156549 16131
23.646625 -0.194824 -0.189352 5.99872 30898 0.5000007 143112 52699 5 2 508257.97 9.3867431 22.1003 23.646625 11286 1102441 584161 47358 97 0 0 0 0 0 0 553 156619 17049
23.653375 -0.194824 -0.188646 5.99875 30899 0.5000007 143176 52693 5 2 539083.16 9.3867431 22.1003 23.653375 14101 1165845 649532 52266 98 0 0 0 0 0 0 553 156675 18083
23.66 -0.194824 -0.187952 5.99877 30900 0.5000007 142996 52595 5 2 573187.63 9.3867431 22.1003 23.66 15793 1222994 703767 58094 99 0 0 0 0 0 0 553 156498 19227
23.666625 -0.194824 -0.187259 5.99879 30901 0.5000007 143073 52634 5 2 615221.99 9.3867431 22.1003 23.666625 15511 1259207 730698 64825 100 0 0 0 0 0 0 553 156577 20637
23.673375 -0.194824 -0.186552 5.99881 30902 0.5000007 142937 52550 4 2 662711.87 9.3867431 22.1003 23.673375 15273 1304247 764649 72455 101 0 0 0 0 0 0 553 156441 22230
23.68 -0.194824 -0.185858 5.99883 30903 0.5000007 142875 52542 4 2 721768.65 9.3867431 22.1003 23.68 12604 1348355 791049 83724 102 0 0 0 0 0 0 553 156388 24211
23.686625 -0.194824 -0.185165 5.99886 30904 0.5000007 142954 52567 4 2 778052.95 9.3867431 22.1003 23.686625 11367 1398406 811179 95133 103 0 0 0 0 0 0 553 156465 26099
23.693375 -0.194824 -0.184458 5.99888 30905 0.5000007 142887 52499 4 2 861346.56 9.3867431 22.1003 23.693375 13064 1477954 845554 112783 104 0 0 0 0 0 0 553 156415 28893
23.7 -0.194824 -0.183764 5.9989 30906 0.5000007 142842 52470 4 2 971321.55 9.3867431 22.1003 23.7 15683 1581160 887128 133877 105 0 0 0 0 0 0 553 156388 32582
23.706625 -0.194824 -0.183071 5.99892 30907 0.5000007 142787 52422 5 2 1091432.5 9.3867431 22.1003 23.706625 20973 1701736 935842 160730 106 0 0 0 0 0 0 553 156314 36611
23.713375 -0.194824 -0.182364 5.99894 30908 0.5000007 142741 52390 5 2 1272538 9.3867431 22.1003 23.713375 23240 1813707 999919 199918 107 0 0 0 0 0 0 553 156268 42686
23.72 -0.194824 -0.18167 5.99896 30909 0.5000007 142825 52501 5 2 1471232.3 9.3867431 22.1003 23.72 23893 1863157 1059813 255111 108 0 0 0 0 0 0 553 156357 49351
23.726625 -0.194824 -0.180976 5.99898 30910 0.5000007 142685 52382 5 2 1729758.5 9.3867431 22.1003 23.726625 28588 1880250 1152048 332969 109 0 0 0 0 0 0 553 156210 58023
23.733375 -0.194824 -0.18027 5.999 30911 0.5000007 142687 52345 5 2 2019885 9.3867431 22.1003 23.733375 27960 1871200 1227567 426084 110 0 0 0 0 0 0 553 156221 67755
23.74 -0.194824 -0.179576 5.99902 30912 0.5000007 142595 52249 4 2 2361227.8 9.3867431 22.1003 23.74 26359 1866938 1290769 519903 111 0 0 0 0 0 0 553 156123 79205
23.746625 -0.194824 -0.178882 5.99905 30913 0.5000007 142632 52293 4 2 2778053.6 9.3867431 22.1003 23.746625 24863 1857964 1329850 599062 112 0 0 0 0 0 0 553 156155 93187
23.753375 -0.194824 -0.178176 5.99907 30914 0.5000007 142626 52288 5 2 3252922.5 9.3867431 22.1003 23.753375 24863 1846270 1350955 663541 113 0 0 0 0 0 0 553 156163 109116
23.76 -0.194824 -0.177482 5.99909 30915 0.5000007 142488 52196 4 2 3772836.8 9.3867431 22.1003 23.76 20067 1813286 1340992 710579 114 0 0 0 0 0 0 553 156019 126556
23.766625 -0.194824 -0.176788 5.99911 30916 0.5000007 142455 52176 5 2 4436443.1 9.3867431 22.1003 23.766625 16770 1741970 1281199 717869 115 0 0 0 0 0 0 553 155985 148816
23.773375 -0.194824 -0.176082 5.99913 30917 0.5000007 142447 52126 5 2 5154425.6 9.3867431 22.1003 23.773375 14014 1631757 1181169 674224 116 0 0 0 0 0 0 553 155989 172900
23.78 -0.194824 -0.175388 5.99915 30918 0.5000007 142434 52155 5 2 6032138.8 9.3867431 22.1003 23.78 14807 1541209 1096685 640329 117 0 0 0 0 0 0 553 155975 202342
23.786625 -0.194824 -0.174694 5.99917 30919 0.5000007 142495 52212 6 2 6853657 9.3867431 22.1003 23.786625 12279 1458286 1015746 602825 118 0 0 0 0 0 0 553 156026 229899
23.793375 -0.194824 -0.173988 5.99919 30920 0.5000007 142490 52173 5 2 7484858 9.3867431 22.1003 23.793375 7926 1385956 945738 568887 119 0 0 0 0 0 0 553 156035 251072
23.8 -0.194824 -0.173294 5.99921 30921 0.5000007 142426 52172 5 2 7888268.6 9.3867431 22.1003 23.8 6284 1318919 879565 534252 120 0 0 0 0 0 0 553 155961 264604
23.806625 -0.194824 -0.1726 5.99923 30922 0.5000007 142262 52018 4 2 8267859.7 9.3867431 22.1003 23.806625 5684 1267045 831467 508922 121 0 0 0 0 0 0 553 155798 277337
23.813375 -0.194824 -0.171893 5.99925 30923 0.5000007 142331 52072 6 2 8601630.4 9.3867431 22.1003 23.813375 5693 1232791 798367 490617 122 0 0 0 0 0 0 553 155859 288533
23.82 -0.194824 -0.1712 5.99927 30924 0.5000007 142321 52066 4 2 8770393.9 9.3867431 22.1003 23.82 5402 1209044 773627 473121 123 0 0 0 0 0 0 553 155858 294194
23.826625 -0.194824 -0.170506 5.99929 30925 0.5000007 142315 52063 5 2 9100706.4 9.3867431 22.1003 23.826625 6046 1207601 772376 473570 124 0 0 0 0 0 0 553 155837 305274
23.833375 -0.194824 -0.169799 5.99931 30926 0.5000007 142298 52055 5 2 9371127.4 9.3867431 22.1003 23.833375 6358 1215516 780333 478876 125 0 0 0 0 0 0 553 155831 314345
23.84 -0.194824 -0.169106 5.99933 30927 0.5000007 142268 52017 5 2 9628848.7 9.3867431 22.1003 23.84 6883 1227071 790399 484907 126 0 0 0 0 0 0 553 155799 322990
23.846625 -0.194824 -0.168412 5.99935 30928 0.5000007 142332 52051 4 2 9912267.6 9.3867431 22.1003 23.846625 7443 1239176 802377 493983 127 0 0 0 0 0 0 553 155857 332497
23.853375 -0.194824 -0.167705 5.99937 30929 0.5000007 142321 52053 3 2 10063532 9.3867431 22.1003 23.853375 7306 1243014 805452 495960 128 0 0 0 0 0 0 553 155872 337571
23.86 -0.194824 -0.167011 5.99939 30930 0.5000007 142206 52050 5 2 10019202 9.3867431 22.1003 23.86 7196 1230550 792686 487753 129 0 0 0 0 0 0 553 155731 336084
23.866625 -0.194824 -0.166318 5.99941 30931 0.5000007 142320 52032 4 2 9954838.5 9.3867431 22.1003 23.866625 6972 1214778 778544 479787 130 0 0 0 0 0 0 553 155858 333925
23.873375 -0.194824 -0.165611 5.99943 30932 0.5000007 142329 52088 4 2 9696878.8 9.3867431 22.1003 23.873375 6640 1191408 753255 461854 131 0 0 0 0 0 0 553 155890 325272
23.88 -0.194824 -0.164917 5.99945 30933 0.5000007 142338 52073 4 2 9167871.9 9.3867431 22.1003 23.88 5963 1148852 712537 430176 132 0 0 0 0 0 0 553 155857 307527
23.886625 -0.194824 -0.164223 5.99946 30934 0.5000007 142316 52038 4 2 8475825.4 9.3867431 22.1003 23.886625 5349 1102001 666883 393879 133 0 0 0 0 0 0 553 155851 284313
23.893375 -0.194824 -0.163517 5.99948 30935 0.5000007 142386 52093 5 2 7592477.9 9.3867431 22.1003 23.893375 4740 1050785 615278 351671 134 0 0 0 0 0 0 553 155921 254682
23.9 -0.194824 -0.162823 5.9995 30936 0.5000007 142238 52023 4 2 6694642 9.3867431 22.1003 23.9 3971 1002187 568114 310964 135 0 0 0 0 0 0 553 155759 224565
23.906625 -0.194824 -0.162129 5.99952 30937 0.5000007 142377 52096 5 2 5950663.7 9.3867431 22.1003 23.906625 3595 963634 530302 279239 136 0 0 0 0 0 0 553 155905 199609
23.913375 -0.194824 -0.161422 5.99954 30938 0.5000007 142227 52009 4 2 5235721.9 9.3867431 22.1003 23.913375 3018 931729 498946 250679 137 0 0 0 0 0 0 553 155766 175627
23.92 -0.194824 -0.160729 5.99956 30939 0.5000007 142297 52052 5 2 4620738.4 9.3867431 22.1003 23.92 2710 912431 478624 226174 138 0 0 0 0 0 0 553 155814 154998
23.926625 -0.194824 -0.160035 5.99958 30940 0.5000007 142262 52011 3 2 4082609.2 9.3867431 22.1003 23.926625 2464 909806 476444 207024 139 0 0 0 0 0 0 553 155789 136947
23.933375 -0.194824 -0.159328 5.9996 30941 0.5000007 142365 52126 4 2 3601360.5 9.3867431 22.1003 23.933375 3158 926683 493601 189890 140 0 0 0 0 0 0 553 155900 120804
23.94 -0.194824 -0.158635 5.99962 30942 0.5000007 142454 52190 3 2 3194134.1 9.3867431 22.1003 23.94 5291 953606 521047 177393 141 0 0 0 0 0 0 553 155993 107144
23.946625 -0.194824 -0.157941 5.99963 30943 0.5000007 142384 52137 4 2 2808461.4 9.3867431 22.1003 23.946625 5242 969233 534455 163915 142 0 0 0 0 0 0 553 155910 94207
23.953375 -0.194824 -0.157234 5.99965 30944 0.5000007 142433 52200 3 2 2502981.9 9.3867431 22.1003 23.953375 4628 974137 539999 153180 143 0 0 0 0 0 0 553 155959 83960
23.96 -0.194824 -0.15654 5.99967 30945 0.5000007 142386 52159 5 2 2224839.7 9.3867431 22.1003 23.96 6875 1000602 567725 141092 144 0 0 0 0 0 0 553 155912 74630
23.966625 -0.194824 -0.155846 5.99969 30945 0.5000007 142420 52171 5 2 1952391.5 9.3867431 22.1003 23.966625 10203 1080527 646666 128360 145 0 0 0 0 0 0 553 155953 65491
23.973375 -0.194824 -0.15514 5.99971 30946 0.5000007 142391 52203 4 2 1765830.5 9.3867431 22.1003 23.973375 19371 1255574 822580 118698 146 0 0 0 0 0 0 553 155907 59233
23.98 -0.194824 -0.154446 5.99972 30947 0.5000007 142470 52220 3 2 1595010 9.3867431 22.1003 23.98 37590 1572397 1138496 112425 147 0 0 0 0 0 0 553 155986 53503
23.986625 -0.194824 -0.153752 5.99974 30948 0.5000007 142432 52185 4 2 1418048.4 9.3867431 22.1003 23.986625 75760 1949082 1514081 105111 148 0 0 0 0 0 0 553 155942 47567
23.993375 -0.194824 -0.153045 5.99976 30949 0.5000007 142529 52262 5 2 1271524.4 9.3867431 22.1003 23.993375 91920 1892367 1458531 98871 149 0 0 0 0 0 0 553 156042 42652
24 -0.194824 -0.152352 5.99978 30950 0.5000007 142498 52274 4 2 1153977.2 9.3867431 22.1003 24 42687 1491428 1058201 94748 150 0 0 0 0 0 0 553 156012 38709
24.006625 -0.194824 -0.151658 5.9998 30951 0.5000007 142566 52302 4 2 1055271 9.3867431 22.1003 24.006625 29376 1188908 755915 91794 151 0 0 0 0 0 0 553 156082 35398
24.013375 -0.194824 -0.150951 5.99981 30952 0.5000007 142617 52380 4 2 964196.58 9.3867431 22.1003 24.013375 12709 985618 552253 89696 152 0 0 0 0 0 0 553 156141 32343
24.02 -0.194824 -0.150257 5.99983 30953 0.5000007 142577 52390 4 2 901204.67 9.3867431 22.1003 24.02 5088 871964 439119 88164 153 0 0 0 0 0 0 553 156085 30230
24.026625 -0.194824 -0.149564 5.99985 30954 0.5000007 142709 52424 4 2 831833.07 9.3867431 22.1003 24.026625 2341 814802 382343 86208 154 0 0 0 0 0 0 553 156240 27903
24.033375 -0.194824 -0.148857 5.99987 30955 0.5000007 142651 52417 4 2 769854.76 9.3867431 22.1003 24.033375 1550 785606 352060 84474 155 0 0 0 0 0 0 553 156160 25824
24.04 -0.194824 -0.148163 5.99988 30956 0.5000007 142671 52389 5 2 725554.72 9.3867431 22.1003 24.04 1432 767856 334503 82129 156 0 0 0 0 0 0 553 156195 24338
24.046625 -0.194824 -0.147469 5.9999 30957 0.5000007 142690 52412 5 2 685756.23 9.3867431 22.1003 24.046625 1471 757107 324214 79044 157 0 0 0 0 0 0 553 156194 23003
24.053375 -0.194824 -0.146762 5.99992 30958 0.5000007 142743 52479 5 2 670254.2 9.3867431 22.1003 24.053375 1678 752223 318308 76343 158 0 0 0 0 0 0 553 156244 22483
24.06 -0.194824 -0.146069 5.99993 30959 0.5000007 142797 52526 5 2 630187.41 9.3867431 22.1003 24.06 1349 747108 312527 73277 159 0 0 0 0 0 0 553 156297 21139
24.066625 -0.194824 -0.145375 5.99995 30960 0.5000007 142813 52544 4 2 623122.06 9.3867431 22.1003 24.066625 1419 743891 309677 71384 160 0 0 0 0 0 0 553 156304 20902
24.073375 -0.194824 -0.144668 5.99997 30961 0.5000007 142874 52585 4 2 606367.94 9.3867431 22.1003 24.073375 1573 744492 309548 69423 161 0 0 0 0 0 0 553 156395 20340
24.08 -0.194824 -0.143974 5.99998 30962 0.5000007 142880 52621 4 2 593787.45 9.3867431 22.1003 24.08 1735 746302 311896 67302 162 0 0 0 0 0 0 553 156375 19918
24.086625 -0.194824 -0.14328 6 30963 0.5000007 142925 52669 4 2 574171.42 9.3867431 22.1003 24.086625 1929 748502 316496 64432 163 0 0 0 0 0 0 553 156442 19260
24.093375 -0.194824 -0.142574 6.00002 30964 0.5000007 142894 52643 4 2 565376.99 9.3867431 22.1003 24.093375 2190 756773 323241 61055 164 0 0 0 0 0 0 553 156392 18965
24.1 -0.194824 -0.14188 6.00003 30965 0.5000007 143009 52702 4 2 570087.23 9.3867431 22.1003 24.1 2519 767564 333639 58418 165 0 0 0 0 0 0 553 156512 19123
24.106625 -0.194824 -0.141186 6.00005 30966 0.5000007 142957 52676 4 2 556165.21 9.3867431 22.1003 24.106625 2938 778340 345040 55451 166 0 0 0 0 0 0 553 156461 18656
24.113375 -0.194824 -0.140479 6.00007 30967 0.5000007 142955 52683 4 2 555747.85 9.3867431 22.1003 24.113375 3364 798060 365376 53400 167 0 0 0 0 0 0 553 156475 18642
24.12 -0.194824 -0.139785 6.00008 30968 0.5000007 143005 52735 4 2 550322.14 9.3867431 22.1003 24.12 4373 822445 389197 51161 168 0 0 0 0 0 0 553 156503 18460
24.126625 -0.194824 -0.139092 6.0001 30969 0.5000007 142961 52694 4 2 537860.89 9.3867431 22.1003 24.126625 5546 853125 419988 48880 169 0 0 0 0 0 0 553 156468 18042
24.133375 -0.194824 -0.138385 6.00012 30970 0.5000007 143053 52753 4 2 555718.04 9.3867431 22.1003 24.133375 7294 898811 465360 48946 170 0 0 0 0 0 0 553 156548 18641
24.14 -0.194824 -0.137691 6.00013 30971 0.5000007 143108 52808 5 2 546774.56 9.3867431 22.1003 24.14 10714 949957 516944 47750 171 0 0 0 0 0 0 553 156609 18341
24.146625 -0.194824 -0.136997 6.00015 30972 0.5000007 143085 52798 4 2 551305.92 9.3867431 22.1003 24.146625 16079 1018161 585935 47695 172 0 0 0 0 0 0 553 156591 18493
24.153375 -0.194824 -0.13629 6.00016 30973 0.5000007 143048 52779 4 2 567165.69 9.3867431 22.1003 24.153375 23533 1109500 675841 48453 173 0 0 0 0 0 0 553 156534 19025
24.16 -0.194824 -0.135597 6.00018 30974 0.5000007 143038 52790 6 2 580223.17 9.3867431 22.1003 24.16 36500 1235964 803460 50094 174 0 0 0 0 0 0 553 156544 19463
24.166625 -0.194824 -0.134903 6.0002 30975 0.5000007 143148 52852 4 2 609140.42 9.3867431 22.1003 24.166625 53564 1400802 968164 52375 175 0 0 0 0 0 0 553 156635 20433
24.173375 -0.194824 -0.134196 6.00021 30976 0.5000007 143144 52877 5 2 645659.63 9.3867431 22.1003 24.173375 70317 1613651 1181441 55581 176 0 0 0 0 0 0 553 156614 21658
24.18 -0.194824 -0.133502 6.00023 30977 0.5000007 143152 52870 4 2 680628.64 9.3867431 22.1003 24.18 100846 1874301 1441948 59499 177 0 0 0 0 0 0 553 156643 22831
24.186625 -0.194824 -0.132808 6.00024 30978 0.5000007 143175 52868 4 2 727462.66 9.3867431 22.1003 24.186625 133786 2081637 1647422 64448 178 0 0 0 0 0 0 553 156687 24402
24.193375 -0.194824 -0.132101 6.00026 30979 0.5000007 143220 52913 5 2 794658.01 9.3867431 22.1003 24.193375 147515 2192842 1759860 70210 179 0 0 0 0 0 0 553 156707 26656
24.2 -0.194824 -0.131408 6.00027 30980 0.5000007 143212 52881 4 2 861734.11 9.3867431 22.1003 24.2 143069 2286868 1855142 76799 180 0 0 0 0 0 0 553 156700 28906
24.206625 -0.194824 -0.130714 6.00029 30981 0.5000007 143230 52905 4 2 935070.65 9.3867431 22.1003 24.206625 176656 2346892 1914328 83735 181 0 0 0 0 0 0 553 156727 31366
24.213375 -0.194824 -0.130007 6.0003 30982 0.5000007 143244 52929 4 2 990281.73 9.3867431 22.1003 24.213375 171137 2353762 1921170 90403 182 0 0 0 0 0 0 553 156732 33218
24.22 -0.194824 -0.129313 6.00032 30983 0.5000007 143209 52898 4 2 1033687.4 9.3867431 22.1003 24.22 156151 2274555 1842390 96839 183 0 0 0 0 0 0 553 156706 34674
24.226625 -0.194824 -0.128619 6.00033 30984 0.5000007 143225 52913 4 2 1040872 9.3867431 22.1003 24.226625 107745 2094743 1662269 101212 184 0 0 0 0 0 0 553 156715 34915
24.233375 -0.194824 -0.127912 6.00035 30985 0.5000007 143255 52984 5 2 1015830.3 9.3867431 22.1003 24.233375 73544 1853450 1424119 102996 185 0 0 0 0 0 0 553 156736 34075
24.24 -0.194824 -0.127219 6.00036 30986 0.5000007 143181 52941 4 2 970695.51 9.3867431 22.1003 24.24 68647 1682580 1252175 103381 186 0 0 0 0 0 0 553 156671 32561
24.246625 -0.194824 -0.126525 6.00038 30987 0.5000007 143164 52886 5 2 900250.7 9.3867431 22.1003 24.246625 58118 1561379 1133249 101131 187 0 0 0 0 0 0 553 156678 30198
24.253375 -0.194824 -0.125818 6.00039 30988 0.5000007 143207 52906 4 2 829030.78 9.3867431 22.1003 24.253375 55612 1510442 1080503 97036 188 0 0 0 0 0 0 553 156707 27809
24.26 -0.194824 -0.125124 6.00041 30989 0.5000007 143145 52911 4 2 754352.73 9.3867431 22.1003 24.26 64611 1476793 1047319 91798 189 0 0 0 0 0 0 553 156641 25304
24.266625 -0.194824 -0.12443 6.00042 30990 0.5000007 143243 52921 4 2 670790.81 9.3867431 22.1003 24.266625 77170 1342355 914122 85184 190 0 0 0 0 0 0 553 156723 22501
24.273375 -0.194824 -0.123723 6.00044 30991 0.5000007 143145 52894 4 2 604132.07 9.3867431 22.1003 24.273375 58049 1157595 730494 77698 191 0 0 0 0 0 0 553 156629 20265
24.28 -0.194824 -0.123029 6.00045 30992 0.5000007 143154 52893 6 2 560279.21 9.3867431 22.1003 24.28 32718 992207 564306 71376 192 0 0 0 0 0 0 553 156664 18794
24.286625 -0.194824 -0.122336 6.00047 30993 0.5000007 143172 52910 4 2 509808.17 9.3867431 22.1003 24.286625 8165 844490 417515 65236 193 0 0 0 0 0 0 553 156673 17101
24.293375 -0.194824 -0.121629 6.00048 30994 0.5000007 143088 52862 4 2 475047.85 9.3867431 22.1003 24.293375 2593 767258 338633 59376 194 0 0 0 0 0 0 553 156577 15935
24.3 -0.194824 -0.120935 6.00049 30995 0.5000007 143087 52840 5 2 444043.78 9.3867431 22.1003 24.3 1616 719503 292717 53574 195 0 0 0 0 0 0 553 156578 14895
24.306625 -0.194824 -0.120241 6.00051 30996 0.5000007 143765 53126 6 2 424815.3 9.3867431 22.1003 24.306625 1119 689064 261888 49306 196 0 0 0 0 0 0 553 157254 14250
24.313375 -0.194824 -0.119534 6.00052 30997 0.5000007 143653 53053 5 2 403350.95 9.3867431 22.1003 24.313375 751 666687 237931 44995 197 0 0 0 0 0 0 553 157155 13530
24.32 -0.194824 -0.11884 6.00054 30998 0.5000007 143645 53024 4 2 398074.29 9.3867431 22.1003 24.32 564 648907 221543 42394 198 0 0 0 0 0 0 553 157151 13353
24.326625 -0.194824 -0.118147 6.00055 30999 0.5000007 143578 53021 5 2 376341.64 9.3867431 22.1003 24.326625 420 636280 207787 38852 199 0 0 0 0 0 0 553 157075 12624
24.333375 -0.194824 -0.11744 6.00056 31000 0.5000007 143555 53011 4 2 367457.78 9.3867431 22.1003 24.333375 574 625865 198477 37158 200 0 0 0 0 0 0 553 157069 12326
24.34 -0.194824 -0.116746 6.00058 31001 0.5000007 143511 52957 5 2 351747.07 9.3867431 22.1003 24.34 705 620322 193116 35424 201 0 0 0 0 0 0 553 156989 11799
24.346625 -0.194824 -0.116052 6.00059 31002 0.5000007 143546 52952 4 2 347603.26 9.3867431 22.1003 24.346625 888 613547 186273 33899 202 0 0 0 0 0 0 553 157049 11660
24.353375 -0.194824 -0.115345 6.0006 31003 0.5000007 143500 52938 5 2 335917.11 9.3867431 22.1003 24.353375 738 604548 178171 31609 203 0 0 0 0 0 0 553 156996 11268
24.36 -0.194824 -0.114651 6.00062 31004 0.5000007 143515 52974 5 2 330580.83 9.3867431 22.1003 24.36 333 597954 171776 29977 204 0 0 0 0 0 0 553 156999 11089
24.366625 -0.194824 -0.113957 6.00063 31005 0.5000007 143428 52863 4 2 326824.57 9.3867431 22.1003 24.366625 195 591873 165238 28813 205 0 0 0 0 0 0 553 156931 10963
24.373375 -0.194824 -0.11325 6.00064 31006 0.5000007 143460 52909 5 2 321070.93 9.3867431 22.1003 24.373375 198 587793 160978 28115 206 0 0 0 0 0 0 553 156957 10770
24.38 -0.194824 -0.112557 6.00066 31007 0.5000007 143348 52847 4 2 318864.87 9.3867431 22.1003 24.38 163 581695 156915 27139 207 0 0 0 0 0 0 553 156840 10696
24.386625 -0.194824 -0.111863 6.00067 31008 0.5000007 143429 52897 4 2 318894.69 9.3867431 22.1003 24.386625 141 580367 154373 26955 208 0 0 0 0 0 0 553 156913 10697
24.393375 -0.194824 -0.111156 6.00068 31009 0.5000007 143218 52731 5 2 315973.15 9.3867431 22.1003 24.393375 134 575155 151866 26563 209 0 0 0 0 0 0 553 156723 10599
24.4 -0.194824 -0.110462 6.0007 31010 0.5000007 143386 52843 4 2 307924.02 9.3867431 22.1003 24.4 138 573220 148953 26118 210 0 0 0 0 0 0 553 156884 10329
24.406625 -0.194824 -0.109768 6.00071 31011 0.5000007 143257 52752 4 2 308907.8 9.3867431 22.1003 24.406625 124 572253 146949 25586 211 0 0 0 0 0 0 553 156752 10362
24.413375 -0.194824 -0.109061 6.00072 31012 0.5000007 143292 52804 3 2 300441.3 9.3867431 22.1003 24.413375 103 570087 145923 25300 212 0 0 0 0 0 0 553 156764 10078
24.42 -0.194824 -0.108367 6.00073 31013 0.5000007 143273 52747 5 2 302528.12 9.3867431 22.1003 24.42 90 567701 143582 25079 213 0 0 0 0 0 0 553 156766 10148
24.426625 -0.194824 -0.107673 6.00075 31014 0.5000007 143215 52684 4 2 294747.29 9.3867431 22.1003 24.426625 97 565845 142179 24981 214 0 0 0 0 0 0 553 156729 9887
24.433375 -0.194824 -0.106966 6.00076 31015 0.5000007 143141 52617 4 2 297996.75 9.3867431 22.1003 24.433375 92 563681 140840 24760 215 0 0 0 0 0 0 553 156644 9996
24.44 -0.194824 -0.106273 6.00077 31015 0.5000007 143069 52664 5 2 299845.07 9.3867431 22.1003 24.44 91 561019 138698 24582 216 0 0 0 0 0 0 553 156572 10058
24.446625 -0.194824 -0.105579 6.00078 31016 0.5000007 143100 52628 5 2 293107.65 9.3867431 22.1003 24.446625 80 560849 138158 24494 217 0 0 0 0 0 0 553 156602 9832
24.453375 -0.194824 -0.104872 6.0008 31017 0.5000007 143077 52635 4 2 295671.45 9.3867431 22.1003 24.453375 69 558228 136611 24212 218 0 0 0 0 0 0 553 156587 9918
24.46 -0.194824 -0.104178 6.00081 31018 0.5000007 143111 52645 5 2 290931.4 9.3867431 22.1003 24.46 77 558516 135564 24102 219 0 0 0 0 0 0 553 156622 9759
24.466625 -0.194824 -0.103484 6.00082 31019 0.5000007 143019 52533 5 2 282047.55 9.3867431 22.1003 24.466625 88 554428 133945 23684 220 0 0 0 0 0 0 553 156519 9461
24.473375 -0.194824 -0.102777 6.00083 31020 0.5000007 142957 52492 5 2 288427.23 9.3867431 22.1003 24.473375 64 553806 133088 23667 221 0 0 0 0 0 0 553 156462 9675
24.48 -0.194824 -0.102083 6.00084 31021 0.5000007 142981 52538 5 2 289261.95 9.3867431 22.1003 24.48 68 553837 132865 23715 222 0 0 0 0 0 0 553 156470 9703
24.486625 -0.194824 -0.101389 6.00086 31022 0.5000007 142909 52463 4 2 285475.88 9.3867431 22.1003 24.486625 78 551633 131027 23524 223 0 0 0 0 0 0 553 156426 9576
24.493375 -0.194824 -0.100682 6.00087 31023 0.5000007 142960 52512 5 2 282852.46 9.3867431 22.1003 24.493375 76 551156 130772 23142 224 0 0 0 0 0 0 553 156472 9488
24.5 -0.194824 -0.0999886 6.00088 31024 0.5000007 142892 52468 4 2 287592.51 9.3867431 22.1003 24.5 64 550295 130125 23331 225 0 0 0 0 0 0 553 156402 9647
24.506625 -0.194824 -0.0992947 6.00089 31025 0.5000007 142880 52486 4 2 280676.21 9.3867431 22.1003 24.506625 81 549364 129596 23186 226 0 0 0 0 0 0 553 156392 9415
24.513375 -0.194824 -0.0985877 6.0009 31026 0.5000007 142806 52394 4 2 281123.39 9.3867431 22.1003 24.513375 67 547238 128556 22968 227 0 0 0 0 0 0 553 156308 9430
24.52 -0.194824 -0.0978938 6.00091 31027 0.5000007 142705 52309 3 2 280974.33 9.3867431 22.1003 24.52 66 546134 127978 22921 228 0 0 0 0 0 0 553 156213 9425
24.526625 -0.194824 -0.0972 6.00092 31028 0.5000007 142839 52405 4 2 280974.33 9.3867431 22.1003 24.526625 77 545317 127153 22972 229 0 0 0 0 0 0 553 156342 9425
24.533375 -0.194824 -0.096493 6.00094 31029 0.5000007 142720 52357 4 2 273849.36 9.3867431 22.1003 24.533375 77 544604 126348 22651 230 0 0 0 0 0 0 553 156240 9186
24.54 -0.194824 -0.0957991 6.00095 31030 0.5000007 142741 52379 4 2 280318.47 9.3867431 22.1003 24.54 73 542698 126038 23017 231 0 0 0 0 0 0 553 156270 9403
24.546625 -0.194824 -0.0951052 6.00096 31031 0.5000007 142685 52288 5 2 272567.46 9.3867431 22.1003 24.546625 94 542393 125065 22323 232 0 0 0 0 0 0 553 156180 9143
24.553375 -0.194824 -0.0943983 6.00097 31032 0.5000007 142669 52331 4 2 275876.55 9.3867431 22.1003 24.553375 94 540157 124596 22254 233 0 0 0 0 0 0 553 156182 9254
24.56 -0.194824 -0.0937044 6.00098 31033 0.5000007 142630 52283 4 2 272984.82 9.3867431 22.1003 24.56 74 540536 124167 22264 234 0 0 0 0 0 0 553 156137 9157
24.566625 -0.194824 -0.0930105 6.00099 31034 0.5000007 142630 52243 4 2 271792.36 9.3867431 22.1003 24.566625 80 539886 123723 22201 235 0 0 0 0 0 0 553 156140 9117
24.573375 -0.194824 -0.0923035 6.001 31035 0.5000007 142625 52275 4 2 272269.34 9.3867431 22.1003 24.573375 79 538403 122917 22235 236 0 0 0 0 0 0 553 156144 9133
24.58 -0.194824 -0.0916097 6.00101 31036 0.5000007 142645 52264 3 2 269765.17 9.3867431 22.1003 24.58 77 537966 122478 22127 237 0 0 0 0 0 0 553 156178 9049
24.586625 -0.194824 -0.0909158 6.00102 31037 0.5000007 142554 52205 4 2 266038.72 9.3867431 22.1003 24.586625 70 537208 122460 22064 238 0 0 0 0 0 0 553 156079 8924
24.593375 -0.194824 -0.0902088 6.00103 31038 0.5000007 142532 52184 5 2 269467.05 9.3867431 22.1003 24.593375 81 538131 122208 22033 239 0 0 0 0 0 0 553 156042 9039
24.6 -0.194824 -0.0895149 6.00104 31039 0.5000007 142468 52173 4 2 267380.24 9.3867431 22.1003 24.6 69 534935 121330 21885 240 0 0 0 0 0 0 553 155993 8969
24.606625 -0.194824 -0.088821 6.00105 31040 0.5000007 142481 52166 4 2 267201.37 9.3867431 22.1003 24.606625 76 534637 121178 21791 241 0 0 0 0 0 0 553 155999 8963
24.613375 -0.194824 -0.088114 6.00107 31041 0.5000007 142489 52177 4 2 270987.44 9.3867431 22.1003 24.613375 73 535248 120928 21730 242 0 0 0 0 0 0 553 156022 9090
24.62 -0.194824 -0.0874201 6.00108 31042 0.5000007 142485 52127 4 2 263325.86 9.3867431 22.1003 24.62 84 533869 120377 21418 243 0 0 0 0 0 0 553 155997 8833
24.626625 -0.194824 -0.0867262 6.00109 31043 0.5000007 142563 52220 5 2 264399.08 9.3867431 22.1003 24.626625 69 533630 119931 21676 244 0 0 0 0 0 0 553 156080 8869
24.633375 -0.194824 -0.0860193 6.0011 31044 0.5000007 142403 52147 4 2 267618.73 9.3867431 22.1003 24.633375 69 533665 119649 21649 245 0 0 0 0 0 0 553 155947 8977
24.64 -0.194824 -0.0853254 6.00111 31045 0.5000007 142475 52113 5 2 267916.85 9.3867431 22.1003 24.64 68 532937 119729 21695 246 0 0 0 0 0 0 553 156017 8987
24.646625 -0.194824 -0.0846315 6.00112 31046 0.5000007 142462 52127 5 2 264458.7 9.3867431 22.1003 24.646625 61 531664 119451 21502 247 0 0 0 0 0 0 553 155986 8871
24.653375 -0.194824 -0.0839245 6.00113 31047 0.5000007 142425 52123 5 2 266068.53 9.3867431 22.1003 24.653375 63 531308 119368 21495 248 0 0 0 0 0 0 553 155947 8925
24.66 -0.194824 -0.0832306 6.00113 31048 0.5000007 142446 52158 4 2 268542.89 9.3867431 22.1003 24.66 62 529969 118728 21553 249 0 0 0 0 0 0 553 155956 9008
24.666625 -0.194824 -0.0825367 6.00114 31049 0.5000007 142494 52160 4 2 265233.81 9.3867431 22.1003 24.666625 68 531076 118951 21547 250 0 0 0 0 0 0 553 156008 8897
24.673375 -0.194824 -0.0818297 6.00115 31050 0.5000007 142507 52196 4 2 261537.17 9.3867431 22.1003 24.673375 85 529533 118004 21388 251 0 0 0 0 0 0 553 156024 8773
24.68 -0.194824 -0.0811358 6.00116 31051 0.5000007 142410 52114 4 2 263385.49 9.3867431 22.1003 24.68 71 529552 118036 21386 252 0 0 0 0 0 0 553 155937 8835
24.686625 -0.194824 -0.0804419 6.00117 31052 0.5000007 142496 52156 4 2 260672.63 9.3867431 22.1003 24.686625 75 531650 118832 21331 253 0 0 0 0 0 0 553 156024 8744
24.693375 -0.194824 -0.0797349 6.00118 31053 0.5000007 142346 52101 4 2 257691.47 9.3867431 22.1003 24.693375 74 528498 117451 21199 254 0 0 0 0 0 0 553 155846 8644
24.7 -0.194824 -0.079041 6.00119 31054 0.5000007 142526 52194 4 2 265621.36 9.3867431 22.1003 24.7 72 527759 117563 21276 255 0 0 0 0 0 0 553 156047 8910
24.706625 -0.194824 -0.0783471 6.0012 31055 0.5000007 142504 52209 4 2 260255.27 9.3867431 22.1003 24.706625 74 527662 117287 21118 256 0 0 0 0 0 0 553 156033 8730
24.713375 -0.194824 -0.0776401 6.00121 31056 0.5000007 142486 52193 5 2 262103.59 9.3867431 22.1003 24.713375 88 526964 117173 21218 257 0 0 0 0 0 0 553 155997 8792
24.72 -0.194824 -0.0769462 6.00122 31057 0.5000007 142584 52229 5 2 257602.04 9.3867431 22.1003 24.72 78 527982 117403 21030 258 0 0 0 0 0 0 553 156089 8641
24.726625 -0.194824 -0.0762522 6.00123 31058 0.5000007 142477 52188 4 2 256409.57 9.3867431 22.1003 24.726625 86 527309 116915 20901 259 0 0 0 0 0 0 553 155984 8601
24.733375 -0.194824 -0.0755452 6.00124 31059 0.5000007 142627 52294 4 2 256946.18 9.3867431 22.1003 24.733375 66 527619 116825 21037 260 0 0 0 0 0 0 553 156143 8619
24.74 -0.194824 -0.0748513 6.00125 31060 0.5000007 142534 52251 3 2 262640.2 9.3867431 22.1003 24.74 75 526238 116538 21196 261 0 0 0 0 0 0 553 156064 8810
24.746625 -0.194824 -0.0741574 6.00125 31061 0.5000007 142642 52284 5 2 259241.67 9.3867431 22.1003 24.746625 85 526838 116607 21101 262 0 0 0 0 0 0 553 156160 8696
24.753375 -0.194824 -0.0734504 6.00126 31062 0.5000007 142668 52370 5 2 256588.44 9.3867431 22.1003 24.753375 75 525263 116079 20836 263 0 0 0 0 0 0 553 156172 8607
24.76 -0.194824 -0.0727565 6.00127 31063 0.5000007 142594 52321 4 2 257512.6 9.3867431 22.1003 24.76 75 524596 115872 20946 264 0 0 0 0 0 0 553 156119 8638
24.766625 -0.194824 -0.0720626 6.00128 31064 0.5000007 142693 52390 5 2 256379.76 9.3867431 22.1003 24.766625 76 525706 115870 20927 265 0 0 0 0 0 0 553 156194 8600
24.773375 -0.194824 -0.0713556 6.00129 31064 0.5000007 142655 52343 4 2 256946.18 9.3867431 22.1003 24.773375 66 524328 116139 21007 266 0 0 0 0 0 0 553 156153 8619
24.78 -0.194824 -0.0706617 6.0013 31065 0.5000007 142676 52325 5 2 259659.04 9.3867431 22.1003 24.78 68 525571 115795 21024 267 0 0 0 0 0 0 553 156179 8710
24.786625 -0.194824 -0.0699677 6.0013 31066 0.5000007 142649 52355 5 2 253488.03 9.3867431 22.1003 24.786625 72 522471 115124 20630 268 0 0 0 0 0 0 553 156133 8503
24.793375 -0.194824 -0.0692607 6.00131 31067 0.5000007 142764 52432 4 2 257452.98 9.3867431 22.1003 24.793375 86 523980 115663 21107 269 0 0 0 0 0 0 553 156269 8636
24.8 -0.194824 -0.0685668 6.00132 31068 0.5000007 142743 52451 5 2 254889.18 9.3867431 22.1003 24.8 72 524076 115126 20857 270 0 0 0 0 0 0 553 156254 8550
24.806625 -0.194824 -0.0678729 6.00133 31069 0.5000007 142802 52475 4 2 257602.04 9.3867431 22.1003 24.806625 76 524734 115568 20849 271 0 0 0 0 0 0 553 156302 8641
24.813375 -0.194824 -0.0671659 6.00134 31070 0.5000007 142775 52480 4 2 256409.57 9.3867431 22.1003 24.813375 68 523333 115296 20793 272 0 0 0 0 0 0 553 156276 8601
24.82 -0.194824 -0.0664719 6.00134 31071 0.5000007 142929 52568 4 2 251162.73 9.3867431 22.1003 24.82 69 524143 115534 20545 273 0 0 0 0 0 0 553 156442 8425
24.826625 -0.194824 -0.065778 6.00135 31072 0.5000007 142870 52570 5 2 255187.3 9.3867431 22.1003 24.826625 87 522510 114932 20465 274 0 0 0 0 0 0 553 156376 8560
24.833375 -0.194824 -0.065071 6.00136 31073 0.5000007 142861 52564 5 2 254918.99 9.3867431 22.1003 24.833375 73 522911 114662 20817 275 0 0 0 0 0 0 553 156349 8551
24.84 -0.194824 -0.0643771 6.00137 31074 0.5000007 142977 52646 4 2 259360.92 9.3867431 22.1003 24.84 70 521955 114844 20880 276 0 0 0 0 0 0 553 156478 8700
24.846625 -0.194824 -0.0636831 6.00137 31075 0.5000007 142997 52649 4 2 252653.31 9.3867431 22.1003 24.846625 78 522052 114503 20648 277 0 0 0 0 0 0 553 156506 8475
24.853375 -0.194824 -0.0629761 6.00138 31076 0.5000007 143086 52708 4 2 253786.15 9.3867431 22.1003 24.853375 77 522224 114041 20600 278 0 0 0 0 0 0 553 156574 8513
24.86 -0.194824 -0.0622822 6.00139 31077 0.5000007 143013 52716 4 2 254620.88 9.3867431 22.1003 24.86 72 521741 114344 20655 279 0 0 0 0 0 0 553 156508 8541
24.866625 -0.194824 -0.0615883 6.0014 31078 0.5000007 143071 52721 4 2 255425.79 9.3867431 22.1003 24.866625 77 521380 113943 20700 280 0 0 0 0 0 0 553 156566 8568
24.873375 -0.194824 -0.0608812 6.0014 31079 0.5000007 143104 52785 4 2 250387.63 9.3867431 22.1003 24.873375 84 520866 114197 20507 281 0 0 0 0 0 0 553 156605 8399
24.88 -0.194824 -0.0601873 6.00141 31080 0.5000007 143130 52771 5 2 249761.58 9.3867431 22.1003 24.88 84 522173 113970 20423 282 0 0 0 0 0 0 553 156628 8378
24.886625 -0.194824 -0.0594934 6.00142 31081 0.5000007 143195 52819 3 2 253368.79 9.3867431 22.1003 24.886625 72 520739 114416 20495 283 0 0 0 0 0 0 553 156680 8499
24.893375 -0.194824 -0.0587864 6.00142 31082 0.5000007 143096 52781 5 2 250387.63 9.3867431 22.1003 24.893375 87 521025 113848 20318 284 0 0 0 0 0 0 553 156579 8399
24.9 -0.194824 -0.0580924 6.00143 31083 0.5000007 143212 52827 5 2 250119.32 9.3867431 22.1003 24.9 75 521916 114503 20420 285 0 0 0 0 0 0 553 156695 8390
24.906625 -0.194824 -0.0573985 6.00144 31084 0.5000007 143250 52877 5 2 251192.54 9.3867431 22.1003 24.906625 69 520879 113883 20292 286 0 0 0 0 0 0 553 156738 8426
24.913375 -0.194824 -0.0566915 6.00144 31085 0.5000007 143182 52841 3 2 251788.77 9.3867431 22.1003 24.913375 83 520213 113612 20582 287 0 0 0 0 0 0 553 156677 8446
24.92 -0.194824 -0.0559975 6.00145 31086 0.5000007 143345 52981 4 2 251252.16 9.3867431 22.1003 24.92 72 521010 114224 20412 288 0 0 0 0 0 0 553 156838 8428
24.926625 -0.194824 -0.0553036 6.00146 31087 0.5000007 143256 52941 4 2 254948.8 9.3867431 22.1003 24.926625 78 520829 113959 20610 289 0 0 0 0 0 0 553 156745 8552
24.933375 -0.194824 -0.0545966 6.00146 31088 0.5000007 143337 52995 4 2 248509.5 9.3867431 22.1003 24.933375 65 521130 113990 20604 290 0 0 0 0 0 0 553 156822 8336
24.94 -0.194824 -0.0539026 6.00147 31089 0.5000007 143359 53016 4 2 250029.89 9.3867431 22.1003 24.94 74 519293 113876 20443 291 0 0 0 0 0 0 553 156830 8387
24.946625 -0.194824 -0.0532087 6.00148 31090 0.5000007 143380 52994 5 2 246959.29 9.3867431 22.1003 24.946625 84 520395 113267 20238 292 0 0 0 0 0 0 553 156849 8284
24.953375 -0.194824 -0.0525016 6.00148 31091 0.5000007 143388 53019 4 2 252921.61 9.3867431 22.1003 24.953375 83 519718 113711 20361 293 0 0 0 0 0 0 553 156864 8484
24.96 -0.194824 -0.0518077 6.00149 31092 0.5000007 143352 53024 4 2 253577.47 9.3867431 22.1003 24.96 77 519901 114037 20448 294 0 0 0 0 0 0 553 156819 8506
24.966625 -0.194824 -0.0511138 6.00149 31093 0.5000007 143462 53060 4 2 252563.88 9.3867431 22.1003 24.966625 81 519842 113766 20419 295 0 0 0 0 0 0 553 156955 8472
24.973375 -0.194824 -0.0504067 6.0015 31094 0.5000007 143501 53106 4 2 244604.18 9.3867431 22.1003 24.973375 69 519875 113415 20164 296 0 0 0 0 0 0 553 156982 8205
24.98 -0.194824 -0.0497128 6.00151 31095 0.5000007 143413 53075 4 2 251788.77 9.3867431 22.1003 24.98 68 519488 113544 20410 297 0 0 0 0 0 0 553 156879 8446
24.986625 -0.194824 -0.0490188 6.00151 31096 0.5000007 143456 53148 4 2 252027.27 9.3867431 22.1003 24.986625 73 521762 113895 20464 298 0 0 0 0 0 0 553 156923 8454
24.993375 -0.194824 -0.0483118 6.00152 31097 0.5000007 143372 53057 4 2 250894.43 9.3867431 22.1003 24.993375 75 518804 113084 20296 299 0 0 0 0 0 0 553 156849 8416
25 -0.194824 -0.0476179 6.00152 31098 0.5000007 143358 53069 4 2 254322.76 9.3867431 22.1003 25 78 518438 113411 20472 300 0 0 0 0 0 0 553 156828 8531