Eta  H  K  L  Epoch  Sec  ion1  Hubmon  scan_bar  Filters  Correct  Qmag  Energy  Graze  p_peak  p_total  p_del_s  p_nu_s  p_image  p_xcen  p_xsig  p_ycen  p_ysig  power  tempsp  gun_on  ion0  p_point
23.1 0.194824 -0.246573 5.99664 42136 1.0000007 281861 103013 7 2 495289.92 9.3867431 22.1003 23.1 98 1029572 224283 40271 0 0 0 0 0 0 0 553 309877 16614
23.106625 0.194824 -0.24588 5.99667 42137 1.0000007 281781 102976 5 2 492666.5 9.3867431 22.1003 23.106625 89 1027992 223635 40291 1 0 0 0 0 0 0 553 309792 16526
23.113375 0.194824 -0.245173 5.9967 42138 1.0000007 281820 102964 5 2 498897.13 9.3867431 22.1003 23.113375 86 1029152 224696 40609 2 0 0 0 0 0 0 553 309851 16735
23.12 0.194824 -0.24448 5.99673 42140 1.0000007 281766 102937 7 2 500357.89 9.3867431 22.1003 23.12 92 1029400 223817 40421 3 0 0 0 0 0 0 553 309783 16784
23.126625 0.194824 -0.243787 5.99676 42141 1.0000007 281841 102974 7 2 491951.02 9.3867431 22.1003 23.126625 92 1030683 224928 40312 4 0 0 0 0 0 0 553 309872 16502
23.133375 0.194824 -0.24308 5.99679 42143 1.0000007 281921 103087 7 2 493739.72 9.3867431 22.1003 23.133375 97 1029658 224068 40281 5 0 0 0 0 0 0 553 309952 16562
23.14 0.194824 -0.242387 5.99682 42144 1.0000007 281762 102977 5 2 495498.6 9.3867431 22.1003 23.14 92 1030033 224659 40051 6 0 0 0 0 0 0 553 309782 16621
23.146625 0.194824 -0.241693 5.99684 42146 1.0000007 281748 102932 5 2 501520.55 9.3867431 22.1003 23.146625 90 1031041 225269 40725 7 0 0 0 0 0 0 553 309777 16823
23.153375 0.194824 -0.240987 5.99687 42147 1.0000007 281824 102986 7 2 496243.89 9.3867431 22.1003 23.153375 92 1031749 225344 40634 8 0 0 0 0 0 0 553 309844 16646
23.16 0.194824 -0.240293 5.9969 42149 1.0000007 281881 103004 7 2 496899.75 9.3867431 22.1003 23.16 92 1030324 224762 40599 9 0 0 0 0 0 0 553 309929 16668
23.166625 0.194824 -0.2396 5.99693 42150 1.0000007 281974 103100 7 2 499403.92 9.3867431 22.1003 23.166625 93 1030175 224304 40221 10 0 0 0 0 0 0 553 309999 16752
23.173375 0.194824 -0.238894 5.99696 42152 1.0000007 281917 103024 7 2 492070.27 9.3867431 22.1003 23.173375 87 1031533 224279 40222 11 0 0 0 0 0 0 553 309975 16506
23.18 0.194824 -0.2382 5.99698 42153 1.0000007 281861 103037 7 2 499672.23 9.3867431 22.1003 23.18 91 1031492 224923 40709 12 0 0 0 0 0 0 553 309896 16761
23.186625 0.194824 -0.237507 5.99701 42155 1.0000007 281906 103082 5 2 500983.94 9.3867431 22.1003 23.186625 87 1031681 224929 40562 13 0 0 0 0 0 0 553 309959 16805
23.193375 0.194824 -0.2368 5.99704 42156 1.0000007 283184 103545 7 2 498241.27 9.3867431 22.1003 23.193375 99 1037290 225613 40391 14 0 0 0 0 0 0 553 311215 16713
23.2 0.194824 -0.236107 5.99707 42158 1.0000007 283220 103604 5 2 505902.85 9.3867431 22.1003 23.2 94 1039269 226653 40880 15 0 0 0 0 0 0 553 311270 16970
23.206625 0.194824 -0.235413 5.99709 42159 1.0000007 283290 103644 7 2 506320.21 9.3867431 22.1003 23.206625 89 1039784 226925 41064 16 0 0 0 0 0 0 553 311337 16984
23.213375 0.194824 -0.234707 5.99712 42160 1.0000007 283201 103629 6 2 498748.07 9.3867431 22.1003 23.213375 93 1039736 226674 40851 17 0 0 0 0 0 0 553 311245 16730
23.22 0.194824 -0.234013 5.99715 42162 1.0000007 283269 103622 7 2 504740.2 9.3867431 22.1003 23.22 95 1040130 226297 40863 18 0 0 0 0 0 0 553 311335 16931
23.226625 0.194824 -0.23332 5.99718 42163 1.0000007 283306 103663 5 2 499493.36 9.3867431 22.1003 23.226625 88 1040293 226882 40848 19 0 0 0 0 0 0 553 311350 16755
23.233375 0.194824 -0.232613 5.9972 42165 1.0000007 283168 103575 6 2 506528.9 9.3867431 22.1003 23.233375 96 1040735 228042 40875 20 0 0 0 0 0 0 553 311206 16991
23.24 0.194824 -0.23192 5.99723 42166 1.0000007 283178 103576 6 2 497346.92 9.3867431 22.1003 23.24 95 1037985 226865 40787 21 0 0 0 0 0 0 553 311212 16683
23.246625 0.194824 -0.231227 5.99726 42168 1.0000007 282983 103457 7 2 505932.66 9.3867431 22.1003 23.246625 94 1039511 227104 40972 22 0 0 0 0 0 0 553 311020 16971
23.253375 0.194824 -0.23052 5.99728 42169 1.0000007 283247 103641 5 2 509420.62 9.3867431 22.1003 23.253375 96 1040605 227411 41184 23 0 0 0 0 0 0 553 311284 17088
23.26 0.194824 -0.229827 5.99731 42171 1.0000007 283064 103522 5 2 507989.66 9.3867431 22.1003 23.26 93 1041268 227896 41118 24 0 0 0 0 0 0 553 311119 17040
23.266625 0.194824 -0.229133 5.99734 42172 1.0000007 283034 103478 6 2 503607.36 9.3867431 22.1003 23.266625 90 1039964 227093 40746 25 0 0 0 0 0 0 553 311067 16893
23.273375 0.194824 -0.228427 5.99736 42174 1.0000007 283169 103591 5 2 505127.75 9.3867431 22.1003 23.273375 92 1042345 227618 40818 26 0 0 0 0 0 0 553 311211 16944
23.28 0.194824 -0.227733 5.99739 42175 1.0000007 283194 103617 5 2 500805.07 9.3867431 22.1003 23.28 90 1042653 227603 40821 27 0 0 0 0 0 0 553 311255 16799
23.286625 0.194824 -0.22704 5.99742 42177 1.0000007 283005 103490 6 2 503100.56 9.3867431 22.1003 23.286625 92 1041829 226974 40900 28 0 0 0 0 0 0 553 311033 16876
23.293375 0.194824 -0.226333 5.99744 42178 1.0000007 283138 103582 5 2 501848.47 9.3867431 22.1003 23.293375 86 1041116 227236 41011 29 0 0 0 0 0 0 553 311198 16834
23.3 0.194824 -0.22564 5.99747 42180 1.0000007 282954 103460 6 2 502713.01 9.3867431 22.1003 23.3 89 1041928 227072 40911 30 0 0 0 0 0 0 553 310986 16863
23.306625 0.194824 -0.224946 5.9975 42181 1.0000007 282886 103412 5 2 490937.43 9.3867431 22.1003 23.306625 88 1042932 227522 40562 31 0 0 0 0 0 0 553 310937 16468
23.313375 0.194824 -0.22424 5.99752 42182 1.0000007 282982 103429 5 2 502921.69 9.3867431 22.1003 23.313375 84 1043186 228014 40929 32 0 0 0 0 0 0 553 311036 16870
23.32 0.194824 -0.223546 5.99755 42184 1.0000007 282998 103455 5 2 504471.9 9.3867431 22.1003 23.32 87 1042795 228201 41159 33 0 0 0 0 0 0 553 311055 16922
23.326625 0.194824 -0.222853 5.99757 42185 1.0000007 282906 103468 6 2 505873.04 9.3867431 22.1003 23.326625 89 1043846 228045 40972 34 0 0 0 0 0 0 553 310939 16969
23.333375 0.194824 -0.222146 5.9976 42187 1.0000007 282918 103450 6 2 501759.04 9.3867431 22.1003 23.333375 97 1042870 227159 40855 35 0 0 0 0 0 0 553 310970 16831
23.34 0.194824 -0.221452 5.99763 42188 1.0000007 282961 103453 6 2 509361 9.3867431 22.1003 23.34 88 1046500 228644 41421 36 0 0 0 0 0 0 553 311035 17086
23.346625 0.194824 -0.220759 5.99765 42190 1.0000007 282961 103440 5 2 501490.74 9.3867431 22.1003 23.346625 85 1046258 227969 40827 37 0 0 0 0 0 0 553 311017 16822
23.353375 0.194824 -0.220052 5.99768 42191 1.0000007 282920 103409 5 2 504442.08 9.3867431 22.1003 23.353375 89 1046362 228813 41281 38 0 0 0 0 0 0 553 310996 16921
23.36 0.194824 -0.219359 5.9977 42193 1.0000007 282901 103464 5 2 503905.47 9.3867431 22.1003 23.36 107 1044442 228014 41029 39 0 0 0 0 0 0 553 310949 16903
23.366625 0.194824 -0.218665 5.99773 42194 1.0000007 282970 103521 7 2 512371.97 9.3867431 22.1003 23.366625 87 1046801 229464 41548 40 0 0 0 0 0 0 553 311033 17187
23.373375 0.194824 -0.217959 5.99775 42196 1.0000007 282968 103465 5 2 508198.35 9.3867431 22.1003 23.373375 96 1047273 229049 41282 41 0 0 0 0 0 0 553 311041 17047
23.38 0.194824 -0.217265 5.99778 42197 1.0000007 282928 103465 5 2 501788.85 9.3867431 22.1003 23.38 87 1047836 228255 40995 42 0 0 0 0 0 0 553 310984 16832
23.386625 0.194824 -0.216572 5.9978 42199 1.0000007 282942 103451 5 2 502534.14 9.3867431 22.1003 23.386625 90 1047666 228824 41062 43 0 0 0 0 0 0 553 311001 16857
23.393375 0.194824 -0.215865 5.99783 42200 1.0000007 282903 103463 5 2 510821.77 9.3867431 22.1003 23.393375 102 1047516 229029 41291 44 0 0 0 0 0 0 553 310978 17135
23.4 0.194824 -0.215172 5.99785 42202 1.0000007 282889 103472 5 2 505873.04 9.3867431 22.1003 23.4 89 1049528 229697 41354 45 0 0 0 0 0 0 553 310958 16969
23.406625 0.194824 -0.214478 5.99788 42203 1.0000007 282971 103469 6 2 509450.43 9.3867431 22.1003 23.406625 89 1049357 229190 41467 46 0 0 0 0 0 0 553 311045 17089
23.413375 0.194824 -0.213772 5.9979 42205 1.0000007 283012 103441 5 2 506051.91 9.3867431 22.1003 23.413375 97 1050487 229354 41413 47 0 0 0 0 0 0 553 311093 16975
23.42 0.194824 -0.213078 5.99793 42206 1.0000007 283020 103454 6 2 510165.91 9.3867431 22.1003 23.42 89 1052133 230511 41420 48 0 0 0 0 0 0 553 311093 17113
23.426625 0.194824 -0.212384 5.99795 42208 1.0000007 282837 103391 6 2 512610.46 9.3867431 22.1003 23.426625 91 1052139 230365 41643 49 0 0 0 0 0 0 553 310881 17195
23.433375 0.194824 -0.211678 5.99798 42209 1.0000007 283046 103572 5 2 508198.35 9.3867431 22.1003 23.433375 89 1052195 230148 41488 50 0 0 0 0 0 0 553 311107 17047
23.44 0.194824 -0.210984 5.998 42211 1.0000007 282947 103469 7 2 506767.39 9.3867431 22.1003 23.44 88 1051126 230033 41643 51 0 0 0 0 0 0 553 311025 16999
23.446625 0.194824 -0.210291 5.99803 42212 1.0000007 282811 103435 6 2 508884.01 9.3867431 22.1003 23.446625 95 1051957 231298 41542 52 0 0 0 0 0 0 553 310885 17070
23.453375 0.194824 -0.209584 5.99805 42214 1.0000007 282876 103412 5 2 510016.85 9.3867431 22.1003 23.453375 92 1053064 230205 41459 53 0 0 0 0 0 0 553 310942 17108
23.46 0.194824 -0.208891 5.99808 42215 1.0000007 282947 103474 5 2 512252.72 9.3867431 22.1003 23.46 91 1054836 230655 41677 54 0 0 0 0 0 0 553 311007 17183
23.466625 0.194824 -0.208197 5.9981 42217 1.0000007 282922 103498 6 2 518393.91 9.3867431 22.1003 23.466625 87 1054538 230879 41961 55 0 0 0 0 0 0 553 311000 17389
23.473375 0.194824 -0.20749 5.99812 42218 1.0000007 282956 103521 6 2 521464.51 9.3867431 22.1003 23.473375 90 1055870 231028 41973 56 0 0 0 0 0 0 553 311051 17492
23.48 0.194824 -0.206797 5.99815 42220 1.0000007 282911 103432 6 2 512699.9 9.3867431 22.1003 23.48 96 1054753 231284 41756 57 0 0 0 0 0 0 553 311002 17198
23.486625 0.194824 -0.206103 5.99817 42221 1.0000007 282901 103504 5 2 520868.28 9.3867431 22.1003 23.486625 84 1057539 232584 42160 58 0 0 0 0 0 0 553 310986 17472
23.493375 0.194824 -0.205397 5.9982 42223 1.0000007 282977 103588 7 2 516008.98 9.3867431 22.1003 23.493375 89 1058088 232283 41769 59 0 0 0 0 0 0 553 311053 17309
23.5 0.194824 -0.204703 5.99822 42224 1.0000007 282926 103473 5 2 515412.75 9.3867431 22.1003 23.5 90 1057699 232496 41559 60 0 0 0 0 0 0 553 311002 17289
23.506625 0.194824 -0.20401 5.99824 42226 1.0000007 283015 103529 5 2 518900.71 9.3867431 22.1003 23.506625 94 1056793 232305 42085 61 0 0 0 0 0 0 553 311116 17406
23.513375 0.194824 -0.203303 5.99827 42227 1.0000007 282989 103582 5 2 515382.94 9.3867431 22.1003 23.513375 89 1057124 233004 42178 62 0 0 0 0 0 0 553 311084 17288
23.52 0.194824 -0.202609 5.99829 42229 1.0000007 282942 103547 6 2 513027.82 9.3867431 22.1003 23.52 89 1057188 232657 41838 63 0 0 0 0 0 0 553 311037 17209
23.526625 0.194824 -0.201916 5.99831 42231 1.0000007 283019 103559 5 2 514428.97 9.3867431 22.1003 23.526625 96 1061574 233806 42043 64 0 0 0 0 0 0 553 311104 17256
23.533375 0.194824 -0.201209 5.99834 42232 1.0000007 283157 103648 6 2 519735.43 9.3867431 22.1003 23.533375 95 1063091 233527 42244 65 0 0 0 0 0 0 553 311254 17434
23.54 0.194824 -0.200516 5.99836 42233 1.0000007 283195 103799 4 2 519586.38 9.3867431 22.1003 23.54 91 1064841 234332 42345 66 0 0 0 0 0 0 553 311283 17429
23.546625 0.194824 -0.199822 5.99838 42235 1.0000007 283062 103616 5 2 517231.26 9.3867431 22.1003 23.546625 92 1063983 233939 42048 67 0 0 0 0 0 0 553 311161 17350
23.553375 0.194824 -0.199115 5.99841 42237 1.0000007 283134 103679 5 2 523133.96 9.3867431 22.1003 23.553375 90 1066515 234569 42513 68 0 0 0 0 0 0 553 311216 17548
23.56 0.194824 -0.198422 5.99843 42238 1.0000007 283165 103700 5 2 524475.48 9.3867431 22.1003 23.56 94 1066163 235651 42585 69 0 0 0 0 0 0 553 311265 17593
23.566625 0.194824 -0.197728 5.99845 42240 1.0000007 283170 103738 5 2 527277.77 9.3867431 22.1003 23.566625 97 1067571 235849 42587 70 0 0 0 0 0 0 553 311253 17687
23.573375 0.194824 -0.197021 5.99848 42241 1.0000007 283161 103765 6 2 524594.73 9.3867431 22.1003 23.573375 93 1069465 236527 42690 71 0 0 0 0 0 0 553 311235 17597
23.58 0.194824 -0.196328 5.9985 42243 1.0000007 283255 103820 6 2 525041.9 9.3867431 22.1003 23.58 93 1070645 236463 42838 72 0 0 0 0 0 0 553 311361 17612
23.586625 0.194824 -0.195634 5.99852 42244 1.0000007 283422 103967 4 2 530229.12 9.3867431 22.1003 23.586625 90 1071702 237233 43189 73 0 0 0 0 0 0 553 311523 17786
23.593375 0.194824 -0.194928 5.99855 42245 1.0000007 283454 103927 5 2 521464.51 9.3867431 22.1003 23.593375 88 1072705 237601 42847 74 0 0 0 0 0 0 553 311551 17492
23.6 0.194824 -0.194234 5.99857 42247 1.0000007 283390 103933 6 2 532852.54 9.3867431 22.1003 23.6 89 1073738 237960 43174 75 0 0 0 0 0 0 553 311474 17874
23.606625 0.194824 -0.19354 5.99859 42248 1.0000007 283546 104030 5 2 532822.73 9.3867431 22.1003 23.606625 91 1077686 238996 43198 76 0 0 0 0 0 0 553 311648 17873
23.613375 0.194824 -0.192834 5.99861 42250 1.0000007 283667 104098 4 2 536042.38 9.3867431 22.1003 23.613375 89 1076463 240188 43730 77 0 0 0 0 0 0 553 311760 17981
23.62 0.194824 -0.19214 5.99864 42251 1.0000007 283715 104169 5 2 535982.76 9.3867431 22.1003 23.62 90 1079326 239675 43549 78 0 0 0 0 0 0 553 311794 17979
23.626625 0.194824 -0.191446 5.99866 42253 1.0000007 283666 104128 6 2 537294.47 9.3867431 22.1003 23.626625 89 1080515 240300 43620 79 0 0 0 0 0 0 553 311756 18023
23.633375 0.194824 -0.19074 5.99868 42254 1.0000007 283766 104215 6 2 535982.76 9.3867431 22.1003 23.633375 89 1082323 240601 43678 80 0 0 0 0 0 0 553 311853 17979
23.64 0.194824 -0.190046 5.9987 42256 1.0000007 283924 104292 5 2 545641.71 9.3867431 22.1003 23.64 91 1083068 242147 44137 81 0 0 0 0 0 0 553 311991 18303
23.646625 0.194824 -0.189352 5.99872 42257 1.0000007 283827 104255 6 2 547698.72 9.3867431 22.1003 23.646625 87 1084478 241671 44123 82 0 0 0 0 0 0 553 311895 18372
23.653375 0.194824 -0.188646 5.99875 42259 1.0000007 283871 104283 5 2 547430.41 9.3867431 22.1003 23.653375 91 1084991 242886 44292 83 0 0 0 0 0 0 553 311968 18363
23.66 0.194824 -0.187952 5.99877 42260 1.0000007 283822 104305 6 2 549547.03 9.3867431 22.1003 23.66 91 1087161 242889 44381 84 0 0 0 0 0 0 553 311883 18434
23.666625 0.194824 -0.187259 5.99879 42262 1.0000007 283967 104421 5 2 552558.01 9.3867431 22.1003 23.666625 88 1088924 244088 44430 85 0 0 0 0 0 0 553 312030 18535
23.673375 0.194824 -0.186552 5.99881 42263 1.0000007 283923 104407 6 2 547251.54 9.3867431 22.1003 23.673375 87 1092073 244654 44664 86 0 0 0 0 0 0 553 312020 18357
23.68 0.194824 -0.185858 5.99883 42265 1.0000007 284081 104487 6 2 549815.34 9.3867431 22.1003 23.68 90 1091237 244386 44944 87 0 0 0 0 0 0 553 312149 18443
23.686625 0.194824 -0.185165 5.99886 42266 1.0000007 284012 104465 5 2 551782.9 9.3867431 22.1003 23.686625 92 1093397 246954 44928 88 0 0 0 0 0 0 553 312074 18509
23.693375 0.194824 -0.184458 5.99888 42268 1.0000007 284022 104491 7 2 549547.03 9.3867431 22.1003 23.693375 92 1096964 247351 44866 89 0 0 0 0 0 0 553 312106 18434
23.7 0.194824 -0.183764 5.9989 42269 1.0000007 284158 104561 6 2 560607.14 9.3867431 22.1003 23.7 94 1099619 248378 45522 90 0 0 0 0 0 0 553 312231 18805
23.706625 0.194824 -0.183071 5.99892 42271 1.0000007 284183 104609 5 2 563737.36 9.3867431 22.1003 23.706625 91 1102837 250539 45905 91 0 0 0 0 0 0 553 312267 18910
23.713375 0.194824 -0.182364 5.99894 42272 1.0000007 284133 104612 5 2 568268.72 9.3867431 22.1003 23.713375 97 1102416 250603 45918 92 0 0 0 0 0 0 553 312195 19062
23.72 0.194824 -0.18167 5.99896 42274 1.0000007 284132 104616 5 2 561262.99 9.3867431 22.1003 23.72 92 1106058 250739 46106 93 0 0 0 0 0 0 553 312217 18827
23.726625 0.194824 -0.180976 5.99898 42275 1.0000007 284269 104676 5 2 571309.5 9.3867431 22.1003 23.726625 98 1110134 252698 46648 94 0 0 0 0 0 0 553 312376 19164
23.733375 0.194824 -0.18027 5.999 42276 1.0000007 284335 104703 6 2 578166.17 9.3867431 22.1003 23.733375 94 1110507 253831 46893 95 0 0 0 0 0 0 553 312417 19394
23.74 0.194824 -0.179576 5.99902 42278 1.0000007 284320 104813 7 2 582578.29 9.3867431 22.1003 23.74 98 1114350 256527 47312 96 0 0 0 0 0 0 553 312387 19542
23.746625 0.194824 -0.178882 5.99905 42279 1.0000007 284266 104722 5 2 579597.13 9.3867431 22.1003 23.746625 102 1117361 257780 47289 97 0 0 0 0 0 0 553 312352 19442
23.753375 0.194824 -0.178176 5.99907 42281 1.0000007 284327 104753 6 2 579328.82 9.3867431 22.1003 23.753375 102 1118277 259031 47405 98 0 0 0 0 0 0 553 312391 19433
23.76 0.194824 -0.177482 5.99909 42283 1.0000007 284523 104911 5 2 592773.85 9.3867431 22.1003 23.76 110 1124485 262331 48487 99 0 0 0 0 0 0 553 312611 19884
23.766625 0.194824 -0.176788 5.99911 42284 1.0000007 284592 104916 6 2 603356.97 9.3867431 22.1003 23.766625 117 1129129 265252 48972 100 0 0 0 0 0 0 553 312682 20239
23.773375 0.194824 -0.176082 5.99913 42285 1.0000007 284417 104945 6 2 607441.16 9.3867431 22.1003 23.773375 116 1131858 268033 49410 101 0 0 0 0 0 0 553 312494 20376
23.78 0.194824 -0.175388 5.99915 42287 1.0000007 284556 104992 5 2 609766.47 9.3867431 22.1003 23.78 119 1136430 269869 49659 102 0 0 0 0 0 0 553 312649 20454
23.786625 0.194824 -0.174694 5.99917 42288 1.0000007 284599 105077 6 2 615341.24 9.3867431 22.1003 23.786625 125 1143459 274271 50383 103 0 0 0 0 0 0 553 312682 20641
23.793375 0.194824 -0.173988 5.99919 42290 1.0000007 284690 105129 6 2 627563.99 9.3867431 22.1003 23.793375 132 1148371 277836 51175 104 0 0 0 0 0 0 553 312778 21051
23.8 0.194824 -0.173294 5.99921 42291 1.0000007 284605 105061 6 2 636298.79 9.3867431 22.1003 23.8 145 1154820 281863 51832 105 0 0 0 0 0 0 553 312653 21344
23.806625 0.194824 -0.1726 5.99923 42293 1.0000007 284716 105097 6 2 644467.17 9.3867431 22.1003 23.806625 163 1158737 287622 52531 106 0 0 0 0 0 0 553 312766 21618
23.813375 0.194824 -0.171893 5.99925 42294 1.0000007 284721 105043 6 2 653649.14 9.3867431 22.1003 23.813375 180 1168894 294476 53434 107 0 0 0 0 0 0 553 312770 21926
23.82 0.194824 -0.1712 5.99927 42296 1.0000007 284771 105165 5 2 673175.74 9.3867431 22.1003 23.82 219 1177685 301603 54615 108 0 0 0 0 0 0 553 312855 22581
23.826625 0.194824 -0.170506 5.99929 42297 1.0000007 284743 105158 5 2 678392.77 9.3867431 22.1003 23.826625 276 1187233 310094 55575 109 0 0 0 0 0 0 553 312805 22756
23.833375 0.194824 -0.169799 5.99931 42299 1.0000007 284870 105281 5 2 701973.75 9.3867431 22.1003 23.833375 294 1199246 322116 57098 110 0 0 0 0 0 0 553 312946 23547
23.84 0.194824 -0.169106 5.99933 42300 1.0000007 284916 105287 5 2 712228.94 9.3867431 22.1003 23.84 361 1211822 333553 58270 111 0 0 0 0 0 0 553 312976 23891
23.846625 0.194824 -0.168412 5.99935 42302 1.0000007 284801 105310 5 2 736406.14 9.3867431 22.1003 23.846625 467 1229903 350363 60153 112 0 0 0 0 0 0 553 312877 24702
23.853375 0.194824 -0.167705 5.99937 42303 1.0000007 285003 105332 5 2 742666.58 9.3867431 22.1003 23.853375 652 1251420 367793 61352 113 0 0 0 0 0 0 553 313090 24912
23.86 0.194824 -0.167011 5.99939 42305 1.0000007 284798 105258 6 2 762014.31 9.3867431 22.1003 23.86 961 1274931 393037 62884 114 0 0 0 0 0 0 553 312861 25561
23.866625 0.194824 -0.166318 5.99941 42306 1.0000007 284842 105297 5 2 789858.34 9.3867431 22.1003 23.866625 1353 1306743 423766 65490 115 0 0 0 0 0 0 553 312900 26495
23.873375 0.194824 -0.165611 5.99943 42308 1.0000007 285050 105428 5 2 816957.09 9.3867431 22.1003 23.873375 2118 1351391 466150 67818 116 0 0 0 0 0 0 553 313120 27404
23.88 0.194824 -0.164917 5.99945 42309 1.0000007 284837 105296 6 2 831684.02 9.3867431 22.1003 23.88 3269 1404078 521419 70281 117 0 0 0 0 0 0 553 312884 27898
23.886625 0.194824 -0.164223 5.99946 42311 1.0000007 284914 105336 5 2 869455.31 9.3867431 22.1003 23.886625 5271 1481271 598077 74382 118 0 0 0 0 0 0 553 312997 29165
23.893375 0.194824 -0.163517 5.99948 42312 1.0000007 284935 105423 5 2 890830.23 9.3867431 22.1003 23.893375 9037 1587379 704318 77661 119 0 0 0 0 0 0 553 313020 29882
23.9 0.194824 -0.162823 5.9995 42314 1.0000007 284881 105341 5 2 918227.09 9.3867431 22.1003 23.9 15328 1736466 855121 81793 120 0 0 0 0 0 0 553 312954 30801
23.906625 0.194824 -0.162129 5.99952 42315 1.0000007 284945 105317 5 2 940138.62 9.3867431 22.1003 23.906625 25731 1948240 1066048 86893 121 0 0 0 0 0 0 553 313027 31536
23.913375 0.194824 -0.161422 5.99954 42317 1.0000007 284966 105450 6 2 968370.2 9.3867431 22.1003 23.913375 43356 2270510 1388980 94245 122 0 0 0 0 0 0 553 313040 32483
23.92 0.194824 -0.160729 5.99956 42318 1.0000007 284932 105431 5 2 1011954.8 9.3867431 22.1003 23.92 80543 2738973 1857726 103051 123 0 0 0 0 0 0 553 313015 33945
23.926625 0.194824 -0.160035 5.99958 42320 1.0000007 285048 105411 7 2 1067016.8 9.3867431 22.1003 23.926625 162785 3532453 2651842 115484 124 0 0 0 0 0 0 553 313146 35792
23.933375 0.194824 -0.159328 5.9996 42321 1.0000007 284870 105327 6 2 1154215.7 9.3867431 22.1003 23.933375 289928 4767907 3886772 132457 125 0 0 0 0 0 0 553 312951 38717
23.94 0.194824 -0.158635 5.99962 42323 1.0000007 284969 105397 6 2 1223438.3 9.3867431 22.1003 23.94 465300 6215903 5334646 155122 126 0 0 0 0 0 0 553 313079 41039
23.946625 0.194824 -0.157941 5.99963 42324 1.0000007 284868 105365 6 2 1310011.1 9.3867431 22.1003 23.946625 509273 7390001 6509000 183149 127 0 0 0 0 0 0 553 312941 43943
23.953375 0.194824 -0.157234 5.99965 42326 1.0000007 284906 105363 5 2 1401592.4 9.3867431 22.1003 23.953375 529430 8263971 7382501 216372 128 0 0 0 0 0 0 553 313022 47015
23.96 0.194824 -0.15654 5.99967 42327 1.0000007 284923 105398 5 2 1507393.7 9.3867431 22.1003 23.96 476898 8961426 8081191 258637 129 0 0 0 0 0 0 553 313008 50564
23.966625 0.194824 -0.155846 5.99969 42329 1.0000007 284779 105301 6 2 1624285 9.3867431 22.1003 23.966625 442998 9540109 8662923 314346 130 0 0 0 0 0 0 553 312858 54485
23.973375 0.194824 -0.15514 5.99971 42330 1.0000007 284755 105219 7 2 1737688.4 9.3867431 22.1003 23.973375 542455 9688658 8809827 381279 131 0 0 0 0 0 0 553 312842 58289
23.98 0.194824 -0.154446 5.99972 42332 1.0000007 284827 105354 6 2 1824678.6 9.3867431 22.1003 23.98 522855 9261351 8383953 457188 132 0 0 0 0 0 0 553 312916 61207
23.986625 0.194824 -0.153752 5.99974 42333 1.0000007 284756 105256 7 2 1915067.4 9.3867431 22.1003 23.986625 369224 8245336 7369890 537189 133 0 0 0 0 0 0 553 312837 64239
23.993375 0.194824 -0.153045 5.99976 42335 1.0000007 284819 105367 6 2 1993799.8 9.3867431 22.1003 23.993375 263106 6953053 6078853 636896 134 0 0 0 0 0 0 553 312913 66880
24 0.194824 -0.152352 5.99978 42336 1.0000007 285246 105507 6 2 2106159.7 9.3867431 22.1003 24 183329 6125959 5253042 844013 135 0 0 0 0 0 0 553 313334 70649
24.006625 0.194824 -0.151658 5.9998 42338 1.0000007 285282 105543 6 2 2232083.9 9.3867431 22.1003 24.006625 238413 5756262 4883426 1170836 136 0 0 0 0 0 0 553 313395 74873
24.013375 0.194824 -0.150951 5.99981 42339 1.0000007 285217 105485 6 2 2322323.6 9.3867431 22.1003 24.013375 229219 5086758 4215260 1231865 137 0 0 0 0 0 0 553 313332 77900
24.02 0.194824 -0.150257 5.99983 42341 1.0000007 285306 105574 6 2 2341909.9 9.3867431 22.1003 24.02 142268 4080272 3208951 921061 138 0 0 0 0 0 0 553 313411 78557
24.026625 0.194824 -0.149564 5.99985 42342 1.0000007 285385 105609 5 2 2361496.1 9.3867431 22.1003 24.026625 88221 3307246 2436260 652979 139 0 0 0 0 0 0 553 313525 79214
24.033375 0.194824 -0.148857 5.99987 42344 1.0000007 285292 105573 7 2 2370678.1 9.3867431 22.1003 24.033375 68649 2764602 1895032 493179 140 0 0 0 0 0 0 553 313409 79522
24.04 0.194824 -0.148163 5.99988 42345 1.0000007 285259 105513 5 2 2358664 9.3867431 22.1003 24.04 59242 2416889 1548491 405751 141 0 0 0 0 0 0 553 313368 79119
24.046625 0.194824 -0.147469 5.9999 42347 1.0000007 285184 105493 7 2 2335530.2 9.3867431 22.1003 24.046625 48767 2167334 1298609 354473 142 0 0 0 0 0 0 553 313273 78343
24.053375 0.194824 -0.146762 5.99992 42348 1.0000007 285419 105616 6 2 2300829.5 9.3867431 22.1003 24.053375 36605 1977619 1107094 325569 143 0 0 0 0 0 0 553 313551 77179
24.06 0.194824 -0.146069 5.99993 42350 1.0000007 285136 105449 5 2 2239447.4 9.3867431 22.1003 24.06 26806 1796266 928040 299865 144 0 0 0 0 0 0 553 313225 75120
24.066625 0.194824 -0.145375 5.99995 42352 1.0000007 285176 105467 6 2 2170016.2 9.3867431 22.1003 24.066625 16900 1652480 783811 271320 145 0 0 0 0 0 0 553 313274 72791
24.073375 0.194824 -0.144668 5.99997 42353 1.0000007 285049 105386 7 2 2120409.7 9.3867431 22.1003 24.073375 10108 1538344 672014 241989 146 0 0 0 0 0 0 553 313167 71127
24.08 0.194824 -0.143974 5.99998 42354 1.0000007 285053 105407 6 2 2082042.1 9.3867431 22.1003 24.08 6202 1466047 597423 217348 147 0 0 0 0 0 0 553 313157 69840
24.086625 0.194824 -0.14328 6 42356 1.0000007 285233 105539 7 2 2059355.5 9.3867431 22.1003 24.086625 3979 1410572 542267 193887 148 0 0 0 0 0 0 553 313344 69079
24.093375 0.194824 -0.142574 6.00002 42357 1.0000007 284933 105307 5 2 2027069.6 9.3867431 22.1003 24.093375 2515 1365342 500357 175183 149 0 0 0 0 0 0 553 313052 67996
24.1 0.194824 -0.14188 6.00003 42359 1.0000007 285047 105328 6 2 2037891.2 9.3867431 22.1003 24.1 1438 1339455 472743 160944 150 0 0 0 0 0 0 553 313143 68359
24.106625 0.194824 -0.141186 6.00005 42360 1.0000007 284923 105265 7 2 2060935.5 9.3867431 22.1003 24.106625 976 1320259 454248 151718 151 0 0 0 0 0 0 553 313050 69132
24.113375 0.194824 -0.140479 6.00007 42362 1.0000007 284873 105268 6 2 2112211.5 9.3867431 22.1003 24.113375 680 1305943 440597 146071 152 0 0 0 0 0 0 553 312988 70852
24.12 0.194824 -0.139785 6.00008 42363 1.0000007 284947 105248 7 2 2132185.3 9.3867431 22.1003 24.12 638 1296938 431357 141071 153 0 0 0 0 0 0 553 313065 71522
24.126625 0.194824 -0.139092 6.0001 42365 1.0000007 284775 105126 5 2 2211126.4 9.3867431 22.1003 24.126625 723 1287516 424601 139553 154 0 0 0 0 0 0 553 312882 74170
24.133375 0.194824 -0.138385 6.00012 42366 1.0000007 284727 105147 6 2 2292273.5 9.3867431 22.1003 24.133375 873 1284733 422150 139381 155 0 0 0 0 0 0 553 312861 76892
24.14 0.194824 -0.137691 6.00013 42368 1.0000007 284815 105192 5 2 2367607.5 9.3867431 22.1003 24.14 1019 1282399 419594 139182 156 0 0 0 0 0 0 553 312928 79419
24.146625 0.194824 -0.136997 6.00015 42369 1.0000007 284670 105099 5 2 2477165.1 9.3867431 22.1003 24.146625 1085 1281868 418375 141191 157 0 0 0 0 0 0 553 312795 83094
24.153375 0.194824 -0.13629 6.00016 42371 1.0000007 284602 104988 7 2 2531303 9.3867431 22.1003 24.153375 1230 1280301 417572 142110 158 0 0 0 0 0 0 553 312748 84910
24.16 0.194824 -0.135597 6.00018 42372 1.0000007 284554 104980 5 2 2601837.2 9.3867431 22.1003 24.16 1642 1280692 418783 144017 159 0 0 0 0 0 0 553 312686 87276
24.166625 0.194824 -0.134903 6.0002 42374 1.0000007 284542 104951 7 2 2632662.4 9.3867431 22.1003 24.166625 1889 1279436 417296 144322 160 0 0 0 0 0 0 553 312660 88310
24.173375 0.194824 -0.134196 6.00021 42375 1.0000007 284549 104915 6 2 2655378.8 9.3867431 22.1003 24.173375 1897 1279714 417466 144702 161 0 0 0 0 0 0 553 312679 89072
24.18 0.194824 -0.133502 6.00023 42377 1.0000007 284429 104942 6 2 2629085 9.3867431 22.1003 24.18 1726 1276295 414996 143680 162 0 0 0 0 0 0 553 312545 88190
24.186625 0.194824 -0.132808 6.00024 42378 1.0000007 284550 104943 5 2 2557626.6 9.3867431 22.1003 24.186625 1472 1273611 413284 141599 163 0 0 0 0 0 0 553 312686 85793
24.193375 0.194824 -0.132101 6.00026 42380 1.0000007 284309 104814 6 2 2542005.3 9.3867431 22.1003 24.193375 1409 1271816 412132 141961 164 0 0 0 0 0 0 553 312433 85269
24.2 0.194824 -0.131408 6.00027 42381 1.0000007 284298 104825 5 2 2432656.4 9.3867431 22.1003 24.2 1314 1268466 407098 138340 165 0 0 0 0 0 0 553 312407 81601
24.206625 0.194824 -0.130714 6.00029 42382 1.0000007 284204 104790 6 2 2346769.2 9.3867431 22.1003 24.206625 1085 1264086 404185 136058 166 0 0 0 0 0 0 553 312371 78720
24.213375 0.194824 -0.130007 6.0003 42384 1.0000007 284214 104795 7 2 2286132.4 9.3867431 22.1003 24.213375 801 1262006 402809 134848 167 0 0 0 0 0 0 553 312352 76686
24.22 0.194824 -0.129313 6.00032 42385 1.0000007 284199 104698 6 2 2229430.7 9.3867431 22.1003 24.22 612 1262812 402031 133790 168 0 0 0 0 0 0 553 312347 74784
24.226625 0.194824 -0.128619 6.00033 42387 1.0000007 284281 104728 6 2 2217416.6 9.3867431 22.1003 24.226625 509 1260777 401191 134334 169 0 0 0 0 0 0 553 312447 74381
24.233375 0.194824 -0.127912 6.00035 42388 1.0000007 284126 104690 5 2 2210381.1 9.3867431 22.1003 24.233375 495 1260189 402821 134711 170 0 0 0 0 0 0 553 312270 74145
24.24 0.194824 -0.127219 6.00036 42390 1.0000007 284011 104551 7 2 2222872.1 9.3867431 22.1003 24.24 459 1260966 406304 136584 171 0 0 0 0 0 0 553 312139 74564
24.246625 0.194824 -0.126525 6.00038 42391 1.0000007 284088 104619 6 2 2216760.8 9.3867431 22.1003 24.246625 458 1267066 411066 138453 172 0 0 0 0 0 0 553 312241 74359
24.253375 0.194824 -0.125818 6.00039 42393 1.0000007 283917 104436 6 2 2236138.3 9.3867431 22.1003 24.253375 451 1269390 414723 140931 173 0 0 0 0 0 0 553 312040 75009
24.26 0.194824 -0.125124 6.00041 42394 1.0000007 284015 104565 5 2 2233097.5 9.3867431 22.1003 24.26 441 1276074 419774 141922 174 0 0 0 0 0 0 553 312182 74907
24.266625 0.194824 -0.12443 6.00042 42396 1.0000007 283874 104475 5 2 2265651.8 9.3867431 22.1003 24.266625 530 1280793 427143 146239 175 0 0 0 0 0 0 553 312018 75999
24.273375 0.194824 -0.123723 6.00044 42397 1.0000007 283891 104475 6 2 2274118.3 9.3867431 22.1003 24.273375 813 1288213 433060 147924 176 0 0 0 0 0 0 553 312052 76283
24.28 0.194824 -0.123029 6.00045 42399 1.0000007 283837 104321 6 2 2281928.9 9.3867431 22.1003 24.28 960 1298798 444871 152405 177 0 0 0 0 0 0 553 311972 76545
24.286625 0.194824 -0.122336 6.00047 42400 1.0000007 283646 104309 6 2 2288010.5 9.3867431 22.1003 24.286625 1558 1310123 457413 155156 178 0 0 0 0 0 0 553 311779 76749
24.293375 0.194824 -0.121629 6.00048 42402 1.0000007 283821 104444 5 2 2282346.3 9.3867431 22.1003 24.293375 2959 1323415 470229 157528 179 0 0 0 0 0 0 553 311985 76559
24.3 0.194824 -0.120935 6.00049 42403 1.0000007 283742 104299 6 2 2281302.9 9.3867431 22.1003 24.3 4447 1345470 492631 161783 180 0 0 0 0 0 0 553 311907 76524
24.306625 0.194824 -0.120241 6.00051 42405 1.0000007 283667 104263 6 2 2248480.3 9.3867431 22.1003 24.306625 5271 1365955 515391 163673 181 0 0 0 0 0 0 553 311841 75423
24.313375 0.194824 -0.119534 6.00052 42406 1.0000007 283605 104202 5 2 2234647.7 9.3867431 22.1003 24.313375 7323 1396778 547700 167749 182 0 0 0 0 0 0 553 311768 74959
24.32 0.194824 -0.11884 6.00054 42407 1.0000007 283517 104146 6 2 2193030.7 9.3867431 22.1003 24.32 8250 1424323 573647 170143 183 0 0 0 0 0 0 553 311681 73563
24.326625 0.194824 -0.118147 6.00055 42409 1.0000007 283386 104015 5 2 2206118 9.3867431 22.1003 24.326625 10513 1463182 613803 176456 184 0 0 0 0 0 0 553 311546 74002
24.333375 0.194824 -0.11744 6.00056 42410 1.0000007 283473 104068 7 2 2180599.3 9.3867431 22.1003 24.333375 13608 1496554 646528 180526 185 0 0 0 0 0 0 553 311633 73146
24.34 0.194824 -0.116746 6.00058 42412 1.0000007 283450 104099 5 2 2144318.6 9.3867431 22.1003 24.34 15422 1516579 667165 184826 186 0 0 0 0 0 0 553 311620 71929
24.346625 0.194824 -0.116052 6.00059 42413 1.0000007 283309 103998 5 2 2093609 9.3867431 22.1003 24.346625 15045 1529360 681843 187721 187 0 0 0 0 0 0 553 311458 70228
24.353375 0.194824 -0.115345 6.0006 42415 1.0000007 283178 103900 6 2 2023849.9 9.3867431 22.1003 24.353375 12336 1545888 697345 187565 188 0 0 0 0 0 0 553 311345 67888
24.36 0.194824 -0.114651 6.00062 42416 1.0000007 283186 103907 6 2 1896673.6 9.3867431 22.1003 24.36 12739 1565305 718897 182584 189 0 0 0 0 0 0 553 311361 63622
24.366625 0.194824 -0.113957 6.00063 42418 1.0000007 283088 103860 5 2 1809981.5 9.3867431 22.1003 24.366625 12946 1598955 753329 180692 190 0 0 0 0 0 0 553 311285 60714
24.373375 0.194824 -0.11325 6.00064 42419 1.0000007 283046 103860 6 2 1722842.2 9.3867431 22.1003 24.373375 13830 1624130 779372 175224 191 0 0 0 0 0 0 553 311211 57791
24.38 0.194824 -0.112557 6.00066 42421 1.0000007 283212 103919 6 2 1663517.1 9.3867431 22.1003 24.38 15942 1678523 833624 171959 192 0 0 0 0 0 0 553 311393 55801
24.386625 0.194824 -0.111863 6.00067 42422 1.0000007 283025 103829 5 2 1620975.9 9.3867431 22.1003 24.386625 15997 1736806 890575 169424 193 0 0 0 0 0 0 553 311191 54374
24.393375 0.194824 -0.111156 6.00068 42424 1.0000007 283123 103806 5 2 1562902.9 9.3867431 22.1003 24.393375 15547 1788583 943207 163840 194 0 0 0 0 0 0 553 311319 52426
24.4 0.194824 -0.110462 6.0007 42425 1.0000007 283001 103838 6 2 1543704.3 9.3867431 22.1003 24.4 25421 1904048 1060082 163253 195 0 0 0 0 0 0 553 311167 51782
24.406625 0.194824 -0.109768 6.00071 42427 1.0000007 283073 103868 6 2 1513833 9.3867431 22.1003 24.406625 86717 2213707 1369407 162068 196 0 0 0 0 0 0 553 311259 50780
24.413375 0.194824 -0.109061 6.00072 42428 1.0000007 282851 103751 6 2 1498688.8 9.3867431 22.1003 24.413375 279613 2861735 2018026 163278 197 0 0 0 0 0 0 553 311006 50272
24.42 0.194824 -0.108367 6.00073 42430 1.0000007 282926 103701 5 2 1491116.6 9.3867431 22.1003 24.42 237090 3067001 2222159 162241 198 0 0 0 0 0 0 553 311115 50018
24.426625 0.194824 -0.107673 6.00075 42431 1.0000007 282936 103774 7 2 1471768.9 9.3867431 22.1003 24.426625 139829 3039292 2195338 160557 199 0 0 0 0 0 0 553 311111 49369
24.433375 0.194824 -0.106966 6.00076 42433 1.0000007 282902 103684 5 2 1450215.1 9.3867431 22.1003 24.433375 100722 3189257 2346206 159771 200 0 0 0 0 0 0 553 311086 48646
24.44 0.194824 -0.106273 6.00077 42434 1.0000007 282839 103604 5 2 1471828.5 9.3867431 22.1003 24.44 111522 3398198 2554413 158804 201 0 0 0 0 0 0 553 311044 49371
24.446625 0.194824 -0.105579 6.00078 42436 1.0000007 282762 103575 6 2 1514101.4 9.3867431 22.1003 24.446625 122055 3559556 2716653 157766 202 0 0 0 0 0 0 553 310941 50789
24.453375 0.194824 -0.104872 6.0008 42437 1.0000007 282662 103547 7 2 1584099 9.3867431 22.1003 24.453375 134622 3720564 2879890 157550 203 0 0 0 0 0 0 553 310844 53137
24.46 0.194824 -0.104178 6.00081 42438 1.0000007 282877 103590 5 2 1606934.7 9.3867431 22.1003 24.46 139551 3680597 2837441 155208 204 0 0 0 0 0 0 553 311085 53903
24.466625 0.194824 -0.103484 6.00082 42440 1.0000007 282899 103659 7 2 1639369.7 9.3867431 22.1003 24.466625 154851 3494670 2652943 156277 205 0 0 0 0 0 0 553 311090 54991
24.473375 0.194824 -0.102777 6.00083 42441 1.0000007 282809 103582 6 2 1665544.3 9.3867431 22.1003 24.473375 120861 3017112 2176205 157924 206 0 0 0 0 0 0 553 311024 55869
24.48 0.194824 -0.102083 6.00084 42443 1.0000007 282678 103488 5 2 1701586.5 9.3867431 22.1003 24.48 71674 2495316 1654824 166498 207 0 0 0 0 0 0 553 310894 57078
24.486625 0.194824 -0.101389 6.00086 42444 1.0000007 282694 103482 6 2 1735750.6 9.3867431 22.1003 24.486625 42823 2098702 1260727 183846 208 0 0 0 0 0 0 553 310884 58224
24.493375 0.194824 -0.100682 6.00087 42446 1.0000007 282759 103540 6 2 1779126.5 9.3867431 22.1003 24.493375 22658 1846308 1006133 208272 209 0 0 0 0 0 0 553 310946 59679
24.5 0.194824 -0.0999886 6.00088 42447 1.0000007 282669 103484 7 2 1781600.8 9.3867431 22.1003 24.5 11896 1695570 856734 222974 210 0 0 0 0 0 0 553 310850 59762
24.506625 0.194824 -0.0992947 6.00089 42449 1.0000007 282775 103549 6 2 1733693.6 9.3867431 22.1003 24.506625 7229 1571542 733906 212641 211 0 0 0 0 0 0 553 310978 58155
24.513375 0.194824 -0.0985877 6.0009 42450 1.0000007 282585 103480 7 2 1638326.3 9.3867431 22.1003 24.513375 5229 1470834 632849 179938 212 0 0 0 0 0 0 553 310770 54956
24.52 0.194824 -0.0978938 6.00091 42452 1.0000007 282427 103363 6 2 1532465.3 9.3867431 22.1003 24.52 2647 1387921 552099 147737 213 0 0 0 0 0 0 553 310601 51405
24.526625 0.194824 -0.0972 6.00092 42453 1.0000007 282620 103482 6 2 1434772.7 9.3867431 22.1003 24.526625 1637 1330414 493469 124917 214 0 0 0 0 0 0 553 310821 48128
24.533375 0.194824 -0.096493 6.00094 42455 1.0000007 282705 103483 6 2 1357590.5 9.3867431 22.1003 24.533375 1235 1292001 454876 112600 215 0 0 0 0 0 0 553 310891 45539
24.54 0.194824 -0.0957991 6.00095 42456 1.0000007 282991 103705 6 2 1277904 9.3867431 22.1003 24.54 917 1260566 423765 102936 216 0 0 0 0 0 0 553 311198 42866
24.546625 0.194824 -0.0951052 6.00096 42458 1.0000007 282931 103646 6 2 1173593.3 9.3867431 22.1003 24.546625 715 1233684 396717 93854 217 0 0 0 0 0 0 553 311144 39367
24.553375 0.194824 -0.0943983 6.00097 42459 1.0000007 283055 103717 6 2 1086155.8 9.3867431 22.1003 24.553375 584 1209569 374453 86038 218 0 0 0 0 0 0 553 311278 36434
24.56 0.194824 -0.0937044 6.00098 42461 1.0000007 283113 103747 6 2 1000059.9 9.3867431 22.1003 24.56 495 1190290 354414 78839 219 0 0 0 0 0 0 553 311327 33546
24.566625 0.194824 -0.0930105 6.00099 42462 1.0000007 282917 103645 5 2 926067.54 9.3867431 22.1003 24.566625 413 1175531 339594 73243 220 0 0 0 0 0 0 553 311120 31064
24.573375 0.194824 -0.0923035 6.001 42464 1.0000007 283134 103711 5 2 865520.18 9.3867431 22.1003 24.573375 365 1160459 325655 68309 221 0 0 0 0 0 0 553 311364 29033
24.58 0.194824 -0.0916097 6.00101 42465 1.0000007 283072 103724 7 2 818656.35 9.3867431 22.1003 24.58 306 1150643 315456 64869 222 0 0 0 0 0 0 553 311262 27461
24.586625 0.194824 -0.0909158 6.00102 42466 1.0000007 283026 103706 5 2 784999.05 9.3867431 22.1003 24.586625 274 1143146 308496 61823 223 0 0 0 0 0 0 553 311223 26332
24.593375 0.194824 -0.0902088 6.00103 42468 1.0000007 283161 103820 6 2 750089.67 9.3867431 22.1003 24.593375 249 1136198 299791 59195 224 0 0 0 0 0 0 553 311359 25161
24.6 0.194824 -0.0895149 6.00104 42469 1.0000007 283108 103786 6 2 725465.29 9.3867431 22.1003 24.6 229 1131770 295401 57564 225 0 0 0 0 0 0 553 311309 24335
24.606625 0.194824 -0.088821 6.00105 42471 1.0000007 283276 103892 5 2 698724.28 9.3867431 22.1003 24.606625 209 1123008 289267 55791 226 0 0 0 0 0 0 553 311500 23438
24.613375 0.194824 -0.088114 6.00107 42472 1.0000007 283236 103856 5 2 680986.38 9.3867431 22.1003 24.613375 197 1118991 284191 54186 227 0 0 0 0 0 0 553 311461 22843
24.62 0.194824 -0.0874201 6.00108 42474 1.0000007 283167 103876 4 2 656600.49 9.3867431 22.1003 24.62 180 1113181 280964 52688 228 0 0 0 0 0 0 553 311368 22025
24.626625 0.194824 -0.0867262 6.00109 42475 1.0000007 283280 103934 6 2 638236.54 9.3867431 22.1003 24.626625 162 1112020 276567 51260 229 0 0 0 0 0 0 553 311481 21409
24.633375 0.194824 -0.0860193 6.0011 42477 1.0000007 283307 103994 5 2 619157.12 9.3867431 22.1003 24.633375 178 1108116 273630 50430 230 0 0 0 0 0 0 553 311498 20769
24.64 0.194824 -0.0853254 6.00111 42478 1.0000007 283295 103968 6 2 615013.31 9.3867431 22.1003 24.64 145 1105831 271455 50066 231 0 0 0 0 0 0 553 311454 20630
24.646625 0.194824 -0.0846315 6.00112 42480 1.0000007 283289 103971 6 2 603476.22 9.3867431 22.1003 24.646625 144 1101930 268646 49230 232 0 0 0 0 0 0 553 311504 20243
24.653375 0.194824 -0.0839245 6.00113 42481 1.0000007 283475 104049 6 2 596589.74 9.3867431 22.1003 24.653375 130 1099330 265549 48449 233 0 0 0 0 0 0 553 311695 20012
24.66 0.194824 -0.0832306 6.00113 42483 1.0000007 283472 104131 6 2 581028.08 9.3867431 22.1003 24.66 134 1099225 263375 47646 234 0 0 0 0 0 0 553 311682 19490
24.666625 0.194824 -0.0825367 6.00114 42484 1.0000007 283443 104084 5 2 588630.04 9.3867431 22.1003 24.666625 122 1097747 262460 47820 235 0 0 0 0 0 0 553 311654 19745
24.673375 0.194824 -0.0818297 6.00115 42486 1.0000007 283598 104163 6 2 579000.9 9.3867431 22.1003 24.673375 104 1092556 259349 47287 236 0 0 0 0 0 0 553 311820 19422
24.68 0.194824 -0.0811358 6.00116 42487 1.0000007 283508 104112 5 2 569610.24 9.3867431 22.1003 24.68 102 1088636 257518 46780 237 0 0 0 0 0 0 553 311720 19107
24.686625 0.194824 -0.0804419 6.00117 42488 1.0000007 283619 104280 6 2 571577.81 9.3867431 22.1003 24.686625 110 1089751 257880 46898 238 0 0 0 0 0 0 553 311826 19173
24.693375 0.194824 -0.0797349 6.00118 42490 1.0000007 283622 104147 6 2 565764.54 9.3867431 22.1003 24.693375 105 1087788 255705 46178 239 0 0 0 0 0 0 553 311819 18978
24.7 0.194824 -0.079041 6.00119 42491 1.0000007 283622 104232 6 2 557924.09 9.3867431 22.1003 24.7 100 1086404 254088 45749 240 0 0 0 0 0 0 553 311825 18715
24.706625 0.194824 -0.0783471 6.0012 42493 1.0000007 283705 104329 6 2 558639.57 9.3867431 22.1003 24.706625 99 1082883 252472 45510 241 0 0 0 0 0 0 553 311909 18739
24.713375 0.194824 -0.0776401 6.00121 42494 1.0000007 283733 104369 5 2 560219.59 9.3867431 22.1003 24.713375 97 1084559 252159 45850 242 0 0 0 0 0 0 553 311947 18792
24.72 0.194824 -0.0769462 6.00122 42496 1.0000007 283672 104318 4 2 558907.88 9.3867431 22.1003 24.72 97 1083514 251453 45659 243 0 0 0 0 0 0 553 311861 18748
24.726625 0.194824 -0.0762522 6.00123 42497 1.0000007 283674 104265 5 2 555091.99 9.3867431 22.1003 24.726625 95 1082612 250438 45089 244 0 0 0 0 0 0 553 311874 18620
24.733375 0.194824 -0.0755452 6.00124 42499 1.0000007 283674 104251 5 2 551902.15 9.3867431 22.1003 24.733375 90 1079432 249216 45002 245 0 0 0 0 0 0 553 311875 18513
24.74 0.194824 -0.0748513 6.00125 42500 1.0000007 283732 104352 6 2 547609.28 9.3867431 22.1003 24.74 91 1079128 247665 44702 246 0 0 0 0 0 0 553 311933 18369
24.746625 0.194824 -0.0741574 6.00125 42502 1.0000007 283697 104333 6 2 546267.76 9.3867431 22.1003 24.746625 92 1076292 248229 44757 247 0 0 0 0 0 0 553 311895 18324
24.753375 0.194824 -0.0734504 6.00126 42503 1.0000007 283716 104349 6 2 550113.45 9.3867431 22.1003 24.753375 90 1076039 246528 44717 248 0 0 0 0 0 0 553 311924 18453
24.76 0.194824 -0.0727565 6.00127 42505 1.0000007 283682 104310 6 2 537294.47 9.3867431 22.1003 24.76 96 1075119 245899 44437 249 0 0 0 0 0 0 553 311879 18023
24.766625 0.194824 -0.0720626 6.00128 42506 1.0000007 283684 104356 6 2 538367.68 9.3867431 22.1003 24.766625 87 1074716 245704 44210 250 0 0 0 0 0 0 553 311901 18059
24.773375 0.194824 -0.0713556 6.00129 42508 1.0000007 283887 104471 4 2 543286.6 9.3867431 22.1003 24.773375 85 1074021 244858 44280 251 0 0 0 0 0 0 553 312091 18224
24.78 0.194824 -0.0706617 6.0013 42509 1.0000007 283867 104413 6 2 534551.8 9.3867431 22.1003 24.78 91 1072916 243538 43519 252 0 0 0 0 0 0 553 312072 17931
24.786625 0.194824 -0.0699677 6.0013 42511 1.0000007 283840 104452 5 2 545373.41 9.3867431 22.1003 24.786625 86 1071837 243796 44244 253 0 0 0 0 0 0 553 312061 18294
24.793375 0.194824 -0.0692607 6.00131 42512 1.0000007 283732 104354 5 2 535446.15 9.3867431 22.1003 24.793375 93 1070262 242810 43960 254 0 0 0 0 0 0 553 311918 17961
24.8 0.194824 -0.0685668 6.00132 42514 1.0000007 283800 104414 5 2 543882.83 9.3867431 22.1003 24.8 87 1070523 242307 43747 255 0 0 0 0 0 0 553 312008 18244
24.806625 0.194824 -0.0678729 6.00133 42516 1.0000007 281839 103672 5 2 531183.09 9.3867431 22.1003 24.806625 89 1062108 239880 43200 256 0 0 0 0 0 0 553 309934 17818
24.813375 0.194824 -0.0671659 6.00134 42517 1.0000007 285176 105022 4 2 537294.47 9.3867431 22.1003 24.813375 85 1074261 242554 43555 257 0 0 0 0 0 0 553 313408 18023
24.82 0.194824 -0.0664719 6.00134 42519 1.0000007 285133 105012 6 2 537324.28 9.3867431 22.1003 24.82 92 1071096 241472 43762 258 0 0 0 0 0 0 553 313336 18024
24.826625 0.194824 -0.065778 6.00135 42520 1.0000007 285118 105042 5 2 538963.92 9.3867431 22.1003 24.826625 179 1070797 240064 43582 259 0 0 0 0 0 0 553 313329 18079
24.833375 0.194824 -0.065071 6.00136 42521 1.0000007 284991 104955 5 2 535654.83 9.3867431 22.1003 24.833375 90 1069191 240430 43662 260 0 0 0 0 0 0 553 313197 17968
24.84 0.194824 -0.0643771 6.00137 42523 1.0000007 285129 105079 5 2 529036.65 9.3867431 22.1003 24.84 91 1069374 240976 43255 261 0 0 0 0 0 0 553 313353 17746
24.846625 0.194824 -0.0636831 6.00137 42524 1.0000007 285080 104992 5 2 534372.93 9.3867431 22.1003 24.846625 86 1070897 240538 43067 262 0 0 0 0 0 0 553 313286 17925
24.853375 0.194824 -0.0629761 6.00138 42526 1.0000007 285190 105052 6 2 535058.6 9.3867431 22.1003 24.853375 87 1068868 239087 42968 263 0 0 0 0 0 0 553 313392 17948
24.86 0.194824 -0.0622822 6.00139 42527 1.0000007 285088 104993 5 2 529394.39 9.3867431 22.1003 24.86 91 1066808 238631 43020 264 0 0 0 0 0 0 553 313307 17758
24.866625 0.194824 -0.0615883 6.0014 42529 1.0000007 285246 105065 5 2 534045 9.3867431 22.1003 24.866625 92 1067520 238882 43023 265 0 0 0 0 0 0 553 313450 17914
24.873375 0.194824 -0.0608812 6.0014 42530 1.0000007 285049 105003 5 2 538188.81 9.3867431 22.1003 24.873375 95 1067133 238300 43345 266 0 0 0 0 0 0 553 313262 18053
24.88 0.194824 -0.0601873 6.00141 42532 1.0000007 285176 105022 5 2 531570.64 9.3867431 22.1003 24.88 87 1066166 237660 43094 267 0 0 0 0 0 0 553 313389 17831
24.886625 0.194824 -0.0594934 6.00142 42533 1.0000007 285171 105040 5 2 529871.38 9.3867431 22.1003 24.886625 86 1065570 237413 42965 268 0 0 0 0 0 0 553 313386 17774
24.893375 0.194824 -0.0587864 6.00142 42535 1.0000007 285168 105108 7 2 527069.09 9.3867431 22.1003 24.893375 95 1066639 237451 42940 269 0 0 0 0 0 0 553 313365 17680
24.9 0.194824 -0.0580924 6.00143 42536 1.0000007 285180 105097 6 2 525101.52 9.3867431 22.1003 24.9 91 1063899 236062 42668 270 0 0 0 0 0 0 553 313397 17614
24.906625 0.194824 -0.0573985 6.00144 42538 1.0000007 285124 105019 5 2 525876.62 9.3867431 22.1003 24.906625 94 1061312 236356 42933 271 0 0 0 0 0 0 553 313316 17640
24.913375 0.194824 -0.0566915 6.00144 42539 1.0000007 285146 105047 5 2 520063.36 9.3867431 22.1003 24.913375 88 1062967 236471 42719 272 0 0 0 0 0 0 553 313354 17445
24.92 0.194824 -0.0559975 6.00145 42541 1.0000007 285061 104985 6 2 522329.04 9.3867431 22.1003 24.92 85 1062054 235288 42804 273 0 0 0 0 0 0 553 313281 17521
24.926625 0.194824 -0.0553036 6.00146 42542 1.0000007 285105 105011 6 2 525220.77 9.3867431 22.1003 24.926625 88 1062560 235839 42823 274 0 0 0 0 0 0 553 313331 17618
24.933375 0.194824 -0.0545966 6.00146 42544 1.0000007 285057 105057 5 2 522746.41 9.3867431 22.1003 24.933375 88 1061041 234918 42384 275 0 0 0 0 0 0 553 313289 17535
24.94 0.194824 -0.0539026 6.00147 42545 1.0000007 285119 105032 6 2 523223.39 9.3867431 22.1003 24.94 95 1061347 235467 42255 276 0 0 0 0 0 0 553 313341 17551
24.946625 0.194824 -0.0532087 6.00148 42547 1.0000007 284991 104969 6 2 520182.61 9.3867431 22.1003 24.946625 93 1060403 234958 42410 277 0 0 0 0 0 0 553 313210 17449
24.953375 0.194824 -0.0525016 6.00148 42548 1.0000007 285013 104987 7 2 521255.83 9.3867431 22.1003 24.953375 86 1058008 233879 42237 278 0 0 0 0 0 0 553 313223 17485
24.96 0.194824 -0.0518077 6.00149 42550 1.0000007 285003 104964 6 2 513743.3 9.3867431 22.1003 24.96 90 1056511 232355 41753 279 0 0 0 0 0 0 553 313210 17233
24.966625 0.194824 -0.0511138 6.00149 42551 1.0000007 284906 104883 5 2 518513.16 9.3867431 22.1003 24.966625 92 1058377 233787 42188 280 0 0 0 0 0 0 553 313137 17393
24.973375 0.194824 -0.0504067 6.0015 42552 1.0000007 285044 104999 6 2 518453.54 9.3867431 22.1003 24.973375 95 1058645 232749 41980 281 0 0 0 0 0 0 553 313281 17391
24.98 0.194824 -0.0497128 6.00151 42554 1.0000007 284965 104956 5 2 517797.68 9.3867431 22.1003 24.98 91 1056061 232418 41862 282 0 0 0 0 0 0 553 313195 17369
24.986625 0.194824 -0.0490188 6.00151 42555 1.0000007 285056 105022 5 2 516247.48 9.3867431 22.1003 24.986625 91 1055445 231972 41801 283 0 0 0 0 0 0 553 313294 17317
24.993375 0.194824 -0.0483118 6.00152 42557 1.0000007 284836 104858 6 2 519377.7 9.3867431 22.1003 24.993375 89 1056278 232853 42059 284 0 0 0 0 0 0 553 313061 17422
25 0.194824 -0.0476179 6.00152 42558 1.0000007 284839 104871 5 2 512670.09 9.3867431 22.1003 25 93 1053196 232086 41747 285 0 0 0 0 0 0 553 313068 17197
25.006625 0.194824 -0.0469239 6.00153 42560 1.0000007 284870 104915 6 2 517469.75 9.3867431 22.1003 25.006625 90 1054406 231494 41585 286 0 0 0 0 0 0 553 313083 17358
25.013375 0.194824 -0.0462169 6.00153 42561 1.0000007 284825 104862 6 2 507631.92 9.3867431 22.1003 25.013375 90 1053679 231258 41309 287 0 0 0 0 0 0 553 313040 17028
25.02 0.194824 -0.0455229 6.00154 42563 1.0000007 284679 104761 5 2 510613.08 9.3867431 22.1003 25.02 90 1051944 230933 41588 288 0 0 0 0 0 0 553 312901 17128
25.026625 0.194824 -0.044829 6.00154 42564 1.0000007 284672 104801 6 2 512401.78 9.3867431 22.1003 25.026625 97 1053260 231825 41631 289 0 0 0 0 0 0 553 312898 17188
25.033375 0.194824 -0.0441219 6.00155 42566 1.0000007 284812 104904 6 2 513117.26 9.3867431 22.1003 25.033375 97 1053875 232523 41626 290 0 0 0 0 0 0 553 313046 17212
25.04 0.194824 -0.043428 6.00155 42567 1.0000007 284722 104849 6 2 505873.04 9.3867431 22.1003 25.04 97 1051247 230823 41507 291 0 0 0 0 0 0 553 312940 16969
25.046625 0.194824 -0.042734 6.00156 42569 1.0000007 284732 104806 6 2 505247 9.3867431 22.1003 25.046625 91 1050882 230699 41083 292 0 0 0 0 0 0 553 312949 16948
25.053375 0.194824 -0.042027 6.00156 42570 1.0000007 284698 104795 6 2 506200.97 9.3867431 22.1003 25.053375 90 1050973 231126 41469 293 0 0 0 0 0 0 553 312929 16980
25.06 0.194824 -0.0413331 6.00157 42572 1.0000007 284767 104852 5 2 514548.22 9.3867431 22.1003 25.06 92 1051769 231433 41405 294 0 0 0 0 0 0 553 312998 17260
25.066625 0.194824 -0.0406391 6.00157 42573 1.0000007 284815 104834 5 2 509629.3 9.3867431 22.1003 25.066625 89 1051162 231192 41569 295 0 0 0 0 0 0 553 313047 17095
25.073375 0.194824 -0.0399321 6.00158 42575 1.0000007 284639 104716 7 2 516515.78 9.3867431 22.1003 25.073375 91 1048663 230027 41949 296 0 0 0 0 0 0 553 312846 17326
25.08 0.194824 -0.0392381 6.00158 42576 1.0000007 284679 104756 6 2 508347.4 9.3867431 22.1003 25.08 91 1048564 230130 41430 297 0 0 0 0 0 0 553 312898 17052
25.086625 0.194824 -0.0385442 6.00159 42578 1.0000007 284871 104928 6 2 513445.19 9.3867431 22.1003 25.086625 89 1048052 229813 41404 298 0 0 0 0 0 0 553 313097 17223
25.093375 0.194824 -0.0378371 6.00159 42579 1.0000007 284783 104892 5 2 509092.69 9.3867431 22.1003 25.093375 88 1047911 229280 41276 299 0 0 0 0 0 0 553 313038 17077
25.1 0.194824 -0.0371432 6.0016 42581 1.0000007 284623 104734 5 2 506737.58 9.3867431 22.1003 25.1 91 1046378 229462 41606 300 0 0 0 0 0 0 553 312827 