Eta  H  K  L  Epoch  Sec  ion1  Hubmon  scan_bar  Filters  Correct  Qmag  Energy  Graze  p_peak  p_total  p_del_s  p_nu_s  p_image  p_xcen  p_xsig  p_ycen  p_ysig  power  tempsp  gun_on  ion0  p_point
23.1 0.194824 -0.246573 5.99664 42593 1.0000007 284729 104834 5 2 510165.91 9.3867431 22.1003 23.1 96 1042060 226813 41036 0 0 0 0 0 0 0 553 312964 17113
23.106625 0.194824 -0.24588 5.99667 42594 1.0000007 284669 104854 6 2 505038.32 9.3867431 22.1003 23.106625 92 1042268 227177 41051 1 0 0 0 0 0 0 553 312892 16941
23.113375 0.194824 -0.245173 5.9967 42596 1.0000007 284720 104861 5 2 496899.75 9.3867431 22.1003 23.113375 91 1043062 226792 40477 2 0 0 0 0 0 0 553 312963 16668
23.12 0.194824 -0.24448 5.99673 42597 1.0000007 284707 104807 6 2 496780.5 9.3867431 22.1003 23.12 93 1041944 227072 40801 3 0 0 0 0 0 0 553 312945 16664
23.126625 0.194824 -0.243787 5.99676 42599 1.0000007 284701 104811 5 2 505336.43 9.3867431 22.1003 23.126625 91 1043618 227920 41263 4 0 0 0 0 0 0 553 312922 16951
23.133375 0.194824 -0.24308 5.99679 42600 1.0000007 284618 104793 6 2 499463.55 9.3867431 22.1003 23.133375 88 1041103 226489 40704 5 0 0 0 0 0 0 553 312863 16754
23.14 0.194824 -0.242387 5.99682 42602 1.0000007 284638 104813 6 2 500417.52 9.3867431 22.1003 23.14 90 1042634 227286 40952 6 0 0 0 0 0 0 553 312858 16786
23.146625 0.194824 -0.241693 5.99684 42603 1.0000007 284605 104801 5 2 501520.55 9.3867431 22.1003 23.146625 86 1043770 228208 40783 7 0 0 0 0 0 0 553 312825 16823
23.153375 0.194824 -0.240987 5.99687 42605 1.0000007 284838 104958 6 2 502444.71 9.3867431 22.1003 23.153375 89 1042908 227059 40931 8 0 0 0 0 0 0 553 313073 16854
23.16 0.194824 -0.240293 5.9969 42607 1.0000007 284728 104872 6 2 501103.18 9.3867431 22.1003 23.16 91 1045640 228183 41178 9 0 0 0 0 0 0 553 312958 16809
23.166625 0.194824 -0.2396 5.99693 42608 1.0000007 284625 104835 6 2 505932.66 9.3867431 22.1003 23.166625 90 1044130 227569 40770 10 0 0 0 0 0 0 553 312847 16971
23.173375 0.194824 -0.238894 5.99696 42609 1.0000007 284505 104782 5 2 503040.94 9.3867431 22.1003 23.173375 93 1044531 227096 40990 11 0 0 0 0 0 0 553 312728 16874
23.18 0.194824 -0.2382 5.99698 42611 1.0000007 284672 104871 6 2 506200.97 9.3867431 22.1003 23.18 88 1044320 227947 41261 12 0 0 0 0 0 0 553 312897 16980
23.186625 0.194824 -0.237507 5.99701 42612 1.0000007 284603 104847 5 2 504501.71 9.3867431 22.1003 23.186625 93 1044654 228057 40875 13 0 0 0 0 0 0 553 312812 16923
23.193375 0.194824 -0.2368 5.99704 42614 1.0000007 284627 104878 6 2 507959.85 9.3867431 22.1003 23.193375 88 1046672 228063 41190 14 0 0 0 0 0 0 553 312859 17039
23.2 0.194824 -0.236107 5.99707 42615 1.0000007 284801 104929 6 2 500566.58 9.3867431 22.1003 23.2 92 1044936 227466 41010 15 0 0 0 0 0 0 553 313042 16791
23.206625 0.194824 -0.235413 5.99709 42617 1.0000007 284676 104883 5 2 503428.49 9.3867431 22.1003 23.206625 88 1047436 227797 41146 16 0 0 0 0 0 0 553 312926 16887
23.213375 0.194824 -0.234707 5.99712 42618 1.0000007 284705 104942 5 2 515412.75 9.3867431 22.1003 23.213375 93 1047389 228800 41561 17 0 0 0 0 0 0 553 312956 17289
23.22 0.194824 -0.234013 5.99715 42620 1.0000007 284756 104935 5 2 508675.33 9.3867431 22.1003 23.22 98 1048272 228508 41566 18 0 0 0 0 0 0 553 312996 17063
23.226625 0.194824 -0.23332 5.99718 42621 1.0000007 284804 104995 6 2 504859.45 9.3867431 22.1003 23.226625 97 1047336 228654 41003 19 0 0 0 0 0 0 553 313024 16935
23.233375 0.194824 -0.232613 5.9972 42623 1.0000007 284710 104946 5 2 499821.29 9.3867431 22.1003 23.233375 89 1048077 228787 41058 20 0 0 0 0 0 0 553 312939 16766
23.24 0.194824 -0.23192 5.99723 42624 1.0000007 284745 104960 6 2 506051.91 9.3867431 22.1003 23.24 91 1049858 228886 41203 21 0 0 0 0 0 0 553 312981 16975
23.246625 0.194824 -0.231227 5.99726 42626 1.0000007 284707 104955 6 2 504024.72 9.3867431 22.1003 23.246625 89 1049789 228730 40814 22 0 0 0 0 0 0 553 312937 16907
23.253375 0.194824 -0.23052 5.99728 42627 1.0000007 284648 104859 5 2 507393.43 9.3867431 22.1003 23.253375 89 1046564 228270 41390 23 0 0 0 0 0 0 553 312872 17020
23.26 0.194824 -0.229827 5.99731 42629 1.0000007 284646 104951 5 2 500119.4 9.3867431 22.1003 23.26 93 1047128 228614 41040 24 0 0 0 0 0 0 553 312874 16776
23.266625 0.194824 -0.229133 5.99734 42630 1.0000007 284764 105050 6 2 512938.39 9.3867431 22.1003 23.266625 94 1049509 229692 41542 25 0 0 0 0 0 0 553 313021 17206
23.273375 0.194824 -0.228427 5.99736 42631 1.0000007 284727 104995 6 2 508228.16 9.3867431 22.1003 23.273375 89 1048993 228772 41173 26 0 0 0 0 0 0 553 312952 17048
23.28 0.194824 -0.227733 5.99739 42633 1.0000007 284728 104908 5 2 506618.33 9.3867431 22.1003 23.28 89 1051087 229546 41450 27 0 0 0 0 0 0 553 312944 16994
23.286625 0.194824 -0.22704 5.99742 42634 1.0000007 284771 104968 5 2 503905.47 9.3867431 22.1003 23.286625 97 1051658 229027 41087 28 0 0 0 0 0 0 553 313003 16903
23.293375 0.194824 -0.226333 5.99744 42636 1.0000007 284736 105065 5 2 512640.27 9.3867431 22.1003 23.293375 87 1051754 229274 41394 29 0 0 0 0 0 0 553 312950 17196
23.3 0.194824 -0.22564 5.99747 42637 1.0000007 284699 104948 5 2 508764.77 9.3867431 22.1003 23.3 88 1048620 228712 41561 30 0 0 0 0 0 0 553 312937 17066
23.306625 0.194824 -0.224946 5.9975 42639 1.0000007 284682 104981 6 2 505753.79 9.3867431 22.1003 23.306625 91 1051501 229623 41287 31 0 0 0 0 0 0 553 312913 16965
23.313375 0.194824 -0.22424 5.99752 42640 1.0000007 284810 105036 6 2 509629.3 9.3867431 22.1003 23.313375 104 1054129 230024 41320 32 0 0 0 0 0 0 553 313051 17095
23.32 0.194824 -0.223546 5.99755 42642 1.0000007 284612 104986 5 2 511775.74 9.3867431 22.1003 23.32 90 1052137 229581 41331 33 0 0 0 0 0 0 553 312823 17167
23.326625 0.194824 -0.222853 5.99757 42643 1.0000007 284706 105006 5 2 515144.45 9.3867431 22.1003 23.326625 96 1054103 230619 41629 34 0 0 0 0 0 0 553 312933 17280
23.333375 0.194824 -0.222146 5.9976 42645 1.0000007 284746 105007 5 2 508407.03 9.3867431 22.1003 23.333375 89 1053913 230035 41313 35 0 0 0 0 0 0 553 313012 17054
23.34 0.194824 -0.221452 5.99763 42646 1.0000007 284675 105009 6 2 513892.36 9.3867431 22.1003 23.34 90 1053002 229858 41330 36 0 0 0 0 0 0 553 312908 17238
23.346625 0.194824 -0.220759 5.99765 42648 1.0000007 284634 104951 6 2 513445.19 9.3867431 22.1003 23.346625 94 1054283 231221 41647 37 0 0 0 0 0 0 553 312855 17223
23.353375 0.194824 -0.220052 5.99768 42649 1.0000007 284632 104955 5 2 508526.27 9.3867431 22.1003 23.353375 95 1053712 231280 41661 38 0 0 0 0 0 0 553 312867 17058
23.36 0.194824 -0.219359 5.9977 42651 1.0000007 284675 105002 6 2 517708.25 9.3867431 22.1003 23.36 95 1056049 231518 41680 39 0 0 0 0 0 0 553 312884 17366
23.366625 0.194824 -0.218665 5.99773 42652 1.0000007 284682 105013 5 2 513743.3 9.3867431 22.1003 23.366625 91 1055651 231315 41737 40 0 0 0 0 0 0 553 312916 17233
23.373375 0.194824 -0.217959 5.99775 42654 1.0000007 284600 104950 7 2 520122.99 9.3867431 22.1003 23.373375 86 1055296 231638 41659 41 0 0 0 0 0 0 553 312844 17447
23.38 0.194824 -0.217265 5.99778 42655 1.0000007 284499 104863 6 2 512521.03 9.3867431 22.1003 23.38 89 1056010 230115 41458 42 0 0 0 0 0 0 553 312708 17192
23.386625 0.194824 -0.216572 5.9978 42657 1.0000007 284583 104901 6 2 519735.43 9.3867431 22.1003 23.386625 95 1056760 231021 41863 43 0 0 0 0 0 0 553 312825 17434
23.393375 0.194824 -0.215865 5.99783 42658 1.0000007 284499 104905 5 2 515621.43 9.3867431 22.1003 23.393375 93 1057365 231705 41798 44 0 0 0 0 0 0 553 312726 17296
23.4 0.194824 -0.215172 5.99785 42660 1.0000007 284728 105017 5 2 508585.9 9.3867431 22.1003 23.4 87 1058671 232307 41615 45 0 0 0 0 0 0 553 312958 17060
23.406625 0.194824 -0.214478 5.99788 42661 1.0000007 284703 104998 5 2 506350.03 9.3867431 22.1003 23.406625 89 1057752 231362 41306 46 0 0 0 0 0 0 553 312952 16985
23.413375 0.194824 -0.213772 5.9979 42663 1.0000007 284613 104913 5 2 517320.69 9.3867431 22.1003 23.413375 87 1059584 232017 41961 47 0 0 0 0 0 0 553 312831 17353
23.42 0.194824 -0.213078 5.99793 42664 1.0000007 284705 105011 5 2 515919.55 9.3867431 22.1003 23.42 88 1060806 232645 42367 48 0 0 0 0 0 0 553 312916 17306
23.426625 0.194824 -0.212384 5.99795 42666 1.0000007 284473 104913 5 2 510911.2 9.3867431 22.1003 23.426625 88 1059174 232405 41831 49 0 0 0 0 0 0 553 312693 17138
23.433375 0.194824 -0.211678 5.99798 42667 1.0000007 284691 105052 6 2 515979.17 9.3867431 22.1003 23.433375 89 1061186 232303 42092 50 0 0 0 0 0 0 553 312935 17308
23.44 0.194824 -0.210984 5.998 42669 1.0000007 284628 104979 5 2 519228.64 9.3867431 22.1003 23.44 92 1061013 232618 42000 51 0 0 0 0 0 0 553 312843 17417
23.446625 0.194824 -0.210291 5.99803 42670 1.0000007 284591 104930 5 2 515919.55 9.3867431 22.1003 23.446625 90 1063554 233253 42183 52 0 0 0 0 0 0 553 312812 17306
23.453375 0.194824 -0.209584 5.99805 42672 1.0000007 284576 104984 5 2 515084.82 9.3867431 22.1003 23.453375 89 1062287 233591 41895 53 0 0 0 0 0 0 553 312805 17278
23.46 0.194824 -0.208891 5.99808 42673 1.0000007 284522 104917 6 2 521673.19 9.3867431 22.1003 23.46 88 1061730 232737 42017 54 0 0 0 0 0 0 553 312745 17499
23.466625 0.194824 -0.208197 5.9981 42675 1.0000007 284502 104915 5 2 522150.17 9.3867431 22.1003 23.466625 99 1063163 233761 42478 55 0 0 0 0 0 0 553 312728 17515
23.473375 0.194824 -0.20749 5.99812 42676 1.0000007 284565 105026 5 2 520540.35 9.3867431 22.1003 23.473375 87 1063919 233914 42383 56 0 0 0 0 0 0 553 312797 17461
23.48 0.194824 -0.206797 5.99815 42678 1.0000007 284430 104867 5 2 521226.01 9.3867431 22.1003 23.48 91 1064192 233532 42394 57 0 0 0 0 0 0 553 312659 17484
23.486625 0.194824 -0.206103 5.99817 42679 1.0000007 284493 104925 5 2 520838.46 9.3867431 22.1003 23.486625 90 1064245 234392 42143 58 0 0 0 0 0 0 553 312724 17471
23.493375 0.194824 -0.205397 5.9982 42681 1.0000007 284558 104970 6 2 525131.33 9.3867431 22.1003 23.493375 97 1066068 234485 42590 59 0 0 0 0 0 0 553 312775 17615
23.5 0.194824 -0.204703 5.99822 42682 1.0000007 284565 104971 6 2 526323.8 9.3867431 22.1003 23.5 90 1066938 234914 42518 60 0 0 0 0 0 0 553 312794 17655
23.506625 0.194824 -0.20401 5.99824 42684 1.0000007 284571 105027 5 2 518870.9 9.3867431 22.1003 23.506625 97 1066410 234764 42286 61 0 0 0 0 0 0 553 312800 17405
23.513375 0.194824 -0.203303 5.99827 42685 1.0000007 284527 104965 5 2 524624.54 9.3867431 22.1003 23.513375 90 1066319 234965 42427 62 0 0 0 0 0 0 553 312741 17598
23.52 0.194824 -0.202609 5.99829 42687 1.0000007 284557 104986 5 2 510762.14 9.3867431 22.1003 23.52 93 1067773 235393 42228 63 0 0 0 0 0 0 553 312799 17133
23.526625 0.194824 -0.201916 5.99831 42688 1.0000007 284461 104966 6 2 531361.96 9.3867431 22.1003 23.526625 91 1068777 235868 42537 64 0 0 0 0 0 0 553 312692 17824
23.533375 0.194824 -0.201209 5.99834 42690 1.0000007 284590 104982 5 2 534521.99 9.3867431 22.1003 23.533375 87 1070529 236389 42844 65 0 0 0 0 0 0 553 312799 17930
23.54 0.194824 -0.200516 5.99836 42691 1.0000007 284479 104906 5 2 528738.54 9.3867431 22.1003 23.54 87 1068188 235484 42773 66 0 0 0 0 0 0 553 312690 17736
23.546625 0.194824 -0.199822 5.99838 42693 1.0000007 284574 104960 5 2 526383.42 9.3867431 22.1003 23.546625 95 1070202 236446 42670 67 0 0 0 0 0 0 553 312800 17657
23.553375 0.194824 -0.199115 5.99841 42694 1.0000007 284497 105009 5 2 535505.77 9.3867431 22.1003 23.553375 98 1074676 237362 42968 68 0 0 0 0 0 0 553 312708 17963
23.56 0.194824 -0.198422 5.99843 42696 1.0000007 282885 104305 5 2 524654.35 9.3867431 22.1003 23.56 92 1066796 236017 42716 69 0 0 0 0 0 0 553 311045 17599
23.566625 0.194824 -0.197728 5.99845 42697 1.0000007 284818 105090 6 2 526741.16 9.3867431 22.1003 23.566625 91 1074211 238397 43489 70 0 0 0 0 0 0 553 313046 17669
23.573375 0.194824 -0.197021 5.99848 42699 1.0000007 284913 105158 6 2 531719.7 9.3867431 22.1003 23.573375 89 1077031 238968 43420 71 0 0 0 0 0 0 553 313142 17836
23.58 0.194824 -0.196328 5.9985 42700 1.0000007 284970 105228 5 2 532584.23 9.3867431 22.1003 23.58 90 1077367 238696 43187 72 0 0 0 0 0 0 553 313212 17865
23.586625 0.194824 -0.195634 5.99852 42702 1.0000007 284805 105132 5 2 540156.38 9.3867431 22.1003 23.586625 89 1077457 240250 43510 73 0 0 0 0 0 0 553 313025 18119
23.593375 0.194824 -0.194928 5.99855 42703 1.0000007 284878 105166 5 2 532733.29 9.3867431 22.1003 23.593375 90 1080300 240540 43432 74 0 0 0 0 0 0 553 313086 17870
23.6 0.194824 -0.194234 5.99857 42705 1.0000007 284793 105132 6 2 536906.92 9.3867431 22.1003 23.6 89 1082192 240829 43631 75 0 0 0 0 0 0 553 312990 18010
23.606625 0.194824 -0.19354 5.99859 42706 1.0000007 284906 105171 6 2 539470.71 9.3867431 22.1003 23.606625 99 1083337 240999 43676 76 0 0 0 0 0 0 553 313140 18096
23.613375 0.194824 -0.192834 5.99861 42708 1.0000007 284822 105192 5 2 539262.03 9.3867431 22.1003 23.613375 93 1083826 241589 43865 77 0 0 0 0 0 0 553 313061 18089
23.62 0.194824 -0.19214 5.99864 42709 1.0000007 284803 105209 5 2 546237.95 9.3867431 22.1003 23.62 95 1084692 241724 44148 78 0 0 0 0 0 0 553 313016 18323
23.626625 0.194824 -0.191446 5.99866 42711 1.0000007 284925 105259 6 2 543107.73 9.3867431 22.1003 23.626625 87 1086545 242739 44082 79 0 0 0 0 0 0 553 313147 18218
23.633375 0.194824 -0.19074 5.99868 42712 1.0000007 284899 105158 6 2 543912.64 9.3867431 22.1003 23.633375 92 1087047 242536 44085 80 0 0 0 0 0 0 553 313137 18245
23.64 0.194824 -0.190046 5.9987 42714 1.0000007 284700 105131 5 2 554585.19 9.3867431 22.1003 23.64 91 1087582 243362 44521 81 0 0 0 0 0 0 553 312923 18603
23.646625 0.194824 -0.189352 5.99872 42715 1.0000007 284870 105149 5 2 552349.32 9.3867431 22.1003 23.646625 92 1087434 243739 44357 82 0 0 0 0 0 0 553 313107 18528
23.653375 0.194824 -0.188646 5.99875 42717 1.0000007 284960 105239 5 2 542034.51 9.3867431 22.1003 23.653375 95 1092104 244504 44406 83 0 0 0 0 0 0 553 313163 18182
23.66 0.194824 -0.187952 5.99877 42718 1.0000007 284894 105217 5 2 553631.22 9.3867431 22.1003 23.66 92 1090921 244780 44784 84 0 0 0 0 0 0 553 313115 18571
23.666625 0.194824 -0.187259 5.99879 42719 1.0000007 284986 105303 7 2 552349.32 9.3867431 22.1003 23.666625 88 1093409 246747 45060 85 0 0 0 0 0 0 553 313195 18528
23.673375 0.194824 -0.186552 5.99881 42721 1.0000007 284826 105121 5 2 556672.01 9.3867431 22.1003 23.673375 91 1093995 247104 45166 86 0 0 0 0 0 0 553 313037 18673
23.68 0.194824 -0.185858 5.99883 42723 1.0000007 284730 105155 5 2 556761.44 9.3867431 22.1003 23.68 95 1095729 247303 45238 87 0 0 0 0 0 0 553 312968 18676
23.686625 0.194824 -0.185165 5.99886 42724 1.0000007 284805 105175 6 2 564452.83 9.3867431 22.1003 23.686625 94 1097090 248894 45674 88 0 0 0 0 0 0 553 313022 18934
23.693375 0.194824 -0.184458 5.99888 42725 1.0000007 284853 105205 5 2 554644.82 9.3867431 22.1003 23.693375 91 1096313 248906 45167 89 0 0 0 0 0 0 553 313072 18605
23.7 0.194824 -0.183764 5.9989 42727 1.0000007 284814 105232 5 2 560040.72 9.3867431 22.1003 23.7 88 1098597 249756 45798 90 0 0 0 0 0 0 553 313026 18786
23.706625 0.194824 -0.183071 5.99892 42728 1.0000007 284779 105188 4 2 555479.54 9.3867431 22.1003 23.706625 87 1100979 250860 45627 91 0 0 0 0 0 0 553 312992 18633
23.713375 0.194824 -0.182364 5.99894 42730 1.0000007 284818 105192 5 2 571071.01 9.3867431 22.1003 23.713375 99 1105110 252722 46632 92 0 0 0 0 0 0 553 313044 19156
23.72 0.194824 -0.18167 5.99896 42731 1.0000007 284758 105208 6 2 565555.86 9.3867431 22.1003 23.72 89 1107475 253046 46399 93 0 0 0 0 0 0 553 312997 18971
23.726625 0.194824 -0.180976 5.99898 42733 1.0000007 284756 105150 6 2 578046.92 9.3867431 22.1003 23.726625 97 1109366 254670 47231 94 0 0 0 0 0 0 553 312985 19390
23.733375 0.194824 -0.18027 5.999 42734 1.0000007 284763 105160 5 2 573396.31 9.3867431 22.1003 23.733375 100 1109895 255030 46810 95 0 0 0 0 0 0 553 312970 19234
23.74 0.194824 -0.179576 5.99902 42736 1.0000007 284751 105113 6 2 579149.95 9.3867431 22.1003 23.74 95 1114927 258020 47329 96 0 0 0 0 0 0 553 312943 19427
23.746625 0.194824 -0.178882 5.99905 42737 1.0000007 284768 105216 5 2 583472.64 9.3867431 22.1003 23.746625 100 1117071 259453 47683 97 0 0 0 0 0 0 553 312989 19572
23.753375 0.194824 -0.178176 5.99907 42739 1.0000007 284863 105268 6 2 587199.09 9.3867431 22.1003 23.753375 103 1119857 261626 48221 98 0 0 0 0 0 0 553 313083 19697
23.76 0.194824 -0.177482 5.99909 42740 1.0000007 284702 105165 6 2 596858.04 9.3867431 22.1003 23.76 105 1123651 263001 48725 99 0 0 0 0 0 0 553 312916 20021
23.766625 0.194824 -0.176788 5.99911 42742 1.0000007 284841 105267 6 2 596738.8 9.3867431 22.1003 23.766625 109 1127104 266357 49050 100 0 0 0 0 0 0 553 313047 20017
23.773375 0.194824 -0.176082 5.99913 42743 1.0000007 284909 105328 5 2 610362.7 9.3867431 22.1003 23.773375 111 1129454 268177 49425 101 0 0 0 0 0 0 553 313139 20474
23.78 0.194824 -0.175388 5.99915 42745 1.0000007 284911 105322 5 2 618799.38 9.3867431 22.1003 23.78 119 1133778 271175 50380 102 0 0 0 0 0 0 553 313125 20757
23.786625 0.194824 -0.174694 5.99917 42746 1.0000007 284745 105237 5 2 619365.8 9.3867431 22.1003 23.786625 120 1137140 273162 50443 103 0 0 0 0 0 0 553 312953 20776
23.793375 0.194824 -0.173988 5.99919 42748 1.0000007 284767 105185 6 2 628160.22 9.3867431 22.1003 23.793375 132 1141671 277722 51180 104 0 0 0 0 0 0 553 312968 21071
23.8 0.194824 -0.173294 5.99921 42749 1.0000007 284806 105284 5 2 647239.65 9.3867431 22.1003 23.8 148 1149441 282917 52646 105 0 0 0 0 0 0 553 313020 21711
23.806625 0.194824 -0.1726 5.99923 42751 1.0000007 284767 105217 6 2 647835.88 9.3867431 22.1003 23.806625 154 1155786 288081 52666 106 0 0 0 0 0 0 553 312975 21731
23.813375 0.194824 -0.171893 5.99925 42752 1.0000007 284780 105276 6 2 644824.91 9.3867431 22.1003 23.813375 199 1163414 294061 53327 107 0 0 0 0 0 0 553 313004 21630
23.82 0.194824 -0.1712 5.99927 42753 1.0000007 284811 105313 7 2 661608.84 9.3867431 22.1003 23.82 229 1171371 301638 54645 108 0 0 0 0 0 0 553 313046 22193
23.826625 0.194824 -0.170506 5.99929 42755 1.0000007 284752 105218 6 2 679197.68 9.3867431 22.1003 23.826625 275 1182053 310563 55548 109 0 0 0 0 0 0 553 312969 22783
23.833375 0.194824 -0.169799 5.99931 42756 1.0000007 284817 105330 5 2 693805.37 9.3867431 22.1003 23.833375 351 1194556 321167 56964 110 0 0 0 0 0 0 553 313033 23273
23.84 0.194824 -0.169106 5.99933 42758 1.0000007 284822 105268 7 2 700065.8 9.3867431 22.1003 23.84 477 1205682 333698 58222 111 0 0 0 0 0 0 553 313034 23483
23.846625 0.194824 -0.168412 5.99935 42759 1.0000007 284774 105304 5 2 721500.34 9.3867431 22.1003 23.846625 654 1225818 350509 60067 112 0 0 0 0 0 0 553 312979 24202
23.853375 0.194824 -0.167705 5.99937 42761 1.0000007 284830 105339 5 2 734319.33 9.3867431 22.1003 23.853375 962 1247554 372328 62058 113 0 0 0 0 0 0 553 313050 24632
23.86 0.194824 -0.167011 5.99939 42762 1.0000007 284843 105384 6 2 755962.55 9.3867431 22.1003 23.86 1399 1278065 400697 64251 114 0 0 0 0 0 0 553 313057 25358
23.866625 0.194824 -0.166318 5.99941 42764 1.0000007 284732 105243 5 2 767857.38 9.3867431 22.1003 23.866625 2022 1314084 437059 67049 115 0 0 0 0 0 0 553 312946 25757
23.873375 0.194824 -0.165611 5.99943 42766 1.0000007 284763 105255 5 2 804793.95 9.3867431 22.1003 23.873375 3102 1364534 488067 71302 116 0 0 0 0 0 0 553 312940 26996
23.88 0.194824 -0.164917 5.99945 42767 1.0000007 284879 105335 6 2 825900.57 9.3867431 22.1003 23.88 4669 1436392 556412 75901 117 0 0 0 0 0 0 553 313104 27704
23.886625 0.194824 -0.164223 5.99946 42769 1.0000007 284811 105355 5 2 856874.82 9.3867431 22.1003 23.886625 7044 1528533 647159 81702 118 0 0 0 0 0 0 553 313037 28743
23.893375 0.194824 -0.163517 5.99948 42770 1.0000007 284768 105273 5 2 877206.33 9.3867431 22.1003 23.893375 11211 1653404 772495 88886 119 0 0 0 0 0 0 553 312960 29425
23.9 0.194824 -0.162823 5.9995 42772 1.0000007 284787 105294 6 2 903947.34 9.3867431 22.1003 23.9 17442 1831328 946637 98512 120 0 0 0 0 0 0 553 312987 30322
23.906625 0.194824 -0.162129 5.99952 42773 1.0000007 284690 105165 5 2 932149.11 9.3867431 22.1003 23.906625 28647 2069071 1182032 112124 121 0 0 0 0 0 0 553 312883 31268
23.913375 0.194824 -0.161422 5.99954 42775 1.0000007 284678 105214 6 2 972514.02 9.3867431 22.1003 23.913375 46985 2408166 1522835 130609 122 0 0 0 0 0 0 553 312880 32622
23.92 0.194824 -0.160729 5.99956 42776 1.0000007 284687 105210 5 2 1019437.5 9.3867431 22.1003 23.92 74424 2856075 1969083 154742 123 0 0 0 0 0 0 553 312888 34196
23.926625 0.194824 -0.160035 5.99958 42778 1.0000007 284674 105200 6 2 1062873 9.3867431 22.1003 23.926625 126206 3467428 2579784 186843 124 0 0 0 0 0 0 553 312878 35653
23.933375 0.194824 -0.159328 5.9996 42779 1.0000007 284476 105100 7 2 1149684.4 9.3867431 22.1003 23.933375 205211 4315593 3428914 232594 125 0 0 0 0 0 0 553 312660 38565
23.94 0.194824 -0.158635 5.99962 42780 1.0000007 284510 105122 5 2 1219532.9 9.3867431 22.1003 23.94 290442 5400286 4515280 298962 126 0 0 0 0 0 0 553 312710 40908
23.946625 0.194824 -0.157941 5.99963 42782 1.0000007 284478 105014 5 2 1333383.4 9.3867431 22.1003 23.946625 445223 6566729 5684091 387864 127 0 0 0 0 0 0 553 312717 44727
23.953375 0.194824 -0.157234 5.99965 42783 1.0000007 284465 105073 7 2 1410029.1 9.3867431 22.1003 23.953375 586359 7568871 6686242 465632 128 0 0 0 0 0 0 553 312686 47298
23.96 0.194824 -0.15654 5.99967 42785 1.0000007 284312 105018 5 2 1490550.2 9.3867431 22.1003 23.96 591838 8166068 7284971 526441 129 0 0 0 0 0 0 553 312518 49999
23.966625 0.194824 -0.155846 5.99969 42786 1.0000007 284285 104931 6 2 1578106.9 9.3867431 22.1003 23.966625 571677 8533279 7652365 611263 130 0 0 0 0 0 0 553 312510 52936
23.973375 0.194824 -0.15514 5.99971 42788 1.0000007 284315 104951 5 2 1631260.9 9.3867431 22.1003 23.973375 634298 8459667 7583115 718437 131 0 0 0 0 0 0 553 312531 54719
23.98 0.194824 -0.154446 5.99972 42789 1.0000007 284217 104966 7 2 1661370.7 9.3867431 22.1003 23.98 590988 7998643 7123018 805603 132 0 0 0 0 0 0 553 312440 55729
23.986625 0.194824 -0.153752 5.99974 42791 1.0000007 284191 104960 5 2 1621572.2 9.3867431 22.1003 23.986625 451995 6950255 6076429 782970 133 0 0 0 0 0 0 553 312425 54394
23.993375 0.194824 -0.153045 5.99976 42792 1.0000007 284236 104902 6 2 1551276.4 9.3867431 22.1003 23.993375 281958 5474884 4603994 648755 134 0 0 0 0 0 0 553 312469 52036
24 0.194824 -0.152352 5.99978 42794 1.0000007 284124 104818 5 2 1477939.9 9.3867431 22.1003 24 184259 4084224 3213506 489788 135 0 0 0 0 0 0 553 312351 49576
24.006625 0.194824 -0.151658 5.9998 42795 1.0000007 284088 104825 6 2 1412682.3 9.3867431 22.1003 24.006625 107853 2976521 2108166 369581 136 0 0 0 0 0 0 553 312298 47387
24.013375 0.194824 -0.150951 5.99981 42797 1.0000007 284091 104754 6 2 1360512 9.3867431 22.1003 24.013375 59179 2232311 1363552 281201 137 0 0 0 0 0 0 553 312329 45637
24.02 0.194824 -0.150257 5.99983 42798 1.0000007 284037 104734 7 2 1330074.3 9.3867431 22.1003 24.02 28559 1814717 947458 226538 138 0 0 0 0 0 0 553 312253 44616
24.026625 0.194824 -0.149564 5.99985 42800 1.0000007 284059 104766 5 2 1291826.1 9.3867431 22.1003 24.026625 15461 1602716 736603 193652 139 0 0 0 0 0 0 553 312288 43333
24.033375 0.194824 -0.148857 5.99987 42801 1.0000007 283782 104587 5 2 1264965.8 9.3867431 22.1003 24.033375 9873 1486912 621372 172024 140 0 0 0 0 0 0 553 311982 42432
24.04 0.194824 -0.148163 5.99988 42803 1.0000007 283939 104676 6 2 1249225.3 9.3867431 22.1003 24.04 6122 1416829 550506 153608 141 0 0 0 0 0 0 553 312176 41904
24.046625 0.194824 -0.147469 5.9999 42804 1.0000007 283951 104693 7 2 1242130.1 9.3867431 22.1003 24.046625 3951 1369692 503227 140612 142 0 0 0 0 0 0 553 312168 41666
24.053375 0.194824 -0.146762 5.99992 42806 1.0000007 283825 104675 6 2 1252355.5 9.3867431 22.1003 24.053375 2865 1340056 473881 130630 143 0 0 0 0 0 0 553 312052 42009
24.06 0.194824 -0.146069 5.99993 42807 1.0000007 284010 104729 5 2 1270689.6 9.3867431 22.1003 24.06 2195 1320672 454078 123295 144 0 0 0 0 0 0 553 312265 42624
24.066625 0.194824 -0.145375 5.99995 42809 1.0000007 283961 104629 6 2 1287413.9 9.3867431 22.1003 24.066625 1395 1302556 436762 117819 145 0 0 0 0 0 0 553 312196 43185
24.073375 0.194824 -0.144668 5.99997 42810 1.0000007 283859 104676 6 2 1318596.9 9.3867431 22.1003 24.073375 899 1290179 425385 114097 146 0 0 0 0 0 0 553 312067 44231
24.08 0.194824 -0.143974 5.99998 42812 1.0000007 283745 104561 5 2 1349988.5 9.3867431 22.1003 24.08 845 1281184 416711 111645 147 0 0 0 0 0 0 553 311953 45284
24.086625 0.194824 -0.14328 6 42813 1.0000007 283735 104579 7 2 1376640.1 9.3867431 22.1003 24.086625 614 1276459 411910 110119 148 0 0 0 0 0 0 553 311973 46178
24.093375 0.194824 -0.142574 6.00002 42815 1.0000007 283701 104535 5 2 1412891 9.3867431 22.1003 24.093375 504 1273536 408841 110576 149 0 0 0 0 0 0 553 311924 47394
24.1 0.194824 -0.14188 6.00003 42816 1.0000007 284825 105057 5 2 1451169.1 9.3867431 22.1003 24.1 506 1278208 411462 112002 150 0 0 0 0 0 0 553 313048 48678
24.106625 0.194824 -0.141186 6.00005 42818 1.0000007 284795 105039 6 2 1523581.4 9.3867431 22.1003 24.106625 510 1280729 412293 115454 151 0 0 0 0 0 0 553 313014 51107
24.113375 0.194824 -0.140479 6.00007 42820 1.0000007 284721 104930 5 2 1590180.6 9.3867431 22.1003 24.113375 465 1281274 412845 118497 152 0 0 0 0 0 0 553 312918 53341
24.12 0.194824 -0.139785 6.00008 42821 1.0000007 284718 104946 5 2 1671327.7 9.3867431 22.1003 24.12 503 1281243 413878 121566 153 0 0 0 0 0 0 553 312940 56063
24.126625 0.194824 -0.139092 6.0001 42822 1.0000007 284785 104944 7 2 1743263.1 9.3867431 22.1003 24.126625 477 1281865 414118 123809 154 0 0 0 0 0 0 553 313023 58476
24.133375 0.194824 -0.138385 6.00012 42824 1.0000007 284651 104890 6 2 1828375.2 9.3867431 22.1003 24.133375 495 1283639 415601 125901 155 0 0 0 0 0 0 553 312859 61331
24.14 0.194824 -0.137691 6.00013 42825 1.0000007 284523 104815 5 2 1899893.3 9.3867431 22.1003 24.14 525 1280763 415592 128453 156 0 0 0 0 0 0 553 312734 63730
24.146625 0.194824 -0.136997 6.00015 42827 1.0000007 284487 104791 6 2 1973080.7 9.3867431 22.1003 24.146625 620 1284542 417813 131797 157 0 0 0 0 0 0 553 312709 66185
24.153375 0.194824 -0.13629 6.00016 42828 1.0000007 284471 104836 5 2 2027546.5 9.3867431 22.1003 24.153375 565 1283638 418245 133605 158 0 0 0 0 0 0 553 312718 68012
24.16 0.194824 -0.135597 6.00018 42830 1.0000007 284502 104807 5 2 2114030 9.3867431 22.1003 24.16 552 1285958 421302 136888 159 0 0 0 0 0 0 553 312741 70913
24.166625 0.194824 -0.134903 6.0002 42831 1.0000007 284451 104779 6 2 2181016.7 9.3867431 22.1003 24.166625 544 1287263 423333 139536 160 0 0 0 0 0 0 553 312686 73160
24.173375 0.194824 -0.134196 6.00021 42833 1.0000007 284575 104858 5 2 2235214.1 9.3867431 22.1003 24.173375 547 1289955 424536 141410 161 0 0 0 0 0 0 553 312799 74978
24.18 0.194824 -0.133502 6.00023 42834 1.0000007 284336 104712 6 2 2290991.6 9.3867431 22.1003 24.18 564 1293483 427824 143609 162 0 0 0 0 0 0 553 312562 76849
24.186625 0.194824 -0.132808 6.00024 42836 1.0000007 284513 104831 5 2 2331952.8 9.3867431 22.1003 24.186625 567 1294030 429829 144675 163 0 0 0 0 0 0 553 312748 78223
24.193375 0.194824 -0.132101 6.00026 42837 1.0000007 284420 104778 6 2 2355056.8 9.3867431 22.1003 24.193375 571 1296334 431682 146226 164 0 0 0 0 0 0 553 312645 78998
24.2 0.194824 -0.131408 6.00027 42839 1.0000007 284479 104813 7 2 2395779.4 9.3867431 22.1003 24.2 572 1301083 435451 148178 165 0 0 0 0 0 0 553 312734 80364
24.206625 0.194824 -0.130714 6.00029 42840 1.0000007 284324 104680 5 2 2402755.3 9.3867431 22.1003 24.206625 559 1302264 438260 149452 166 0 0 0 0 0 0 553 312544 80598
24.213375 0.194824 -0.130007 6.0003 42842 1.0000007 284351 104710 5 2 2429854.1 9.3867431 22.1003 24.213375 512 1309969 445195 152249 167 0 0 0 0 0 0 553 312576 81507
24.22 0.194824 -0.129313 6.00032 42843 1.0000007 284425 104725 5 2 2419539.3 9.3867431 22.1003 24.22 516 1310320 447479 152856 168 0 0 0 0 0 0 553 312668 81161
24.226625 0.194824 -0.128619 6.00033 42844 1.0000007 284281 104687 5 2 2428870.3 9.3867431 22.1003 24.226625 510 1316253 453246 155408 169 0 0 0 0 0 0 553 312504 81474
24.233375 0.194824 -0.127912 6.00035 42846 1.0000007 284274 104645 7 2 2420403.8 9.3867431 22.1003 24.233375 462 1323773 460176 157483 170 0 0 0 0 0 0 553 312478 81190
24.24 0.194824 -0.127219 6.00036 42847 1.0000007 284232 104705 5 2 2414113.6 9.3867431 22.1003 24.24 457 1328018 464933 158841 171 0 0 0 0 0 0 553 312454 80979
24.246625 0.194824 -0.126525 6.00038 42849 1.0000007 284301 104700 5 2 2426932.5 9.3867431 22.1003 24.246625 479 1335647 472415 161894 172 0 0 0 0 0 0 553 312535 81409
24.253375 0.194824 -0.125818 6.00039 42850 1.0000007 284269 104648 5 2 2421745.3 9.3867431 22.1003 24.253375 600 1342503 480441 164255 173 0 0 0 0 0 0 553 312489 81235
24.26 0.194824 -0.125124 6.00041 42852 1.0000007 284329 104713 6 2 2427588.4 9.3867431 22.1003 24.26 791 1358176 494934 167812 174 0 0 0 0 0 0 553 312549 81431
24.266625 0.194824 -0.12443 6.00042 42853 1.0000007 284275 104671 5 2 2419926.8 9.3867431 22.1003 24.266625 742 1368871 506220 171183 175 0 0 0 0 0 0 553 312491 81174
24.273375 0.194824 -0.123723 6.00044 42855 1.0000007 284269 104607 5 2 2437694.5 9.3867431 22.1003 24.273375 870 1382272 520317 175440 176 0 0 0 0 0 0 553 312474 81770
24.28 0.194824 -0.123029 6.00045 42856 1.0000007 284325 104719 7 2 2445326.3 9.3867431 22.1003 24.28 1170 1395263 533723 179641 177 0 0 0 0 0 0 553 312542 82026
24.286625 0.194824 -0.122336 6.00047 42858 1.0000007 284306 104739 5 2 2462915.1 9.3867431 22.1003 24.286625 1309 1409939 549458 185101 178 0 0 0 0 0 0 553 312521 82616
24.293375 0.194824 -0.121629 6.00048 42859 1.0000007 284358 104743 6 2 2457459.6 9.3867431 22.1003 24.293375 1482 1428810 566281 190665 179 0 0 0 0 0 0 553 312583 82433
24.3 0.194824 -0.120935 6.00049 42861 1.0000007 284296 104691 5 2 2463451.8 9.3867431 22.1003 24.3 1945 1444665 584109 196748 180 0 0 0 0 0 0 553 312509 82634
24.306625 0.194824 -0.120241 6.00051 42862 1.0000007 284277 104709 6 2 2452212.8 9.3867431 22.1003 24.306625 2054 1467389 605548 202518 181 0 0 0 0 0 0 553 312492 82257
24.313375 0.194824 -0.119534 6.00052 42864 1.0000007 284218 104622 5 2 2451974.3 9.3867431 22.1003 24.313375 1961 1488117 629122 209292 182 0 0 0 0 0 0 553 312446 82249
24.32 0.194824 -0.11884 6.00054 42865 1.0000007 284165 104621 6 2 2425442 9.3867431 22.1003 24.32 2116 1515354 655991 215343 183 0 0 0 0 0 0 553 312387 81359
24.326625 0.194824 -0.118147 6.00055 42867 1.0000007 284128 104642 6 2 2398760.6 9.3867431 22.1003 24.326625 2816 1547212 688126 223131 184 0 0 0 0 0 0 553 312323 80464
24.333375 0.194824 -0.11744 6.00056 42868 1.0000007 284230 104733 5 2 2368084.4 9.3867431 22.1003 24.333375 3605 1584724 724669 229740 185 0 0 0 0 0 0 553 312455 79435
24.34 0.194824 -0.116746 6.00058 42870 1.0000007 284120 104643 6 2 2311054.9 9.3867431 22.1003 24.34 4658 1621085 763983 235752 186 0 0 0 0 0 0 553 312334 77522
24.346625 0.194824 -0.116052 6.00059 42871 1.0000007 283875 104598 5 2 2289560.7 9.3867431 22.1003 24.346625 5822 1669995 812248 242922 187 0 0 0 0 0 0 553 312100 76801
24.353375 0.194824 -0.115345 6.0006 42873 1.0000007 283957 104641 7 2 2267977.1 9.3867431 22.1003 24.353375 7234 1732742 874443 250309 188 0 0 0 0 0 0 553 312179 76077
24.36 0.194824 -0.114651 6.00062 42874 1.0000007 283840 104566 6 2 2219384.2 9.3867431 22.1003 24.36 10450 1811414 953727 256595 189 0 0 0 0 0 0 553 312056 74447
24.366625 0.194824 -0.113957 6.00063 42876 1.0000007 281781 103758 6 2 2163636.5 9.3867431 22.1003 24.366625 14122 1905006 1053134 260899 190 0 0 0 0 0 0 553 309838 72577
24.373375 0.194824 -0.11325 6.00064 42877 1.0000007 284850 104971 7 2 2160476.5 9.3867431 22.1003 24.373375 18572 2061834 1200824 269102 191 0 0 0 0 0 0 553 313057 72471
24.38 0.194824 -0.112557 6.00066 42879 1.0000007 284856 105052 7 2 2107471.4 9.3867431 22.1003 24.38 26263 2242577 1382231 275128 192 0 0 0 0 0 0 553 313064 70693
24.386625 0.194824 -0.111863 6.00067 42880 1.0000007 284918 105079 6 2 2071250.3 9.3867431 22.1003 24.386625 34656 2475333 1615239 277994 193 0 0 0 0 0 0 553 313139 69478
24.393375 0.194824 -0.111156 6.00068 42882 1.0000007 284925 105031 7 2 2034045.5 9.3867431 22.1003 24.393375 49538 2794299 1936114 280151 194 0 0 0 0 0 0 553 313168 68230
24.4 0.194824 -0.110462 6.0007 42883 1.0000007 284922 105024 7 2 2018543.4 9.3867431 22.1003 24.4 75252 3294025 2435581 282497 195 0 0 0 0 0 0 553 313158 67710
24.406625 0.194824 -0.109768 6.00071 42885 1.0000007 284908 105044 6 2 2028828.4 9.3867431 22.1003 24.406625 105784 4110147 3249960 281898 196 0 0 0 0 0 0 553 313131 68055
24.413375 0.194824 -0.109061 6.00072 42886 1.0000007 284808 104979 5 2 2037801.7 9.3867431 22.1003 24.413375 166492 5233418 4371043 282099 197 0 0 0 0 0 0 553 313030 68356
24.42 0.194824 -0.108367 6.00073 42887 1.0000007 284789 104983 6 2 2065973.7 9.3867431 22.1003 24.42 225112 6271588 5409999 278440 198 0 0 0 0 0 0 553 313008 69301
24.426625 0.194824 -0.107673 6.00075 42889 1.0000007 284912 105098 5 2 2101121.6 9.3867431 22.1003 24.426625 368215 7228169 6365161 276648 199 0 0 0 0 0 0 553 313141 70480
24.433375 0.194824 -0.106966 6.00076 42890 1.0000007 284839 104977 7 2 2105146.1 9.3867431 22.1003 24.433375 504962 7515448 6653851 266820 200 0 0 0 0 0 0 553 313073 70615
24.44 0.194824 -0.106273 6.00077 42892 1.0000007 284875 105013 5 2 2099899.3 9.3867431 22.1003 24.44 494304 7010080 6149191 256261 201 0 0 0 0 0 0 553 313113 70439
24.446625 0.194824 -0.105579 6.00078 42893 1.0000007 284797 105007 7 2 2081624.8 9.3867431 22.1003 24.446625 401170 6125728 5265951 241329 202 0 0 0 0 0 0 553 313019 69826
24.453375 0.194824 -0.104872 6.0008 42895 1.0000007 285110 105209 5 2 2067583.5 9.3867431 22.1003 24.453375 306193 5291496 4430450 228841 203 0 0 0 0 0 0 553 313323 69355
24.46 0.194824 -0.104178 6.00081 42896 1.0000007 284977 105088 6 2 2047818.4 9.3867431 22.1003 24.46 233740 4476097 3616421 217412 204 0 0 0 0 0 0 553 313224 68692
24.466625 0.194824 -0.103484 6.00082 42898 1.0000007 285026 105074 7 2 2055450.2 9.3867431 22.1003 24.466625 146141 3710995 2852136 211142 205 0 0 0 0 0 0 553 313263 68948
24.473375 0.194824 -0.102777 6.00083 42899 1.0000007 284871 104973 6 2 2051992.1 9.3867431 22.1003 24.473375 70212 2888352 2032857 204537 206 0 0 0 0 0 0 553 313094 68832
24.48 0.194824 -0.102083 6.00084 42901 1.0000007 284984 104983 6 2 2047699.2 9.3867431 22.1003 24.48 35361 2291064 1433934 203067 207 0 0 0 0 0 0 553 313203 68688
24.486625 0.194824 -0.101389 6.00086 42902 1.0000007 284908 104954 5 2 2037533.4 9.3867431 22.1003 24.486625 18314 1964793 1107480 200394 208 0 0 0 0 0 0 553 313124 68347
24.493375 0.194824 -0.100682 6.00087 42904 1.0000007 284853 104902 5 2 2006916.9 9.3867431 22.1003 24.493375 9204 1766450 911663 188851 209 0 0 0 0 0 0 553 313095 67320
24.5 0.194824 -0.0999886 6.00088 42905 1.0000007 284833 104952 7 2 1965091.2 9.3867431 22.1003 24.5 5919 1644521 790346 176681 210 0 0 0 0 0 0 553 313062 65917
24.506625 0.194824 -0.0992947 6.00089 42907 1.0000007 284869 104929 5 2 1910744.7 9.3867431 22.1003 24.506625 3739 1556192 702172 164988 211 0 0 0 0 0 0 553 313111 64094
24.513375 0.194824 -0.0985877 6.0009 42908 1.0000007 284795 104921 6 2 1794628.5 9.3867431 22.1003 24.513375 2652 1489773 635542 151780 212 0 0 0 0 0 0 553 313027 60199
24.52 0.194824 -0.0978938 6.00091 42910 1.0000007 284787 104923 6 2 1690347.5 9.3867431 22.1003 24.52 2043 1439906 586049 141232 213 0 0 0 0 0 0 553 312999 56701
24.526625 0.194824 -0.0972 6.00092 42911 1.0000007 284742 104909 5 2 1549279 9.3867431 22.1003 24.526625 1622 1395486 540599 129338 214 0 0 0 0 0 0 553 312956 51969
24.533375 0.194824 -0.096493 6.00094 42912 1.0000007 284636 104833 7 2 1444014.3 9.3867431 22.1003 24.533375 1304 1361302 506778 120559 215 0 0 0 0 0 0 553 312855 48438
24.54 0.194824 -0.0957991 6.00095 42914 1.0000007 284671 104834 5 2 1339912.2 9.3867431 22.1003 24.54 1157 1325304 472637 110679 216 0 0 0 0 0 0 553 312889 44946
24.546625 0.194824 -0.0951052 6.00096 42915 1.0000007 284755 104894 6 2 1254501.9 9.3867431 22.1003 24.546625 980 1298836 445167 102384 217 0 0 0 0 0 0 553 312998 42081
24.553375 0.194824 -0.0943983 6.00097 42917 1.0000007 284646 104839 6 2 1168823.4 9.3867431 22.1003 24.553375 749 1272954 421447 94114 218 0 0 0 0 0 0 553 312884 39207
24.56 0.194824 -0.0937044 6.00098 42918 1.0000007 284553 104711 5 2 1098766.1 9.3867431 22.1003 24.56 661 1253374 402401 87564 219 0 0 0 0 0 0 553 312773 36857
24.566625 0.194824 -0.0930105 6.00099 42920 1.0000007 284594 104787 5 2 1037801.4 9.3867431 22.1003 24.566625 595 1237927 385637 82416 220 0 0 0 0 0 0 553 312837 34812
24.573375 0.194824 -0.0923035 6.001 42921 1.0000007 284555 104763 6 2 979311.06 9.3867431 22.1003 24.573375 492 1223654 372792 77950 221 0 0 0 0 0 0 553 312796 32850
24.58 0.194824 -0.0916097 6.00101 42923 1.0000007 284625 104747 5 2 931433.63 9.3867431 22.1003 24.58 430 1212957 361750 74747 222 0 0 0 0 0 0 553 312848 31244
24.586625 0.194824 -0.0909158 6.00102 42924 1.0000007 284439 104699 6 2 892082.32 9.3867431 22.1003 24.586625 386 1201406 350021 70840 223 0 0 0 0 0 0 553 312668 29924
24.593375 0.194824 -0.0902088 6.00103 42926 1.0000007 284502 104693 5 2 847036.99 9.3867431 22.1003 24.593375 344 1193437 341617 67894 224 0 0 0 0 0 0 553 312735 28413
24.6 0.194824 -0.0895149 6.00104 42927 1.0000007 284440 104704 5 2 809772.49 9.3867431 22.1003 24.6 315 1184606 333202 65131 225 0 0 0 0 0 0 553 312685 27163
24.606625 0.194824 -0.088821 6.00105 42929 1.0000007 284414 104690 5 2 770391.37 9.3867431 22.1003 24.606625 287 1176070 325722 62818 226 0 0 0 0 0 0 553 312646 25842
24.613375 0.194824 -0.088114 6.00107 42930 1.0000007 284408 104684 5 2 754531.6 9.3867431 22.1003 24.613375 257 1169158 319629 61803 227 0 0 0 0 0 0 553 312644 25310
24.62 0.194824 -0.0874201 6.00108 42932 1.0000007 284423 104656 5 2 724332.45 9.3867431 22.1003 24.62 238 1164645 313886 58999 228 0 0 0 0 0 0 553 312648 24297
24.626625 0.194824 -0.0867262 6.00109 42933 1.0000007 284312 104635 5 2 702957.53 9.3867431 22.1003 24.626625 222 1157538 309554 57953 229 0 0 0 0 0 0 553 312532 23580
24.633375 0.194824 -0.0860193 6.0011 42935 1.0000007 284201 104585 5 2 688111.35 9.3867431 22.1003 24.633375 200 1152065 304488 56504 230 0 0 0 0 0 0 553 312414 23082
24.64 0.194824 -0.0853254 6.00111 42936 1.0000007 284301 104638 7 2 673086.3 9.3867431 22.1003 24.64 192 1150251 300586 55418 231 0 0 0 0 0 0 553 312523 22578
24.646625 0.194824 -0.0846315 6.00112 42937 1.0000007 284248 104575 5 2 671476.48 9.3867431 22.1003 24.646625 175 1143109 296926 55042 232 0 0 0 0 0 0 553 312484 22524
24.653375 0.194824 -0.0839245 6.00113 42939 1.0000007 284312 104662 5 2 652784.61 9.3867431 22.1003 24.653375 186 1140001 293714 54277 233 0 0 0 0 0 0 553 312526 21897
24.66 0.194824 -0.0832306 6.00113 42941 1.0000007 284174 104523 6 2 644228.68 9.3867431 22.1003 24.66 161 1137354 289529 53139 234 0 0 0 0 0 0 553 312410 21610
24.666625 0.194824 -0.0825367 6.00114 42942 1.0000007 284236 104548 6 2 631886.67 9.3867431 22.1003 24.666625 149 1132028 285913 52055 235 0 0 0 0 0 0 553 312471 21196
24.673375 0.194824 -0.0818297 6.00115 42944 1.0000007 284112 104520 6 2 620856.38 9.3867431 22.1003 24.673375 147 1127777 282809 51168 236 0 0 0 0 0 0 553 312352 20826
24.68 0.194824 -0.0811358 6.00116 42945 1.0000007 284227 104539 6 2 623032.63 9.3867431 22.1003 24.68 144 1126851 281550 51246 237 0 0 0 0 0 0 553 312477 20899
24.686625 0.194824 -0.0804419 6.00117 42947 1.0000007 284218 104628 5 2 612300.45 9.3867431 22.1003 24.686625 131 1123529 278542 50561 238 0 0 0 0 0 0 553 312441 20539
24.693375 0.194824 -0.0797349 6.00118 42948 1.0000007 284272 104580 6 2 607381.54 9.3867431 22.1003 24.693375 127 1120710 275927 49971 239 0 0 0 0 0 0 553 312525 20374
24.7 0.194824 -0.079041 6.00119 42950 1.0000007 284304 104643 6 2 608544.19 9.3867431 22.1003 24.7 127 1119927 274695 49785 240 0 0 0 0 0 0 553 312551 20413
24.706625 0.194824 -0.0783471 6.0012 42951 1.0000007 284266 104699 6 2 606367.94 9.3867431 22.1003 24.706625 111 1118068 272999 49776 241 0 0 0 0 0 0 553 312508 20340
24.713375 0.194824 -0.0776401 6.00121 42953 1.0000007 284278 104605 6 2 602283.75 9.3867431 22.1003 24.713375 113 1115461 269987 49060 242 0 0 0 0 0 0 553 312520 20203
24.72 0.194824 -0.0769462 6.00122 42954 1.0000007 284177 104606 5 2 597036.91 9.3867431 22.1003 24.72 117 1111407 269360 48868 243 0 0 0 0 0 0 553 312404 20027
24.726625 0.194824 -0.0762522 6.00123 42956 1.0000007 284176 104611 5 2 594294.25 9.3867431 22.1003 24.726625 108 1109184 267456 48682 244 0 0 0 0 0 0 553 312424 19935
24.733375 0.194824 -0.0755452 6.00124 42957 1.0000007 284331 104696 5 2 591014.97 9.3867431 22.1003 24.733375 105 1108402 265505 48046 245 0 0 0 0 0 0 553 312566 19825
24.74 0.194824 -0.0748513 6.00125 42959 1.0000007 284173 104605 5 2 591491.96 9.3867431 22.1003 24.74 100 1108716 264856 47857 246 0 0 0 0 0 0 553 312393 19841
24.746625 0.194824 -0.0741574 6.00125 42960 1.0000007 284080 104563 6 2 577152.58 9.3867431 22.1003 24.746625 107 1104544 262870 47340 247 0 0 0 0 0 0 553 312312 19360
24.753375 0.194824 -0.0734504 6.00126 42962 1.0000007 284146 104625 5 2 585171.9 9.3867431 22.1003 24.753375 98 1102644 260966 47375 248 0 0 0 0 0 0 553 312372 19629
24.76 0.194824 -0.0727565 6.00127 42963 1.0000007 284201 104669 5 2 581028.08 9.3867431 22.1003 24.76 94 1100029 260625 47357 249 0 0 0 0 0 0 553 312431 19490
24.766625 0.194824 -0.0720626 6.00128 42965 1.0000007 284185 104661 5 2 575662 9.3867431 22.1003 24.766625 99 1098446 257931 46794 250 0 0 0 0 0 0 553 312425 19310
24.773375 0.194824 -0.0713556 6.00129 42966 1.0000007 284023 104554 5 2 580163.55 9.3867431 22.1003 24.773375 97 1097534 257743 46791 251 0 0 0 0 0 0 553 312235 19461
24.78 0.194824 -0.0706617 6.0013 42968 1.0000007 284164 104622 5 2 577212.2 9.3867431 22.1003 24.78 92 1097155 256619 46737 252 0 0 0 0 0 0 553 312385 19362
24.786625 0.194824 -0.0699677 6.0013 42969 1.0000007 284199 104658 5 2 574886.89 9.3867431 22.1003 24.786625 100 1095361 255595 46494 253 0 0 0 0 0 0 553 312420 19284
24.793375 0.194824 -0.0692607 6.00131 42971 1.0000007 284210 104653 5 2 569401.56 9.3867431 22.1003 24.793375 90 1094830 255008 46201 254 0 0 0 0 0 0 553 312426 19100
24.8 0.194824 -0.0685668 6.00132 42972 1.0000007 284168 104699 7 2 564542.27 9.3867431 22.1003 24.8 89 1090930 253899 46182 255 0 0 0 0 0 0 553 312378 18937
24.806625 0.194824 -0.0678729 6.00133 42974 1.0000007 284249 104756 6 2 566450.21 9.3867431 22.1003 24.806625 90 1091929 253321 45906 256 0 0 0 0 0 0 553 312470 19001
24.813375 0.194824 -0.0671659 6.00134 42975 1.0000007 284236 104711 6 2 561769.79 9.3867431 22.1003 24.813375 88 1090399 252018 45816 257 0 0 0 0 0 0 553 312456 18844
24.82 0.194824 -0.0664719 6.00134 42977 1.0000007 284284 104784 7 2 546744.74 9.3867431 22.1003 24.82 90 1087442 250607 45185 258 0 0 0 0 0 0 553 312535 18340
24.826625 0.194824 -0.065778 6.00135 42978 1.0000007 284219 104767 5 2 546178.32 9.3867431 22.1003 24.826625 88 1087263 248892 44681 259 0 0 0 0 0 0 553 312454 18321
24.833375 0.194824 -0.065071 6.00136 42979 1.0000007 284264 104820 5 2 549099.86 9.3867431 22.1003 24.833375 92 1086058 248500 44941 260 0 0 0 0 0 0 553 312463 18419
24.84 0.194824 -0.0643771 6.00137 42981 1.0000007 284309 104819 6 2 551633.85 9.3867431 22.1003 24.84 91 1085755 248535 44877 261 0 0 0 0 0 0 553 312536 18504
24.846625 0.194824 -0.0636831 6.00137 42982 1.0000007 284247 104755 6 2 555300.67 9.3867431 22.1003 24.846625 89 1083007 247419 44984 262 0 0 0 0 0 0 553 312486 18627
24.853375 0.194824 -0.0629761 6.00138 42984 1.0000007 284304 104818 6 2 550381.76 9.3867431 22.1003 24.853375 99 1084696 246769 44694 263 0 0 0 0 0 0 553 312534 18462
24.86 0.194824 -0.0622822 6.00139 42985 1.0000007 284267 104788 6 2 544210.76 9.3867431 22.1003 24.86 97 1080930 245610 44258 264 0 0 0 0 0 0 553 312484 18255
24.866625 0.194824 -0.0615883 6.0014 42987 1.0000007 284254 104774 5 2 553661.04 9.3867431 22.1003 24.866625 89 1083591 245895 44428 265 0 0 0 0 0 0 553 312488 18572
24.873375 0.194824 -0.0608812 6.0014 42988 1.0000007 284324 104871 5 2 544657.93 9.3867431 22.1003 24.873375 89 1079873 245597 44258 266 0 0 0 0 0 0 553 312554 18270
24.88 0.194824 -0.0601873 6.00141 42990 1.0000007 284164 104843 6 2 542600.93 9.3867431 22.1003 24.88 84 1078816 244683 44263 267 0 0 0 0 0 0 553 312398 18201
24.886625 0.194824 -0.0594934 6.00142 42991 1.0000007 284248 104813 6 2 547013.05 9.3867431 22.1003 24.886625 92 1077967 244382 44285 268 0 0 0 0 0 0 553 312490 18349
24.893375 0.194824 -0.0587864 6.00142 42993 1.0000007 284415 104877 5 2 538129.19 9.3867431 22.1003 24.893375 87 1079686 243706 43832 269 0 0 0 0 0 0 553 312643 18051
24.9 0.194824 -0.0580924 6.00143 42994 1.0000007 284290 104836 6 2 545850.4 9.3867431 22.1003 24.9 88 1077293 242915 43950 270 0 0 0 0 0 0 553 312511 18310
24.906625 0.194824 -0.0573985 6.00144 42996 1.0000007 282781 104284 5 2 526264.17 9.3867431 22.1003 24.906625 95 1067027 240036 43178 271 0 0 0 0 0 0 553 310943 17653
24.913375 0.194824 -0.0566915 6.00144 42997 1.0000007 284614 105004 7 2 529662.7 9.3867431 22.1003 24.913375 92 1077876 242543 43659 272 0 0 0 0 0 0 553 312859 17767
24.92 0.194824 -0.0559975 6.00145 42999 1.0000007 284642 105020 6 2 535475.96 9.3867431 22.1003 24.92 91 1074648 240711 43487 273 0 0 0 0 0 0 553 312901 17962
24.926625 0.194824 -0.0553036 6.00146 43000 1.0000007 284802 105085 5 2 535356.71 9.3867431 22.1003 24.926625 92 1073821 240386 43193 274 0 0 0 0 0 0 553 313029 17958
24.933375 0.194824 -0.0545966 6.00146 43002 1.0000007 284539 105006 7 2 534849.92 9.3867431 22.1003 24.933375 89 1072647 240582 43599 275 0 0 0 0 0 0 553 312774 17941
24.94 0.194824 -0.0539026 6.00147 43003 1.0000007 284661 105092 6 2 529603.07 9.3867431 22.1003 24.94 95 1073553 240496 43208 276 0 0 0 0 0 0 553 312893 17765
24.946625 0.194824 -0.0532087 6.00148 43005 1.0000007 284566 105021 5 2 528142.31 9.3867431 22.1003 24.946625 89 1070793 239245 43191 277 0 0 0 0 0 0 553 312801 17716
24.953375 0.194824 -0.0525016 6.00148 43006 1.0000007 284506 104927 6 2 532256.31 9.3867431 22.1003 24.953375 84 1071942 239852 43225 278 0 0 0 0 0 0 553 312713 17854
24.96 0.194824 -0.0518077 6.00149 43008 1.0000007 284433 104909 7 2 526830.6 9.3867431 22.1003 24.96 94 1068122 238563 43033 279 0 0 0 0 0 0 553 312669 17672
24.966625 0.194824 -0.0511138 6.00149 43009 1.0000007 284450 104906 5 2 540603.55 9.3867431 22.1003 24.966625 89 1069523 239179 43491 280 0 0 0 0 0 0 553 312686 18134
24.973375 0.194824 -0.0504067 6.0015 43011 1.0000007 284456 104875 7 2 526443.04 9.3867431 22.1003 24.973375 90 1068545 238026 42856 281 0 0 0 0 0 0 553 312685 17659
24.98 0.194824 -0.0497128 6.00151 43012 1.0000007 284394 104903 5 2 531272.52 9.3867431 22.1003 24.98 92 1067000 238173 42982 282 0 0 0 0 0 0 553 312601 17821
24.986625 0.194824 -0.0490188 6.00151 43013 1.0000007 284207 104767 6 2 529632.89 9.3867431 22.1003 24.986625 91 1066545 237384 42861 283 0 0 0 0 0 0 553 312415 17766
24.993375 0.194824 -0.0483118 6.00152 43015 1.0000007 284421 104866 6 2 531630.26 9.3867431 22.1003 24.993375 91 1065883 236376 42540 284 0 0 0 0 0 0 553 312660 17833
25 0.194824 -0.0476179 6.00152 43016 1.0000007 284307 104786 5 2 525667.94 9.3867431 22.1003 25 94 1064536 236783 42744 285 0 0 0 0 0 0 553 312521 17633
25.006625 0.194824 -0.0469239 6.00153 43018 1.0000007 284070 104685 5 2 516605.22 9.3867431 22.1003 25.006625 91 1060924 234995 42305 286 0 0 0 0 0 0 553 312326 17329
25.013375 0.194824 -0.0462169 6.00153 43019 1.0000007 284168 104754 5 2 518125.61 9.3867431 22.1003 25.013375 90 1062940 235602 42417 287 0 0 0 0 0 0 553 312395 17380
25.02 0.194824 -0.0455229 6.00154 43021 1.0000007 284020 104618 6 2 517320.69 9.3867431 22.1003 25.02 89 1061657 235385 42484 288 0 0 0 0 0 0 553 312272 17353
25.026625 0.194824 -0.044829 6.00154 43022 1.0000007 283998 104625 6 2 518662.22 9.3867431 22.1003 25.026625 91 1062406 235029 42404 289 0 0 0 0 0 0 553 312254 17398
25.033375 0.194824 -0.0441219 6.00155 43024 1.0000007 283896 104513 6 2 519437.32 9.3867431 22.1003 25.033375 89 1059279 234827 42211 290 0 0 0 0 0 0 553 312131 17424
25.04 0.194824 -0.043428 6.00155 43025 1.0000007 283812 104498 5 2 523312.83 9.3867431 22.1003 25.04 89 1057440 233644 42157 291 0 0 0 0 0 0 553 312044 17554
25.046625 0.194824 -0.042734 6.00156 43027 1.0000007 283779 104404 6 2 515621.43 9.3867431 22.1003 25.046625 87 1056649 233835 41676 292 0 0 0 0 0 0 553 312021 17296
25.053375 0.194824 -0.042027 6.00156 43028 1.0000007 283687 104407 5 2 525966.06 9.3867431 22.1003 25.053375 93 1058041 233513 42393 293 0 0 0 0 0 0 553 311931 17643
25.06 0.194824 -0.0413331 6.00157 43030 1.0000007 283729 104418 5 2 512550.84 9.3867431 22.1003 25.06 94 1055859 233047 41791 294 0 0 0 0 0 0 553 311970 17193
25.066625 0.194824 -0.0406391 6.00157 43031 1.0000007 283614 104289 6 2 520808.65 9.3867431 22.1003 25.066625 93 1054450 233230 42051 295 0 0 0 0 0 0 553 311847 17470
25.073375 0.194824 -0.0399321 6.00158 43033 1.0000007 283511 104226 6 2 514548.22 9.3867431 22.1003 25.073375 91 1053182 232429 41881 296 0 0 0 0 0 0 553 311762 17260
25.08 0.194824 -0.0392381 6.00158 43034 1.0000007 283354 104203 5 2 511268.94 9.3867431 22.1003 25.08 94 1053615 232166 41754 297 0 0 0 0 0 0 553 311599 17150
25.086625 0.194824 -0.0385442 6.00159 43036 1.0000007 283446 104252 5 2 519198.83 9.3867431 22.1003 25.086625 89 1052540 232172 42188 298 0 0 0 0 0 0 553 311692 17416
25.093375 0.194824 -0.0378371 6.00159 43037 1.0000007 283214 103985 5 2 514339.53 9.3867431 22.1003 25.093375 87 1051233 231125 41579 299 0 0 0 0 0 0 553 311462 17253
25.1 0.194824 -0.0371432 6.0016 43038 1.0000007 283212 104050 6 2 510583.27 9.3867431 22.1003 25.1 89 1048410 230727 41728 300 0 0 0 0 0 0 553 311440 17127
