Eta  H  K  L  Epoch  Sec  ion1  Hubmon  scan_bar  Filters  Correct  Qmag  Energy  Graze  p_peak  p_total  p_del_s  p_nu_s  p_image  p_xcen  p_xsig  p_ycen  p_ysig  power  tempsp  gun_on  ion0  p_point
23.3 -0.202937 -0.22596 5.9976 60082 1.0000007 283278 104647 5 2 502683.2 9.3873904 22.1003 23.3 206 1026121 223930 40452 0 0 0 0 0 0 0 553 311588 16862
23.306625 -0.202937 -0.225266 5.99763 60083 1.0000007 283466 104563 6 2 493620.47 9.3873904 22.1003 23.306625 221 1027337 223336 39992 1 0 0 0 0 0 0 553 311759 16558
23.313375 -0.202937 -0.22456 5.99766 60085 1.0000007 283341 104650 5 2 496929.56 9.3873904 22.1003 23.313375 211 1025569 223625 40393 2 0 0 0 0 0 0 553 311653 16669
23.32 -0.202937 -0.223866 5.99768 60086 1.0000007 283265 104559 6 2 495379.36 9.3873904 22.1003 23.32 243 1026886 223817 40287 3 0 0 0 0 0 0 553 311562 16617
23.326625 -0.202937 -0.223173 5.99771 60088 1.0000007 283243 104603 5 2 495200.49 9.3873904 22.1003 23.326625 265 1026915 224069 40253 4 0 0 0 0 0 0 553 311546 16611
23.333375 -0.202937 -0.222466 5.99773 60089 1.0000007 283287 104468 5 2 504293.03 9.3873904 22.1003 23.333375 223 1030353 224140 40669 5 0 0 0 0 0 0 553 311604 16916
23.34 -0.202937 -0.221773 5.99776 60091 1.0000007 283141 104487 7 2 498151.84 9.3873904 22.1003 23.34 239 1028486 224216 40540 6 0 0 0 0 0 0 553 311429 16710
23.346625 -0.202937 -0.221079 5.99778 60092 1.0000007 283125 104387 5 2 497406.55 9.3873904 22.1003 23.346625 198 1028723 224893 40589 7 0 0 0 0 0 0 553 311429 16685
23.353375 -0.202937 -0.220373 5.99781 60093 1.0000007 283079 104401 6 2 500745.45 9.3873904 22.1003 23.353375 235 1027048 224555 40150 8 0 0 0 0 0 0 553 311379 16797
23.36 -0.202937 -0.219679 5.99784 60095 1.0000007 283305 104525 6 2 502086.97 9.3873904 22.1003 23.36 212 1029724 225213 40602 9 0 0 0 0 0 0 553 311611 16842
23.366625 -0.202937 -0.218986 5.99786 60096 1.0000007 280777 103475 7 2 486316.63 9.3873904 22.1003 23.366625 210 1021334 222879 39781 10 0 0 0 0 0 0 553 308989 16313
23.373375 -0.202937 -0.218279 5.99789 60098 1.0000007 283940 104756 5 2 500179.02 9.3873904 22.1003 23.373375 232 1032698 225142 40428 11 0 0 0 0 0 0 553 312242 16778
23.38 -0.202937 -0.217585 5.99791 60099 1.0000007 283769 104625 5 2 500685.82 9.3873904 22.1003 23.38 232 1031487 225305 40568 12 0 0 0 0 0 0 553 312069 16795
23.386625 -0.202937 -0.216892 5.99794 60101 1.0000007 283816 104607 5 2 502683.2 9.3873904 22.1003 23.386625 227 1032972 225973 40558 13 0 0 0 0 0 0 553 312132 16862
23.393375 -0.202937 -0.216185 5.99796 60102 1.0000007 283779 104603 6 2 500745.45 9.3873904 22.1003 23.393375 237 1033301 225288 40606 14 0 0 0 0 0 0 553 312084 16797
23.4 -0.202937 -0.215492 5.99799 60104 1.0000007 283757 104566 6 2 502355.27 9.3873904 22.1003 23.4 226 1033849 225650 40657 15 0 0 0 0 0 0 553 312065 16851
23.406625 -0.202937 -0.214798 5.99801 60105 1.0000007 283616 104459 6 2 502921.69 9.3873904 22.1003 23.406625 210 1033165 226461 40887 16 0 0 0 0 0 0 553 311904 16870
23.413375 -0.202937 -0.214092 5.99804 60107 1.0000007 283694 104592 6 2 502802.45 9.3873904 22.1003 23.413375 220 1034705 226345 40636 17 0 0 0 0 0 0 553 312012 16866
23.42 -0.202937 -0.213398 5.99806 60108 1.0000007 283558 104432 5 2 498867.31 9.3873904 22.1003 23.42 211 1033458 225927 40772 18 0 0 0 0 0 0 553 311845 16734
23.426625 -0.202937 -0.212705 5.99809 60110 1.0000007 283639 104607 6 2 512789.33 9.3873904 22.1003 23.426625 211 1034857 226558 40982 19 0 0 0 0 0 0 553 311959 17201
23.433375 -0.202937 -0.211998 5.99811 60111 1.0000007 283516 104392 7 2 495915.97 9.3873904 22.1003 23.433375 232 1034099 225674 40498 20 0 0 0 0 0 0 553 311832 16635
23.44 -0.202937 -0.211304 5.99814 60113 1.0000007 283553 104447 6 2 500298.27 9.3873904 22.1003 23.44 253 1036204 226096 40691 21 0 0 0 0 0 0 553 311859 16782
23.446625 -0.202937 -0.210611 5.99816 60114 1.0000007 283509 104403 5 2 502355.27 9.3873904 22.1003 23.446625 226 1035939 227654 41202 22 0 0 0 0 0 0 553 311825 16851
23.453375 -0.202937 -0.209904 5.99819 60116 1.0000007 283701 104522 6 2 499910.72 9.3873904 22.1003 23.453375 229 1037757 227173 40962 23 0 0 0 0 0 0 553 312032 16769
23.46 -0.202937 -0.209211 5.99821 60117 1.0000007 283467 104394 6 2 500179.02 9.3873904 22.1003 23.46 241 1035769 227431 40739 24 0 0 0 0 0 0 553 311773 16778
23.466625 -0.202937 -0.208517 5.99823 60119 1.0000007 283354 104417 6 2 502027.34 9.3873904 22.1003 23.466625 231 1038226 227630 40945 25 0 0 0 0 0 0 553 311663 16840
23.473375 -0.202937 -0.20781 5.99826 60120 1.0000007 283287 104233 6 2 506111.53 9.3873904 22.1003 23.473375 221 1036827 227139 41096 26 0 0 0 0 0 0 553 311603 16977
23.48 -0.202937 -0.207117 5.99828 60121 1.0000007 283323 104338 5 2 504799.82 9.3873904 22.1003 23.48 240 1036380 227149 40984 27 0 0 0 0 0 0 553 311626 16933
23.486625 -0.202937 -0.206423 5.99831 60123 1.0000007 283294 104275 5 2 503726.61 9.3873904 22.1003 23.486625 233 1037568 227030 40693 28 0 0 0 0 0 0 553 311612 16897
23.493375 -0.202937 -0.205717 5.99833 60124 1.0000007 283251 104301 5 2 506320.21 9.3873904 22.1003 23.493375 208 1038625 227810 41186 29 0 0 0 0 0 0 553 311568 16984
23.5 -0.202937 -0.205023 5.99835 60126 1.0000007 283152 104160 6 2 498390.33 9.3873904 22.1003 23.5 200 1037580 226897 40714 30 0 0 0 0 0 0 553 311444 16718
23.506625 -0.202937 -0.204329 5.99838 60127 1.0000007 283212 104271 5 2 510374.59 9.3873904 22.1003 23.506625 246 1038138 227634 41257 31 0 0 0 0 0 0 553 311524 17120
23.513375 -0.202937 -0.203623 5.9984 60129 1.0000007 283092 104091 5 2 506886.63 9.3873904 22.1003 23.513375 230 1037159 228083 41148 32 0 0 0 0 0 0 553 311420 17003
23.52 -0.202937 -0.202929 5.99843 60131 1.0000007 283067 104190 6 2 510851.58 9.3873904 22.1003 23.52 250 1040196 228661 41394 33 0 0 0 0 0 0 553 311366 17136
23.526625 -0.202937 -0.202236 5.99845 60132 1.0000007 283012 104060 5 2 501609.98 9.3873904 22.1003 23.526625 224 1037985 228147 41069 34 0 0 0 0 0 0 553 311312 16826
23.533375 -0.202937 -0.201529 5.99847 60133 1.0000007 283199 104254 6 2 511447.81 9.3873904 22.1003 23.533375 221 1041655 229580 41273 35 0 0 0 0 0 0 553 311527 17156
23.54 -0.202937 -0.200835 5.9985 60135 1.0000007 283133 104120 6 2 508436.84 9.3873904 22.1003 23.54 226 1040507 228810 41392 36 0 0 0 0 0 0 553 311443 17055
23.546625 -0.202937 -0.200142 5.99852 60136 1.0000007 283016 104164 6 2 509987.04 9.3873904 22.1003 23.546625 200 1040306 229060 41285 37 0 0 0 0 0 0 553 311351 17107
23.553375 -0.202937 -0.199435 5.99854 60138 1.0000007 283140 104190 6 2 509957.23 9.3873904 22.1003 23.553375 247 1040875 228991 41405 38 0 0 0 0 0 0 553 311463 17106
23.56 -0.202937 -0.198741 5.99857 60139 1.0000007 283089 104243 6 2 508407.03 9.3873904 22.1003 23.56 198 1042567 230928 41443 39 0 0 0 0 0 0 553 311407 17054
23.566625 -0.202937 -0.198048 5.99859 60141 1.0000007 283051 104092 6 2 517141.83 9.3873904 22.1003 23.566625 213 1041447 229467 41646 40 0 0 0 0 0 0 553 311357 17347
23.573375 -0.202937 -0.197341 5.99861 60142 1.0000007 283060 104198 6 2 508049.29 9.3873904 22.1003 23.573375 241 1043822 229574 41253 41 0 0 0 0 0 0 553 311383 17042
23.58 -0.202937 -0.196648 5.99864 60144 1.0000007 283021 104048 5 2 511805.55 9.3873904 22.1003 23.58 224 1043931 230779 41484 42 0 0 0 0 0 0 553 311341 17168
23.586625 -0.202937 -0.195954 5.99866 60145 1.0000007 283123 104197 5 2 513922.17 9.3873904 22.1003 23.586625 251 1044915 231188 41920 43 0 0 0 0 0 0 553 311453 17239
23.593375 -0.202937 -0.195247 5.99868 60147 1.0000007 283003 104075 6 2 509271.56 9.3873904 22.1003 23.593375 223 1046936 231319 41580 44 0 0 0 0 0 0 553 311326 17083
23.6 -0.202937 -0.194554 5.9987 60148 1.0000007 282843 104043 5 2 509688.93 9.3873904 22.1003 23.6 230 1045093 231209 41305 45 0 0 0 0 0 0 553 311143 17097
23.606625 -0.202937 -0.19386 5.99873 60150 1.0000007 283017 104090 5 2 512908.58 9.3873904 22.1003 23.606625 238 1047612 231745 41743 46 0 0 0 0 0 0 553 311330 17205
23.613375 -0.202937 -0.193153 5.99875 60151 1.0000007 282881 104067 6 2 517559.19 9.3873904 22.1003 23.613375 223 1045432 231938 42037 47 0 0 0 0 0 0 553 311200 17361
23.62 -0.202937 -0.19246 5.99877 60153 1.0000007 282885 104006 5 2 523968.68 9.3873904 22.1003 23.62 210 1045659 231855 42207 48 0 0 0 0 0 0 553 311203 17576
23.626625 -0.202937 -0.191766 5.99879 60154 1.0000007 283042 104177 5 2 523074.33 9.3873904 22.1003 23.626625 221 1047537 231602 42150 49 0 0 0 0 0 0 553 311344 17546
23.633375 -0.202937 -0.191059 5.99882 60156 1.0000007 282967 104125 5 2 520331.67 9.3873904 22.1003 23.633375 230 1047880 231956 42129 50 0 0 0 0 0 0 553 311277 17454
23.64 -0.202937 -0.190366 5.99884 60157 1.0000007 282971 104095 6 2 521345.26 9.3873904 22.1003 23.64 221 1048567 232646 42127 51 0 0 0 0 0 0 553 311276 17488
23.646625 -0.202937 -0.189672 5.99886 60159 1.0000007 282974 104052 6 2 521822.25 9.3873904 22.1003 23.646625 235 1048384 232325 41964 52 0 0 0 0 0 0 553 311288 17504
23.653375 -0.202937 -0.188965 5.99888 60160 1.0000007 282802 103994 5 2 519914.3 9.3873904 22.1003 23.653375 215 1048580 232789 41969 53 0 0 0 0 0 0 553 311128 17440
23.66 -0.202937 -0.188272 5.9989 60162 1.0000007 282805 104041 5 2 521703 9.3873904 22.1003 23.66 223 1050060 233622 42526 54 0 0 0 0 0 0 553 311105 17500
23.666625 -0.202937 -0.187578 5.99893 60163 1.0000007 282715 103917 6 2 531153.28 9.3873904 22.1003 23.666625 211 1051236 233653 42293 55 0 0 0 0 0 0 553 311035 17817
23.673375 -0.202937 -0.186871 5.99895 60164 1.0000007 282765 104010 5 2 524684.16 9.3873904 22.1003 23.673375 227 1053258 234909 42621 56 0 0 0 0 0 0 553 311082 17600
23.68 -0.202937 -0.186178 5.99897 60166 1.0000007 282731 103891 6 2 523730.19 9.3873904 22.1003 23.68 205 1051471 234426 42526 57 0 0 0 0 0 0 553 311037 17568
23.686625 -0.202937 -0.185484 5.99899 60167 1.0000007 282710 103928 6 2 523402.26 9.3873904 22.1003 23.686625 233 1052705 234789 42202 58 0 0 0 0 0 0 553 310996 17557
23.693375 -0.202937 -0.184777 5.99901 60169 1.0000007 282479 103733 5 2 517052.39 9.3873904 22.1003 23.693375 220 1052881 235061 42186 59 0 0 0 0 0 0 553 310764 17344
23.7 -0.202937 -0.184084 5.99903 60170 1.0000007 282711 103935 5 2 528798.16 9.3873904 22.1003 23.7 212 1055156 235530 42783 60 0 0 0 0 0 0 553 311019 17738
23.706625 -0.202937 -0.18339 5.99906 60172 1.0000007 282597 103786 6 2 531063.84 9.3873904 22.1003 23.706625 219 1056216 236251 42714 61 0 0 0 0 0 0 553 310877 17814
23.713375 -0.202937 -0.182683 5.99908 60173 1.0000007 282655 103956 5 2 529334.77 9.3873904 22.1003 23.713375 235 1054979 236656 42899 62 0 0 0 0 0 0 553 310956 17756
23.72 -0.202937 -0.18199 5.9991 60175 1.0000007 282552 103773 5 2 530169.49 9.3873904 22.1003 23.72 245 1056090 236928 42998 63 0 0 0 0 0 0 553 310845 17784
23.726625 -0.202937 -0.181296 5.99912 60176 1.0000007 282533 103798 6 2 529126.09 9.3873904 22.1003 23.726625 245 1056373 236964 43111 64 0 0 0 0 0 0 553 310846 17749
23.733375 -0.202937 -0.180589 5.99914 60178 1.0000007 282490 103737 5 2 529901.19 9.3873904 22.1003 23.733375 231 1058267 237856 42839 65 0 0 0 0 0 0 553 310775 17775
23.74 -0.202937 -0.179895 5.99916 60179 1.0000007 282408 103739 6 2 530944.6 9.3873904 22.1003 23.74 225 1058921 239083 43192 66 0 0 0 0 0 0 553 310732 17810
23.746625 -0.202937 -0.179202 5.99918 60181 1.0000007 282399 103660 5 2 539172.6 9.3873904 22.1003 23.746625 182 1061239 238783 43396 67 0 0 0 0 0 0 553 310717 18086
23.753375 -0.202937 -0.178495 5.9992 60182 1.0000007 282339 103687 6 2 535326.9 9.3873904 22.1003 23.753375 244 1060999 239425 43524 68 0 0 0 0 0 0 553 310652 17957
23.76 -0.202937 -0.177801 5.99922 60184 1.0000007 282144 103492 6 2 535475.96 9.3873904 22.1003 23.76 250 1060396 239505 43494 69 0 0 0 0 0 0 553 310448 17962
23.766625 -0.202937 -0.177108 5.99924 60185 1.0000007 282273 103680 5 2 538695.61 9.3873904 22.1003 23.766625 222 1063500 241732 43980 70 0 0 0 0 0 0 553 310573 18070
23.773375 -0.202937 -0.176401 5.99926 60187 1.0000007 282195 103558 5 2 537055.97 9.3873904 22.1003 23.773375 237 1064222 240833 43526 71 0 0 0 0 0 0 553 310512 18015
23.78 -0.202937 -0.175707 5.99929 60188 1.0000007 282158 103528 5 2 541497.9 9.3873904 22.1003 23.78 219 1065373 241052 43962 72 0 0 0 0 0 0 553 310476 18164
23.786625 -0.202937 -0.175014 5.99931 60190 1.0000007 281998 103409 5 2 540186.19 9.3873904 22.1003 23.786625 248 1064969 241998 43861 73 0 0 0 0 0 0 553 310309 18120
23.793375 -0.202937 -0.174307 5.99933 60191 1.0000007 282030 103463 5 2 545492.66 9.3873904 22.1003 23.793375 248 1064969 241998 44199 74 0 0 0 0 0 0 553 310316 18298
23.8 -0.202937 -0.173613 5.99935 60193 1.0000007 282045 103359 5 2 541676.77 9.3873904 22.1003 23.8 249 1069094 244413 44538 75 0 0 0 0 0 0 553 310355 18170
23.806625 -0.202937 -0.172919 5.99937 60194 1.0000007 281996 103476 5 2 541766.21 9.3873904 22.1003 23.806625 281 1069846 246025 44586 76 0 0 0 0 0 0 553 310315 18173
23.813375 -0.202937 -0.172213 5.99939 60196 1.0000007 281847 103218 5 2 557536.54 9.3873904 22.1003 23.813375 233 1070736 246378 45053 77 0 0 0 0 0 0 553 310175 18702
23.82 -0.202937 -0.171519 5.99941 60197 1.0000007 281726 103240 5 2 552736.88 9.3873904 22.1003 23.82 213 1069702 246397 44792 78 0 0 0 0 0 0 553 310040 18541
23.826625 -0.202937 -0.170825 5.99943 60199 1.0000007 281789 103175 5 2 562187.15 9.3873904 22.1003 23.826625 240 1074139 248535 45292 79 0 0 0 0 0 0 553 310113 18858
23.833375 -0.202937 -0.170118 5.99945 60200 1.0000007 281592 103172 6 2 552289.7 9.3873904 22.1003 23.833375 213 1072715 248624 45014 80 0 0 0 0 0 0 553 309900 18526
23.84 -0.202937 -0.169425 5.99947 60201 1.0000007 281685 103150 5 2 562515.08 9.3873904 22.1003 23.84 225 1075564 250382 45479 81 0 0 0 0 0 0 553 309994 18869
23.846625 -0.202937 -0.168731 5.99949 60203 1.0000007 281588 103148 6 2 561233.18 9.3873904 22.1003 23.846625 241 1076275 251787 45957 82 0 0 0 0 0 0 553 309911 18826
23.853375 -0.202937 -0.168024 5.99951 60204 1.0000007 281633 103055 5 2 566241.53 9.3873904 22.1003 23.853375 226 1078755 253481 46024 83 0 0 0 0 0 0 553 309945 18994
23.86 -0.202937 -0.16733 5.99952 60206 1.0000007 281374 103032 7 2 565198.12 9.3873904 22.1003 23.86 228 1079204 253381 45925 84 0 0 0 0 0 0 553 309682 18959
23.866625 -0.202937 -0.166637 5.99954 60207 1.0000007 281361 102860 5 2 573664.62 9.3873904 22.1003 23.866625 236 1084069 256132 46509 85 0 0 0 0 0 0 553 309672 19243
23.873375 -0.202937 -0.16593 5.99956 60209 1.0000007 281326 102899 6 2 574260.85 9.3873904 22.1003 23.873375 261 1083480 256474 46797 86 0 0 0 0 0 0 553 309650 19263
23.88 -0.202937 -0.165236 5.99958 60210 1.0000007 281274 102833 5 2 576973.71 9.3873904 22.1003 23.88 220 1086540 260052 47287 87 0 0 0 0 0 0 553 309587 19354
23.886625 -0.202937 -0.164542 5.9996 60212 1.0000007 281218 102755 6 2 583681.32 9.3873904 22.1003 23.886625 236 1088540 261299 47756 88 0 0 0 0 0 0 553 309540 19579
23.893375 -0.202937 -0.163836 5.99962 60213 1.0000007 281175 102739 5 2 585947 9.3873904 22.1003 23.893375 242 1091209 264019 47963 89 0 0 0 0 0 0 553 309489 19655
23.9 -0.202937 -0.163142 5.99964 60215 1.0000007 280797 102590 6 2 589375.33 9.3873904 22.1003 23.9 253 1092483 266143 48544 90 0 0 0 0 0 0 553 309111 19770
23.906625 -0.202937 -0.162448 5.99966 60216 1.0000007 279417 101995 5 2 596470.49 9.3873904 22.1003 23.906625 211 1090548 266805 48602 91 0 0 0 0 0 0 553 307687 20008
23.913375 -0.202937 -0.161741 5.99968 60218 1.0000007 281046 102637 5 2 611853.28 9.3873904 22.1003 23.913375 244 1100762 271991 50089 92 0 0 0 0 0 0 553 309381 20524
23.92 -0.202937 -0.161048 5.9997 60219 1.0000007 281222 102680 7 2 622287.34 9.3873904 22.1003 23.92 230 1105350 275689 50928 93 0 0 0 0 0 0 553 309586 20874
23.926625 -0.202937 -0.160354 5.99972 60221 1.0000007 280957 102567 5 2 623509.61 9.3873904 22.1003 23.926625 209 1108860 279626 51237 94 0 0 0 0 0 0 553 309297 20915
23.933375 -0.202937 -0.159647 5.99973 60222 1.0000007 280976 102551 5 2 629382.5 9.3873904 22.1003 23.933375 209 1114720 284468 52115 95 0 0 0 0 0 0 553 309319 21112
23.94 -0.202937 -0.158953 5.99975 60224 1.0000007 280795 102467 5 2 644288.3 9.3873904 22.1003 23.94 218 1120236 290790 53760 96 0 0 0 0 0 0 553 309122 21612
23.946625 -0.202937 -0.15826 5.99977 60225 1.0000007 280800 102431 6 2 651144.97 9.3873904 22.1003 23.946625 235 1128302 297919 55083 97 0 0 0 0 0 0 553 309144 21842
23.953375 -0.202937 -0.157553 5.99979 60227 1.0000007 280639 102320 5 2 664977.55 9.3873904 22.1003 23.953375 263 1134491 305381 56811 98 0 0 0 0 0 0 553 308969 22306
23.96 -0.202937 -0.156859 5.99981 60228 1.0000007 280811 102384 5 2 687723.8 9.3873904 22.1003 23.96 322 1148006 315942 59013 99 0 0 0 0 0 0 553 309138 23069
23.966625 -0.202937 -0.156165 5.99983 60230 1.0000007 280536 102292 5 2 705759.82 9.3873904 22.1003 23.966625 444 1156882 326826 61195 100 0 0 0 0 0 0 553 308897 23674
23.973375 -0.202937 -0.155458 5.99984 60231 1.0000007 280711 102344 4 2 726389.45 9.3873904 22.1003 23.973375 618 1174789 343475 64756 101 0 0 0 0 0 0 553 309045 24366
23.98 -0.202937 -0.154765 5.99986 60233 1.0000007 280422 102153 5 2 755098.02 9.3873904 22.1003 23.98 991 1193740 361593 68108 102 0 0 0 0 0 0 553 308754 25329
23.986625 -0.202937 -0.154071 5.99988 60234 1.0000007 280520 102258 5 2 779483.91 9.3873904 22.1003 23.986625 1446 1217545 386067 73021 103 0 0 0 0 0 0 553 308888 26147
23.993375 -0.202937 -0.153364 5.9999 60236 1.0000007 280437 102174 5 2 808430.97 9.3873904 22.1003 23.993375 1833 1246048 414107 78959 104 0 0 0 0 0 0 553 308786 27118
24 -0.202937 -0.15267 5.99992 60237 1.0000007 280516 102202 6 2 855563.11 9.3873904 22.1003 24 2455 1280949 448528 87156 105 0 0 0 0 0 0 553 308865 28699
24.006625 -0.202937 -0.151977 5.99993 60239 1.0000007 280351 102137 6 2 915186.31 9.3873904 22.1003 24.006625 2452 1317584 484059 97490 106 0 0 0 0 0 0 553 308680 30699
24.013375 -0.202937 -0.15127 5.99995 60240 1.0000007 280462 102223 6 2 983097.13 9.3873904 22.1003 24.013375 2803 1365476 532783 112535 107 0 0 0 0 0 0 553 308803 32977
24.02 -0.202937 -0.150576 5.99997 60242 1.0000007 280327 102082 4 2 1083264.1 9.3873904 22.1003 24.02 3311 1419819 588778 131189 108 0 0 0 0 0 0 553 308662 36337
24.026625 -0.202937 -0.149882 5.99999 60243 1.0000007 280394 102153 5 2 1191510 9.3873904 22.1003 24.026625 3621 1494590 660139 155987 109 0 0 0 0 0 0 553 308736 39968
24.033375 -0.202937 -0.149175 6 60245 1.0000007 280344 102084 6 2 1331266.8 9.3873904 22.1003 24.033375 4249 1582148 748525 187852 110 0 0 0 0 0 0 553 308686 44656
24.04 -0.202937 -0.148482 6.00002 60246 1.0000007 280359 102077 6 2 1489536.6 9.3873904 22.1003 24.04 5034 1697554 862873 227301 111 0 0 0 0 0 0 553 308672 49965
24.046625 -0.202937 -0.147788 6.00004 60248 1.0000007 280346 102118 4 2 1691450.6 9.3873904 22.1003 24.046625 6066 1830637 995447 274357 112 0 0 0 0 0 0 553 308682 56738
24.053375 -0.202937 -0.147081 6.00006 60249 1.0000007 280397 102146 5 2 1965896.2 9.3873904 22.1003 24.053375 6978 1999035 1164777 338492 113 0 0 0 0 0 0 553 308730 65944
24.06 -0.202937 -0.146387 6.00007 60251 1.0000007 280423 102181 5 2 2288457.7 9.3873904 22.1003 24.06 8462 2195050 1359421 409689 114 0 0 0 0 0 0 553 308750 76764
24.066625 -0.202937 -0.145693 6.00009 60252 1.0000007 280416 102125 7 2 2733783.3 9.3873904 22.1003 24.066625 11277 2430772 1596103 498774 115 0 0 0 0 0 0 553 308749 91702
24.073375 -0.202937 -0.144987 6.00011 60254 1.0000007 280384 102164 6 2 3202600.6 9.3873904 22.1003 24.073375 14504 2693599 1857461 599237 116 0 0 0 0 0 0 553 308707 107428
24.08 -0.202937 -0.144293 6.00012 60256 1.0000007 280470 102222 5 2 3747497 9.3873904 22.1003 24.08 18419 2994148 2156883 712966 117 0 0 0 0 0 0 553 308787 125706
24.086625 -0.202937 -0.143599 6.00014 60257 1.0000007 280330 102132 4 2 4430510.6 9.3873904 22.1003 24.086625 24724 3300626 2463707 844572 118 0 0 0 0 0 0 553 308656 148617
24.093375 -0.202937 -0.142892 6.00016 60258 1.0000007 280465 102176 6 2 5206327.6 9.3873904 22.1003 24.093375 27585 3561485 2722841 982942 119 0 0 0 0 0 0 553 308802 174641
24.1 -0.202937 -0.142198 6.00017 60260 1.0000007 280378 102156 6 2 6003489.8 9.3873904 22.1003 24.1 28702 3714005 2875051 1120564 120 0 0 0 0 0 0 553 308724 201381
24.106625 -0.202937 -0.141505 6.00019 60261 1.0000007 280456 102213 6 2 6982234.5 9.3873904 22.1003 24.106625 33863 3748354 2911139 1251902 121 0 0 0 0 0 0 553 308778 234212
24.113375 -0.202937 -0.140798 6.00021 60263 1.0000007 280390 102192 5 2 7985692.9 9.3873904 22.1003 24.113375 30411 3639524 2803004 1339534 122 0 0 0 0 0 0 553 308705 267872
24.12 -0.202937 -0.140104 6.00022 60264 1.0000007 280502 102317 6 2 8972427.1 9.3873904 22.1003 24.12 21535 3474638 2637278 1379496 123 0 0 0 0 0 0 553 308837 300971
24.126625 -0.202937 -0.13941 6.00024 60266 1.0000007 280434 102253 5 2 9959489.1 9.3873904 22.1003 24.126625 19329 3303261 2464161 1376709 124 0 0 0 0 0 0 553 308742 334081
24.133375 -0.202937 -0.138703 6.00025 60267 1.0000007 280614 102391 6 2 10980059 9.3873904 22.1003 24.133375 18249 3155585 2317345 1358908 125 0 0 0 0 0 0 553 308948 368315
24.14 -0.202937 -0.138009 6.00027 60269 1.0000007 280502 102281 5 2 11781515 9.3873904 22.1003 24.14 18299 3031160 2191486 1329194 126 0 0 0 0 0 0 553 308851 395199
24.146625 -0.202937 -0.137316 6.00029 60270 1.0000007 280585 102446 6 2 12619399 9.3873904 22.1003 24.146625 19868 2953369 2112396 1315672 127 0 0 0 0 0 0 553 308921 423305
24.153375 -0.202937 -0.136609 6.0003 60272 1.0000007 280564 102335 6 2 13316335 9.3873904 22.1003 24.153375 21906 2892544 2054879 1306996 128 0 0 0 0 0 0 553 308886 446683
24.16 -0.202937 -0.135915 6.00032 60273 1.0000007 280721 102530 6 2 14068869 9.3873904 22.1003 24.16 22435 2866642 2026103 1314036 129 0 0 0 0 0 0 553 309052 471926
24.166625 -0.202937 -0.135221 6.00033 60275 1.0000007 280692 102410 5 2 14550982 9.3873904 22.1003 24.166625 21709 2820682 1979409 1298463 130 0 0 0 0 0 0 553 309020 488098
24.173375 -0.202937 -0.134514 6.00035 60276 1.0000007 278134 101468 6 2 14951233 9.3873904 22.1003 24.173375 19492 2751142 1919176 1269360 131 0 0 0 0 0 0 553 306351 501524
24.18 -0.202937 -0.13382 6.00037 60278 1.0000007 281496 102738 6 2 15513569 9.3873904 22.1003 24.18 17172 2727221 1884342 1250086 132 0 0 0 0 0 0 553 309840 520387
24.186625 -0.202937 -0.133127 6.00038 60279 1.0000007 281526 102878 6 2 15899033 9.3873904 22.1003 24.186625 14197 2677589 1833362 1217447 133 0 0 0 0 0 0 553 309875 533317
24.193375 -0.202937 -0.13242 6.0004 60281 1.0000007 281546 102814 6 2 16134515 9.3873904 22.1003 24.193375 11418 2609936 1766231 1172168 134 0 0 0 0 0 0 553 309873 541216
24.2 -0.202937 -0.131726 6.00041 60282 1.0000007 281559 102917 5 2 16235397 9.3873904 22.1003 24.2 9548 2551702 1707169 1128537 135 0 0 0 0 0 0 553 309897 544600
24.206625 -0.202937 -0.131032 6.00043 60284 1.0000007 281469 102768 6 2 16342332 9.3873904 22.1003 24.206625 8379 2495824 1653610 1088045 136 0 0 0 0 0 0 553 309786 548187
24.213375 -0.202937 -0.130325 6.00044 60285 1.0000007 281746 103019 5 2 16419603 9.3873904 22.1003 24.213375 7183 2459710 1614452 1057405 137 0 0 0 0 0 0 553 310089 550779
24.22 -0.202937 -0.129631 6.00046 60287 1.0000007 281494 102776 6 2 16184837 9.3873904 22.1003 24.22 6340 2406007 1562013 1015766 138 0 0 0 0 0 0 553 309811 542904
24.226625 -0.202937 -0.128937 6.00047 60288 1.0000007 281559 102957 4 2 16156784 9.3873904 22.1003 24.226625 5819 2378570 1531252 991923 139 0 0 0 0 0 0 553 309904 541963
24.233375 -0.202937 -0.128231 6.00049 60290 1.0000007 281626 102844 6 2 15968315 9.3873904 22.1003 24.233375 5452 2339887 1495017 962727 140 0 0 0 0 0 0 553 309950 535641
24.24 -0.202937 -0.127537 6.0005 60291 1.0000007 281684 103037 5 2 15770575 9.3873904 22.1003 24.24 4962 2311703 1465507 938630 141 0 0 0 0 0 0 553 310012 529008
24.246625 -0.202937 -0.126843 6.00052 60292 1.0000007 281758 102971 6 2 15603958 9.3873904 22.1003 24.246625 4624 2283060 1435330 915226 142 0 0 0 0 0 0 553 310096 523419
24.253375 -0.202937 -0.126136 6.00053 60294 1.0000007 281543 102944 4 2 15310522 9.3873904 22.1003 24.253375 4260 2248037 1403032 890300 143 0 0 0 0 0 0 553 309878 513576
24.26 -0.202937 -0.125442 6.00055 60295 1.0000007 281750 102940 5 2 14955347 9.3873904 22.1003 24.26 3952 2216123 1369810 863925 144 0 0 0 0 0 0 553 310091 501662
24.266625 -0.202937 -0.124748 6.00056 60297 1.0000007 281614 102954 5 2 14574861 9.3873904 22.1003 24.266625 3665 2178615 1333276 837587 145 0 0 0 0 0 0 553 309955 488899
24.273375 -0.202937 -0.124041 6.00058 60298 1.0000007 281742 102942 5 2 14145932 9.3873904 22.1003 24.273375 3326 2147011 1298416 812370 146 0 0 0 0 0 0 553 310079 474511
24.28 -0.202937 -0.123348 6.00059 60300 1.0000007 281728 103012 6 2 13651656 9.3873904 22.1003 24.28 3174 2108249 1262153 786055 147 0 0 0 0 0 0 553 310059 457931
24.286625 -0.202937 -0.122654 6.0006 60301 1.0000007 281760 103026 5 2 13089588 9.3873904 22.1003 24.286625 2847 2070815 1222502 759568 148 0 0 0 0 0 0 553 310100 439077
24.293375 -0.202937 -0.121947 6.00062 60303 1.0000007 281556 102981 6 2 12474485 9.3873904 22.1003 24.293375 2528 2031428 1183061 731919 149 0 0 0 0 0 0 553 309882 418444
24.3 -0.202937 -0.121253 6.00063 60304 1.0000007 281760 103050 6 2 11993296 9.3873904 22.1003 24.3 2340 2001266 1153323 713084 150 0 0 0 0 0 0 553 310087 402303
24.306625 -0.202937 -0.120559 6.00065 60306 1.0000007 281549 102946 5 2 11422016 9.3873904 22.1003 24.306625 2220 1969376 1120015 689866 151 0 0 0 0 0 0 553 309869 383140
24.313375 -0.202937 -0.119852 6.00066 60307 1.0000007 281643 102947 6 2 10862602 9.3873904 22.1003 24.313375 1939 1943279 1094867 668654 152 0 0 0 0 0 0 553 309974 364375
24.32 -0.202937 -0.119158 6.00067 60309 1.0000007 281614 102990 6 2 10255697 9.3873904 22.1003 24.32 1763 1915533 1069560 646741 153 0 0 0 0 0 0 553 309928 344017
24.326625 -0.202937 -0.118464 6.00069 60310 1.0000007 281652 102970 5 2 9676129.9 9.3873904 22.1003 24.326625 1667 1899379 1052576 626811 154 0 0 0 0 0 0 553 309969 324576
24.333375 -0.202937 -0.117758 6.0007 60312 1.0000007 281596 102958 6 2 9093015 9.3873904 22.1003 24.333375 1588 1886648 1038388 608883 155 0 0 0 0 0 0 553 309930 305016
24.34 -0.202937 -0.117064 6.00072 60313 1.0000007 281546 102943 5 2 8560102.8 9.3873904 22.1003 24.34 1654 1879543 1031660 594177 156 0 0 0 0 0 0 553 309853 287140
24.346625 -0.202937 -0.11637 6.00073 60314 1.0000007 281646 102982 5 2 8030648.8 9.3873904 22.1003 24.346625 1874 1879455 1031933 581592 157 0 0 0 0 0 0 553 309968 269380
24.353375 -0.202937 -0.115663 6.00074 60316 1.0000007 281677 103048 5 2 7565319.5 9.3873904 22.1003 24.353375 2171 1884819 1035541 570786 158 0 0 0 0 0 0 553 309982 253771
24.36 -0.202937 -0.114969 6.00076 60317 1.0000007 281654 103047 6 2 7137970.3 9.3873904 22.1003 24.36 2476 1895264 1047632 565216 159 0 0 0 0 0 0 553 309965 239436
24.366625 -0.202937 -0.114275 6.00077 60319 1.0000007 281662 103043 5 2 6697891.4 9.3873904 22.1003 24.366625 2861 1915573 1065777 559987 160 0 0 0 0 0 0 553 309988 224674
24.373375 -0.202937 -0.113568 6.00078 60320 1.0000007 281636 102948 6 2 6265772.3 9.3873904 22.1003 24.373375 3372 1938547 1089180 554654 161 0 0 0 0 0 0 553 309955 210179
24.38 -0.202937 -0.112874 6.0008 60322 1.0000007 281722 103079 5 2 5923982.3 9.3873904 22.1003 24.38 4142 1972270 1124819 553552 162 0 0 0 0 0 0 553 310056 198714
24.386625 -0.202937 -0.11218 6.00081 60323 1.0000007 281871 103109 6 2 5588542.2 9.3873904 22.1003 24.386625 5576 2014802 1166029 551380 163 0 0 0 0 0 0 553 310197 187462
24.393375 -0.202937 -0.111474 6.00082 60325 1.0000007 281871 103172 6 2 5261181 9.3873904 22.1003 24.393375 6686 2067575 1218077 551062 164 0 0 0 0 0 0 553 310221 176481
24.4 -0.202937 -0.11078 6.00084 60326 1.0000007 281805 103118 5 2 4954151.3 9.3873904 22.1003 24.4 8960 2122135 1273538 548623 165 0 0 0 0 0 0 553 310124 166182
24.406625 -0.202937 -0.110086 6.00085 60328 1.0000007 281751 103176 5 2 4708295 9.3873904 22.1003 24.406625 11130 2193484 1344986 550283 166 0 0 0 0 0 0 553 310096 157935
24.413375 -0.202937 -0.109379 6.00086 60329 1.0000007 281753 103119 6 2 4437963.5 9.3873904 22.1003 24.413375 14676 2278249 1428374 550352 167 0 0 0 0 0 0 553 310054 148867
24.42 -0.202937 -0.108685 6.00087 60331 1.0000007 281844 103263 6 2 4274625.7 9.3873904 22.1003 24.42 20044 2384017 1535031 556613 168 0 0 0 0 0 0 553 310169 143388
24.426625 -0.202937 -0.107991 6.00089 60332 1.0000007 281887 103205 5 2 4057418.4 9.3873904 22.1003 24.426625 27262 2496628 1647004 558714 169 0 0 0 0 0 0 553 310184 136102
24.433375 -0.202937 -0.107284 6.0009 60334 1.0000007 282069 103392 6 2 3911878.2 9.3873904 22.1003 24.433375 32668 2632593 1782951 565993 170 0 0 0 0 0 0 553 310372 131220
24.44 -0.202937 -0.10659 6.00091 60335 1.0000007 281947 103234 5 2 3757632.9 9.3873904 22.1003 24.44 42032 2792267 1939890 569233 171 0 0 0 0 0 0 553 310269 126046
24.446625 -0.202937 -0.105896 6.00092 60337 1.0000007 281938 103371 5 2 3671238.9 9.3873904 22.1003 24.446625 48536 2977805 2127474 572799 172 0 0 0 0 0 0 553 310252 123148
24.453375 -0.202937 -0.105189 6.00094 60338 1.0000007 282133 103369 5 2 3590032.1 9.3873904 22.1003 24.453375 49230 3197772 2347264 571651 173 0 0 0 0 0 0 553 310440 120424
24.46 -0.202937 -0.104496 6.00095 60340 1.0000007 282161 103453 6 2 3526116 9.3873904 22.1003 24.46 65779 3469463 2619690 568024 174 0 0 0 0 0 0 553 310470 118280
24.466625 -0.202937 -0.103802 6.00096 60341 1.0000007 282124 103407 5 2 3500627.1 9.3873904 22.1003 24.466625 98146 3868850 3017042 562979 175 0 0 0 0 0 0 553 310436 117425
24.473375 -0.202937 -0.103095 6.00097 60342 1.0000007 282237 103573 6 2 3520183.5 9.3873904 22.1003 24.473375 189176 4473615 3621553 562252 176 0 0 0 0 0 0 553 310570 118081
24.48 -0.202937 -0.102401 6.00098 60344 1.0000007 282275 103543 5 2 3612092.7 9.3873904 22.1003 24.48 343576 5386923 4533515 565388 177 0 0 0 0 0 0 553 310573 121164
24.486625 -0.202937 -0.101707 6.001 60345 1.0000007 282219 103654 5 2 3694164 9.3873904 22.1003 24.486625 554556 6280595 5428826 570656 178 0 0 0 0 0 0 553 310522 123917
24.493375 -0.202937 -0.101 6.00101 60347 1.0000007 282240 103500 5 2 3760286.2 9.3873904 22.1003 24.493375 476082 6202133 5348873 573558 179 0 0 0 0 0 0 553 310536 126135
24.5 -0.202937 -0.100306 6.00102 60348 1.0000007 282374 103787 5 2 3848886.2 9.3873904 22.1003 24.5 231314 5461643 4608099 579431 180 0 0 0 0 0 0 553 310689 129107
24.506625 -0.202937 -0.0996122 6.00103 60350 1.0000007 282491 103746 6 2 3980951.6 9.3873904 22.1003 24.506625 150774 5128432 4275625 577692 181 0 0 0 0 0 0 553 310802 133537
24.513375 -0.202937 -0.0989052 6.00104 60351 1.0000007 282388 103751 6 2 4118562 9.3873904 22.1003 24.513375 139302 5058788 4206350 563895 182 0 0 0 0 0 0 553 310688 138153
24.52 -0.202937 -0.0982113 6.00105 60353 1.0000007 282714 103900 6 2 4142292 9.3873904 22.1003 24.52 125541 4881163 4027113 543542 183 0 0 0 0 0 0 553 311008 138949
24.526625 -0.202937 -0.0975174 6.00107 60354 1.0000007 282680 103929 5 2 3951438.1 9.3873904 22.1003 24.526625 116068 4656697 3801529 514336 184 0 0 0 0 0 0 553 310978 132547
24.533375 -0.202937 -0.0968104 6.00108 60356 1.0000007 282786 104048 5 2 3645720.2 9.3873904 22.1003 24.533375 101438 4460102 3607100 482969 185 0 0 0 0 0 0 553 311087 122292
24.54 -0.202937 -0.0961165 6.00109 60357 1.0000007 282714 104037 6 2 3268037 9.3873904 22.1003 24.54 80714 4268365 3414967 447729 186 0 0 0 0 0 0 553 310993 109623
24.546625 -0.202937 -0.0954226 6.0011 60359 1.0000007 282797 104030 5 2 2895093.9 9.3873904 22.1003 24.546625 58660 4002302 3150416 408711 187 0 0 0 0 0 0 553 311077 97113
24.553375 -0.202937 -0.0947157 6.00111 60360 1.0000007 282852 104129 5 2 2579597.7 9.3873904 22.1003 24.553375 77410 3771377 2919806 369150 188 0 0 0 0 0 0 553 311140 86530
24.56 -0.202937 -0.0940218 6.00112 60362 1.0000007 282898 104178 5 2 2300173.6 9.3873904 22.1003 24.56 57560 3331088 2480602 328454 189 0 0 0 0 0 0 553 311176 77157
24.566625 -0.202937 -0.0933279 6.00113 60363 1.0000007 283056 104242 6 2 2077272.3 9.3873904 22.1003 24.566625 41610 2934179 2080127 294575 190 0 0 0 0 0 0 553 311330 69680
24.573375 -0.202937 -0.0926209 6.00114 60364 1.0000007 283015 104245 4 2 1886120.3 9.3873904 22.1003 24.573375 38019 2604349 1753338 259569 191 0 0 0 0 0 0 553 311290 63268
24.58 -0.202937 -0.091927 6.00115 60366 1.0000007 282975 104276 6 2 1739805 9.3873904 22.1003 24.58 31607 2290209 1439056 227310 192 0 0 0 0 0 0 553 311233 58360
24.586625 -0.202937 -0.0912331 6.00116 60367 1.0000007 283163 104372 5 2 1597812.3 9.3873904 22.1003 24.586625 18768 2058842 1206226 197530 193 0 0 0 0 0 0 553 311438 53597
24.593375 -0.202937 -0.0905261 6.00117 60369 1.0000007 283138 104411 5 2 1478715 9.3873904 22.1003 24.593375 19702 1941447 1089582 172927 194 0 0 0 0 0 0 553 311411 49602
24.6 -0.202937 -0.0898322 6.00119 60370 1.0000007 283212 104445 5 2 1377623.8 9.3873904 22.1003 24.6 16284 1754774 904833 151061 195 0 0 0 0 0 0 553 311505 46211
24.606625 -0.202937 -0.0891383 6.0012 60372 1.0000007 283270 104374 5 2 1281272.8 9.3873904 22.1003 24.606625 15628 1599959 748376 132541 196 0 0 0 0 0 0 553 311542 42979
24.613375 -0.202937 -0.0884313 6.00121 60373 1.0000007 283369 104568 5 2 1183073.3 9.3873904 22.1003 24.613375 9670 1489638 638544 116764 197 0 0 0 0 0 0 553 311660 39685
24.62 -0.202937 -0.0877373 6.00122 60375 1.0000007 283297 104461 5 2 1118412 9.3873904 22.1003 24.62 6192 1388674 538120 106569 198 0 0 0 0 0 0 553 311570 37516
24.626625 -0.202937 -0.0870434 6.00123 60376 1.0000007 283361 104600 5 2 1051306.1 9.3873904 22.1003 24.626625 2437 1325825 476538 97705 199 0 0 0 0 0 0 553 311630 35265
24.633375 -0.202937 -0.0863364 6.00124 60378 1.0000007 283444 104573 5 2 989715.31 9.3873904 22.1003 24.633375 1348 1282808 433608 89874 200 0 0 0 0 0 0 553 311718 33199
24.64 -0.202937 -0.0856425 6.00125 60379 1.0000007 283385 104696 5 2 927886.05 9.3873904 22.1003 24.64 528 1254891 406601 83441 201 0 0 0 0 0 0 553 311662 31125
24.646625 -0.202937 -0.0849486 6.00126 60381 1.0000007 283423 104535 5 2 887968.32 9.3873904 22.1003 24.646625 445 1239091 388921 78538 202 0 0 0 0 0 0 553 311685 29786
24.653375 -0.202937 -0.0842416 6.00127 60382 1.0000007 283318 104684 5 2 859915.6 9.3873904 22.1003 24.653375 383 1223892 375777 75302 203 0 0 0 0 0 0 553 311552 28845
24.66 -0.202937 -0.0835477 6.00128 60384 1.0000007 283403 104607 6 2 819759.38 9.3873904 22.1003 24.66 354 1210996 364011 71104 204 0 0 0 0 0 0 553 311659 27498
24.666625 -0.202937 -0.0828538 6.00129 60385 1.0000007 283378 104722 5 2 798086.34 9.3873904 22.1003 24.666625 321 1202558 354426 68483 205 0 0 0 0 0 0 553 311640 26771
24.673375 -0.202937 -0.0821468 6.0013 60387 1.0000007 283298 104457 5 2 773819.7 9.3873904 22.1003 24.673375 327 1189344 344362 66233 206 0 0 0 0 0 0 553 311581 25957
24.68 -0.202937 -0.0814528 6.0013 60388 1.0000007 283315 104637 5 2 749582.87 9.3873904 22.1003 24.68 313 1184703 338432 63872 207 0 0 0 0 0 0 553 311582 25144
24.686625 -0.202937 -0.0807589 6.00131 60390 1.0000007 283267 104485 5 2 733097.06 9.3873904 22.1003 24.686625 310 1175695 330281 62362 208 0 0 0 0 0 0 553 311540 24591
24.693375 -0.202937 -0.0800519 6.00132 60391 1.0000007 283358 104640 6 2 709068.91 9.3873904 22.1003 24.693375 290 1169425 323962 60242 209 0 0 0 0 0 0 553 311648 23785
24.7 -0.202937 -0.079358 6.00133 60393 1.0000007 283150 104451 6 2 699767.69 9.3873904 22.1003 24.7 260 1163155 318515 59098 210 0 0 0 0 0 0 553 311412 23473
24.706625 -0.202937 -0.0786641 6.00134 60394 1.0000007 283272 104610 5 2 690704.96 9.3873904 22.1003 24.706625 279 1157777 313042 57905 211 0 0 0 0 0 0 553 311529 23169
24.713375 -0.202937 -0.077957 6.00135 60396 1.0000007 283101 104324 6 2 676335.77 9.3873904 22.1003 24.713375 226 1151688 306858 56550 212 0 0 0 0 0 0 553 311380 22687
24.72 -0.202937 -0.0772631 6.00136 60397 1.0000007 283315 104565 5 2 669091.55 9.3873904 22.1003 24.72 250 1147222 303157 56223 213 0 0 0 0 0 0 553 311609 22444
24.726625 -0.202937 -0.0765692 6.00137 60398 1.0000007 283303 104507 6 2 654811.79 9.3873904 22.1003 24.726625 202 1143447 299533 54677 214 0 0 0 0 0 0 553 311584 21965
24.733375 -0.202937 -0.0758622 6.00138 60400 1.0000007 283426 104574 6 2 658389.19 9.3873904 22.1003 24.733375 242 1138132 294404 54266 215 0 0 0 0 0 0 553 311734 22085
24.74 -0.202937 -0.0751682 6.00139 60401 1.0000007 283307 104414 6 2 645123.02 9.3873904 22.1003 24.74 237 1132547 291295 53229 216 0 0 0 0 0 0 553 311582 21640
24.746625 -0.202937 -0.0744743 6.0014 60403 1.0000007 283057 104412 5 2 638445.23 9.3873904 22.1003 24.746625 217 1127510 287055 52492 217 0 0 0 0 0 0 553 311350 21416
24.753375 -0.202937 -0.0737673 6.0014 60404 1.0000007 283204 104371 6 2 634718.78 9.3873904 22.1003 24.753375 256 1125529 284833 52191 218 0 0 0 0 0 0 553 311490 21291
24.76 -0.202937 -0.0730734 6.00141 60406 1.0000007 282995 104303 6 2 626401.34 9.3873904 22.1003 24.76 236 1122761 282289 51512 219 0 0 0 0 0 0 553 311283 21012
24.766625 -0.202937 -0.0723794 6.00142 60407 1.0000007 283028 104187 5 2 626103.22 9.3873904 22.1003 24.766625 219 1119101 279649 51209 220 0 0 0 0 0 0 553 311336 21002
24.773375 -0.202937 -0.0716724 6.00143 60409 1.0000007 283014 104366 6 2 613701.6 9.3873904 22.1003 24.773375 239 1116043 277431 50861 221 0 0 0 0 0 0 553 311314 20586
24.78 -0.202937 -0.0709785 6.00144 60410 1.0000007 282933 104178 6 2 605771.71 9.3873904 22.1003 24.78 225 1112430 274034 50141 222 0 0 0 0 0 0 553 311228 20320
24.786625 -0.202937 -0.0702845 6.00145 60412 1.0000007 282710 104099 5 2 600852.8 9.3873904 22.1003 24.786625 231 1110804 272288 49574 223 0 0 0 0 0 0 553 311007 20155
24.793375 -0.202937 -0.0695775 6.00145 60413 1.0000007 282871 104096 5 2 608335.51 9.3873904 22.1003 24.793375 247 1105480 268412 49235 224 0 0 0 0 0 0 553 311178 20406
24.8 -0.202937 -0.0688836 6.00146 60415 1.0000007 282671 104068 5 2 599093.91 9.3873904 22.1003 24.8 247 1104017 267914 48815 225 0 0 0 0 0 0 553 310972 20096
24.806625 -0.202937 -0.0681896 6.00147 60416 1.0000007 282592 103974 6 2 599272.78 9.3873904 22.1003 24.806625 249 1099394 265836 48669 226 0 0 0 0 0 0 553 310883 20102
24.813375 -0.202937 -0.0674826 6.00148 60418 1.0000007 282524 103980 6 2 591223.65 9.3873904 22.1003 24.813375 249 1099394 265836 48457 227 0 0 0 0 0 0 553 310825 19832
24.82 -0.202937 -0.0667887 6.00149 60419 1.0000007 282485 103885 5 2 582637.91 9.3873904 22.1003 24.82 249 1097840 262744 47983 228 0 0 0 0 0 0 553 310793 19544
24.826625 -0.202937 -0.0660947 6.00149 60421 1.0000007 282474 103841 5 2 581743.56 9.3873904 22.1003 24.826625 230 1095446 261844 47729 229 0 0 0 0 0 0 553 310768 19514
24.833375 -0.202937 -0.0653877 6.0015 60422 1.0000007 282522 103903 6 2 578046.92 9.3873904 22.1003 24.833375 237 1089283 258909 46841 230 0 0 0 0 0 0 553 310835 19390
24.84 -0.202937 -0.0646937 6.00151 60424 1.0000007 282260 103716 7 2 576109.17 9.3873904 22.1003 24.84 237 1089283 259062 46987 231 0 0 0 0 0 0 553 310560 19325
24.846625 -0.202937 -0.0639998 6.00152 60425 1.0000007 282356 103857 6 2 575006.14 9.3873904 22.1003 24.846625 225 1089370 256944 46682 232 0 0 0 0 0 0 553 310670 19288
24.853375 -0.202937 -0.0632928 6.00152 60427 1.0000007 282224 103643 6 2 568686.08 9.3873904 22.1003 24.853375 237 1084866 254876 46299 233 0 0 0 0 0 0 553 310520 19076
24.86 -0.202937 -0.0625988 6.00153 60428 1.0000007 282255 103736 6 2 571220.07 9.3873904 22.1003 24.86 237 1084866 254082 46514 234 0 0 0 0 0 0 553 310566 19161
24.866625 -0.202937 -0.0619049 6.00154 60430 1.0000007 282038 103498 5 2 567583.05 9.3873904 22.1003 24.866625 242 1081185 252806 45691 235 0 0 0 0 0 0 553 310343 19039
24.873375 -0.202937 -0.0611978 6.00155 60431 1.0000007 282171 103670 5 2 562634.33 9.3873904 22.1003 24.873375 242 1081185 251251 46030 236 0 0 0 0 0 0 553 310494 18873
24.88 -0.202937 -0.0605039 6.00155 60433 1.0000007 282127 103533 6 2 564512.46 9.3873904 22.1003 24.88 235 1077251 251495 45772 237 0 0 0 0 0 0 553 310446 18936
24.886625 -0.202937 -0.0598099 6.00156 60434 1.0000007 282048 103516 5 2 564512.46 9.3873904 22.1003 24.886625 236 1075919 250066 45731 238 0 0 0 0 0 0 553 310370 18936
24.893375 -0.202937 -0.0591029 6.00157 60435 1.0000007 281937 103380 6 2 553005.18 9.3873904 22.1003 24.893375 217 1076088 248244 44922 239 0 0 0 0 0 0 553 310260 18550
24.9 -0.202937 -0.0584089 6.00157 60437 1.0000007 281915 103427 5 2 553690.85 9.3873904 22.1003 24.9 239 1071456 247699 44892 240 0 0 0 0 0 0 553 310211 18573
24.906625 -0.202937 -0.057715 6.00158 60438 1.0000007 281846 103365 6 2 542153.76 9.3873904 22.1003 24.906625 246 1068320 245554 44180 241 0 0 0 0 0 0 553 310155 18186
24.913375 -0.202937 -0.0570079 6.00159 60440 1.0000007 281843 103369 6 2 546923.61 9.3873904 22.1003 24.913375 237 1068667 244837 44420 242 0 0 0 0 0 0 553 310166 18346
24.92 -0.202937 -0.056314 6.00159 60441 1.0000007 281708 103224 5 2 537145.41 9.3873904 22.1003 24.92 214 1068386 244518 43910 243 0 0 0 0 0 0 553 310021 18018
24.926625 -0.202937 -0.05562 6.0016 60443 1.0000007 281712 103359 5 2 542600.93 9.3873904 22.1003 24.926625 230 1067006 243771 44263 244 0 0 0 0 0 0 553 310026 18201
24.933375 -0.202937 -0.054913 6.00161 60444 1.0000007 281691 103188 6 2 543793.4 9.3873904 22.1003 24.933375 252 1064673 243072 43906 245 0 0 0 0 0 0 553 309996 18241
24.94 -0.202937 -0.054219 6.00161 60446 1.0000007 281591 103252 6 2 538129.19 9.3873904 22.1003 24.94 232 1065156 242313 43864 246 0 0 0 0 0 0 553 309924 18051
24.946625 -0.202937 -0.0535251 6.00162 60447 1.0000007 281567 103133 4 2 537622.39 9.3873904 22.1003 24.946625 229 1064524 242365 43765 247 0 0 0 0 0 0 553 309890 18034
24.953375 -0.202937 -0.052818 6.00163 60449 1.0000007 281377 103098 5 2 530318.55 9.3873904 22.1003 24.953375 229 1064524 241416 43485 248 0 0 0 0 0 0 553 309695 17789
24.96 -0.202937 -0.0521241 6.00163 60450 1.0000007 281420 103009 5 2 528500.04 9.3873904 22.1003 24.96 228 1056015 239024 42940 249 0 0 0 0 0 0 553 309730 17728
24.966625 -0.202937 -0.0514301 6.00164 60452 1.0000007 281236 103059 5 2 535475.96 9.3873904 22.1003 24.966625 234 1058127 239720 43348 250 0 0 0 0 0 0 553 309563 17962
24.973375 -0.202937 -0.0507231 6.00164 60453 1.0000007 281372 103032 5 2 525429.45 9.3873904 22.1003 24.973375 234 1058127 239720 42870 251 0 0 0 0 0 0 553 309696 17625
24.98 -0.202937 -0.0500291 6.00165 60455 1.0000007 281149 102905 5 2 531928.38 9.3873904 22.1003 24.98 242 1053396 237932 42997 252 0 0 0 0 0 0 553 309467 17843
24.986625 -0.202937 -0.0493352 6.00165 60456 1.0000007 281195 102942 5 2 528738.54 9.3873904 22.1003 24.986625 245 1051947 236714 42888 253 0 0 0 0 0 0 553 309519 17736
24.993375 -0.202937 -0.0486281 6.00166 60458 1.0000007 281209 102907 5 2 518274.67 9.3873904 22.1003 24.993375 219 1052112 237310 42658 254 0 0 0 0 0 0 553 309519 17385
25 -0.202937 -0.0479341 6.00167 60459 1.0000007 281317 102965 5 2 527337.39 9.3873904 22.1003 25 211 1051793 235926 42649 255 0 0 0 0 0 0 553 309649 17689
25.006625 -0.202937 -0.0472402 6.00167 60461 1.0000007 281122 102927 5 2 530080.06 9.3873904 22.1003 25.006625 220 1050309 235087 42595 256 0 0 0 0 0 0 553 309463 17781
25.013375 -0.202937 -0.0465331 6.00168 60462 1.0000007 281130 102852 5 2 523819.62 9.3873904 22.1003 25.013375 212 1049893 235529 42444 257 0 0 0 0 0 0 553 309446 17571
25.02 -0.202937 -0.0458392 6.00168 60464 1.0000007 281119 102968 5 2 524236.99 9.3873904 22.1003 25.02 207 1047069 234878 42457 258 0 0 0 0 0 0 553 309443 17585
25.026625 -0.202937 -0.0451452 6.00169 60465 1.0000007 281201 102827 5 2 523133.96 9.3873904 22.1003 25.026625 207 1047069 234792 42425 259 0 0 0 0 0 0 553 309551 17548
25.033375 -0.202937 -0.0444381 6.00169 60467 1.0000007 280972 102800 5 2 516694.65 9.3873904 22.1003 25.033375 237 1044702 233840 42273 260 0 0 0 0 0 0 553 309281 17332
25.04 -0.202937 -0.0437442 6.0017 60468 1.0000007 280998 102744 5 2 519318.07 9.3873904 22.1003 25.04 237 1044702 233840 42295 261 0 0 0 0 0 0 553 309306 17420
25.046625 -0.202937 -0.0430502 6.0017 60470 1.0000007 280910 102818 5 2 518781.46 9.3873904 22.1003 25.046625 240 1045543 233231 42194 262 0 0 0 0 0 0 553 309220 17402
25.053375 -0.202937 -0.0423431 6.00171 60471 1.0000007 281060 102760 5 2 518781.46 9.3873904 22.1003 25.053375 240 1045543 233231 42194 263 0 0 0 0 0 0 553 309387 17402
25.06 -0.202937 -0.0416492 6.00171 60473 1.0000007 280967 102842 4 2 513027.82 9.3873904 22.1003 25.06 244 1044589 231591 41683 264 0 0 0 0 0 0 553 309285 17209
25.066625 -0.202937 -0.0409552 6.00172 60474 1.0000007 281013 102757 5 2 521881.87 9.3873904 22.1003 25.066625 220 1042050 232504 42497 265 0 0 0 0 0 0 553 309343 17506
25.073375 -0.202937 -0.0402482 6.00172 60476 1.0000007 281006 102848 6 2 521881.87 9.3873904 22.1003 25.073375 220 1042050 230400 41660 266 0 0 0 0 0 0 553 309336 17506
25.08 -0.202937 -0.0395542 6.00173 60477 1.0000007 280952 102690 5 2 514041.42 9.3873904 22.1003 25.08 210 1040361 230400 41839 267 0 0 0 0 0 0 553 309265 17243
25.086625 -0.202937 -0.0388602 6.00173 60479 1.0000007 280886 102755 5 2 517529.38 9.3873904 22.1003 25.086625 228 1039991 230670 41839 268 0 0 0 0 0 0 553 309223 17360
25.093375 -0.202937 -0.0381532 6.00174 60480 1.0000007 280962 102747 7 2 504173.78 9.3873904 22.1003 25.093375 218 1040413 230743 41432 269 0 0 0 0 0 0 553 309262 16912
25.1 -0.202937 -0.0374592 6.00174 60482 1.0000007 280881 102723 5 2 517052.39 9.3873904 22.1003 25.1 219 1039958 230760 41611 270 0 0 0 0 0 0 553 309190 17344
25.106625 -0.202937 -0.0367652 6.00175 60483 1.0000007 280975 102763 5 2 517052.39 9.3873904 22.1003 25.106625 250 1037552 229501 41121 271 0 0 0 0 0 0 553 309282 17344
25.113375 -0.202937 -0.0360582 6.00175 60485 1.0000007 280853 102746 6 2 506320.21 9.3873904 22.1003 25.113375 245 1035394 229283 41280 272 0 0 0 0 0 0 553 309186 16984
25.12 -0.202937 -0.0353642 6.00175 60486 1.0000007 280883 102719 6 2 509450.43 9.3873904 22.1003 25.12 245 1035394 228857 41536 273 0 0 0 0 0 0 553 309185 17089
25.126625 -0.202937 -0.0346702 6.00176 60488 1.0000007 280878 102751 5 2 507751.17 9.3873904 22.1003 25.126625 231 1034548 228628 41347 274 0 0 0 0 0 0 553 309194 17032
25.133375 -0.202937 -0.0339631 6.00176 60489 1.0000007 280861 102639 6 2 503130.37 9.3873904 22.1003 25.133375 237 1032872 226824 41068 275 0 0 0 0 0 0 553 309197 16877
25.14 -0.202937 -0.0332692 6.00177 60491 1.0000007 280656 102610 5 2 511239.13 9.3873904 22.1003 25.14 212 1032178 228214 41387 276 0 0 0 0 0 0 553 308977 17149
25.146625 -0.202937 -0.0325752 6.00177 60492 1.0000007 280843 102666 5 2 502563.95 9.3873904 22.1003 25.146625 212 1032178 228214 40976 277 0 0 0 0 0 0 553 309173 16858
25.153375 -0.202937 -0.0318681 6.00177 60494 1.0000007 280722 102657 5 2 509629.3 9.3873904 22.1003 25.153375 234 1031305 227051 40833 278 0 0 0 0 0 0 553 309050 17095
25.16 -0.202937 -0.0311742 6.00178 60495 1.0000007 280800 102626 5 2 499851.1 9.3873904 22.1003 25.16 213 1030319 226424 40831 279 0 0 0 0 0 0 553 309105 16767
25.166625 -0.202937 -0.0304802 6.00178 60497 1.0000007 280610 102642 6 2 499851.1 9.3873904 22.1003 25.166625 213 1030319 226424 40831 280 0 0 0 0 0 0 553 308921 16767
25.173375 -0.202937 -0.0297731 6.00178 60498 1.0000007 280755 102632 5 2 500536.76 9.3873904 22.1003 25.173375 216 1029928 226307 40589 281 0 0 0 0 0 0 553 309079 16790
25.18 -0.202937 -0.0290791 6.00179 60500 1.0000007 280648 102688 6 2 505634.55 9.3873904 22.1003 25.18 244 1029245 225970 40683 282 0 0 0 0 0 0 553 308975 16961
25.186625 -0.202937 -0.0283852 6.00179 60501 1.0000007 280618 102522 5 2 495617.85 9.3873904 22.1003 25.186625 243 1027241 226076 40679 283 0 0 0 0 0 0 553 308931 16625
25.193375 -0.202937 -0.0276781 6.00179 60503 1.0000007 280541 102559 6 2 494395.57 9.3873904 22.1003 25.193375 248 1026974 225190 40601 284 0 0 0 0 0 0 553 308854 16584
25.2 -0.202937 -0.0269841 6.0018 60504 1.0000007 280637 102575 6 2 494395.57 9.3873904 22.1003 25.2 248 1026974 225190 40742 285 0 0 0 0 0 0 553 308968 16584
25.206625 -0.202937 -0.0262901 6.0018 60506 1.0000007 280534 102550 5 2 502981.32 9.3873904 22.1003 25.206625 246 1025218 225482 40421 286 0 0 0 0 0 0 553 308824 16872
25.213375 -0.202937 -0.0255831 6.0018 60507 1.0000007 280681 102603 6 2 491891.4 9.3873904 22.1003 25.213375 226 1023806 224549 40282 287 0 0 0 0 0 0 553 308996 16500
25.22 -0.202937 -0.0248891 6.00181 60509 1.0000007 280626 102599 5 2 494395.57 9.3873904 22.1003 25.22 201 1025598 225185 40555 288 0 0 0 0 0 0 553 308929 16584
25.226625 -0.202937 -0.0241951 6.00181 60510 1.0000007 280563 102540 6 2 494395.57 9.3873904 22.1003 25.226625 201 1025598 225185 40634 289 0 0 0 0 0 0 553 308848 16584
25.233375 -0.202937 -0.023488 6.00181 60511 1.0000007 280555 102617 7 2 500805.07 9.3873904 22.1003 25.233375 242 1022330 224081 40697 290 0 0 0 0 0 0 553 308885 16799
25.24 -0.202937 -0.0227941 6.00181 60513 1.0000007 280623 102588 5 2 498420.14 9.3873904 22.1003 25.24 225 1023822 224929 40561 291 0 0 0 0 0 0 553 308939 16719
25.246625 -0.202937 -0.0221001 6.00182 60514 1.0000007 280395 102407 6 2 498420.14 9.3873904 22.1003 25.246625 225 1023822 224929 39728 292 0 0 0 0 0 0 553 308698 16719
25.253375 -0.202937 -0.021393 6.00182 60516 1.0000007 280563 102537 5 2 499552.98 9.3873904 22.1003 25.253375 207 1019979 222775 40307 293 0 0 0 0 0 0 553 308866 16757
25.26 -0.202937 -0.020699 6.00182 60517 1.0000007 281575 102936 6 2 499552.98 9.3873904 22.1003 25.26 207 1019979 222775 40307 294 0 0 0 0 0 0 553 309872 16757
25.266625 -0.202937 -0.0200051 6.00182 60519 1.0000007 281780 103091 5 2 500954.13 9.3873904 22.1003 25.266625 243 1024917 224177 40789 295 0 0 0 0 0 0 553 310114 16804
25.273375 -0.202937 -0.019298 6.00183 60520 1.0000007 281607 102887 5 2 494037.84 9.3873904 22.1003 25.273375 209 1023717 223381 40287 296 0 0 0 0 0 0 553 309916 16572
25.28 -0.202937 -0.018604 6.00183 60522 1.0000007 281590 102972 6 2 491175.92 9.3873904 22.1003 25.28 223 1021429 222995 40238 297 0 0 0 0 0 0 553 309930 16476
25.286625 -0.202937 -0.01791 6.00183 60523 1.0000007 281618 102888 5 2 496422.76 9.3873904 22.1003 25.286625 196 1022454 223391 40333 298 0 0 0 0 0 0 553 309952 16652
25.293375 -0.202937 -0.017203 6.00183 60525 1.0000007 281589 102905 6 2 496422.76 9.3873904 22.1003 25.293375 196 1022454 223391 40333 299 0 0 0 0 0 0 553 309923 16652
25.3 -0.202937 -0.016509 6.00183 60526 1.0000007 281431 102811 5 2 496512.2 9.3873904 22.1003 25.3 227 1020234 222568 40195 300 0 0 0 0 0 0 553 309768 16655