Eta  H  K  L  Epoch  Sec  ion1  Hubmon  scan_bar  Filters  Correct  Qmag  Energy  Graze  p_peak  p_total  p_del_s  p_nu_s  p_image  p_xcen  p_xsig  p_ycen  p_ysig  power  tempsp  gun_on  ion0  p_point
22.4 0.194824 -0.319816 5.99318 23479 0.5000007 142234 52487 5 2 250029.89 9.3867431 22.1003 22.4 50 523142 113484 20441 0 0 0 0 0 0 0 553 155968 8387
22.406625 0.194824 -0.319123 5.99322 23480 0.5000007 142384 52582 5 2 249940.45 9.3867431 22.1003 22.406625 52 523401 114429 20372 1 0 0 0 0 0 0 553 156117 8384
22.413375 0.194824 -0.318417 5.99326 23481 0.5000007 142298 52540 3 2 248181.57 9.3867431 22.1003 22.413375 54 523077 113740 20400 2 0 0 0 0 0 0 553 156040 8325
22.42 0.194824 -0.317724 5.9933 23482 0.5000007 142345 52547 4 2 249165.35 9.3867431 22.1003 22.42 52 524145 114498 20451 3 0 0 0 0 0 0 553 156088 8358
22.426625 0.194824 -0.317031 5.99333 23483 0.5000007 142388 52599 5 2 254501.63 9.3867431 22.1003 22.426625 52 524126 114613 20697 4 0 0 0 0 0 0 553 156122 8537
22.433375 0.194824 -0.316325 5.99337 23484 0.5000007 142279 52564 5 2 253637.09 9.3867431 22.1003 22.433375 52 522253 113664 20445 5 0 0 0 0 0 0 553 156008 8508
22.44 0.194824 -0.315632 5.99341 23485 0.5000007 142342 52586 4 2 255843.15 9.3867431 22.1003 22.44 56 524722 114222 20647 6 0 0 0 0 0 0 553 156089 8582
22.446625 0.194824 -0.314939 5.99344 23486 0.5000007 142377 52587 4 2 254352.57 9.3867431 22.1003 22.446625 59 524129 114267 20563 7 0 0 0 0 0 0 553 156114 8532
22.453375 0.194824 -0.314233 5.99348 23486 0.5000007 142389 52595 4 2 248718.18 9.3867431 22.1003 22.453375 50 524363 114300 20422 8 0 0 0 0 0 0 553 156107 8343
22.46 0.194824 -0.31354 5.99352 23487 0.5000007 142433 52672 5 2 251252.16 9.3867431 22.1003 22.46 52 524580 114188 20401 9 0 0 0 0 0 0 553 156154 8428
22.466625 0.194824 -0.312847 5.99355 23488 0.5000007 142397 52656 4 2 254918.99 9.3867431 22.1003 22.466625 53 525424 114280 20613 10 0 0 0 0 0 0 553 156126 8551
22.473375 0.194824 -0.312141 5.99359 23489 0.5000007 142488 52634 5 2 255306.54 9.3867431 22.1003 22.473375 50 525891 114285 20674 11 0 0 0 0 0 0 553 156202 8564
22.48 0.194824 -0.311447 5.99363 23490 0.5000007 142405 52668 5 2 253488.03 9.3867431 22.1003 22.48 52 524622 114405 20824 12 0 0 0 0 0 0 553 156129 8503
22.486625 0.194824 -0.310754 5.99366 23491 0.5000007 142302 52561 5 2 256349.95 9.3867431 22.1003 22.486625 52 524466 114253 20695 13 0 0 0 0 0 0 553 156052 8599
22.493375 0.194824 -0.310048 5.9937 23492 0.5000007 142419 52645 3 2 252176.32 9.3867431 22.1003 22.493375 55 526659 114681 20451 14 0 0 0 0 0 0 553 156160 8459
22.5 0.194824 -0.309355 5.99373 23493 0.5000007 142395 52658 4 2 251848.4 9.3867431 22.1003 22.5 52 524608 114380 20472 15 0 0 0 0 0 0 553 156128 8448
22.506625 0.194824 -0.308662 5.99377 23494 0.5000007 142375 52628 4 2 258287.7 9.3867431 22.1003 22.506625 53 526055 114826 20818 16 0 0 0 0 0 0 553 156105 8664
22.513375 0.194824 -0.307956 5.99381 23495 0.5000007 142368 52636 5 2 253368.79 9.3867431 22.1003 22.513375 52 526260 115052 20702 17 0 0 0 0 0 0 553 156085 8499
22.52 0.194824 -0.307263 5.99384 23496 0.5000007 142437 52674 5 2 253279.35 9.3867431 22.1003 22.52 52 527063 115117 20704 18 0 0 0 0 0 0 553 156176 8496
22.526625 0.194824 -0.30657 5.99388 23497 0.5000007 142395 52636 4 2 254918.99 9.3867431 22.1003 22.526625 56 526522 114856 20694 19 0 0 0 0 0 0 553 156116 8551
22.533375 0.194824 -0.305864 5.99391 23498 0.5000007 142356 52633 4 2 259450.35 9.3867431 22.1003 22.533375 50 526024 114712 20807 20 0 0 0 0 0 0 553 156062 8703
22.54 0.194824 -0.305171 5.99395 23499 0.5000007 142392 52665 4 2 255664.28 9.3867431 22.1003 22.54 53 526386 114745 20997 21 0 0 0 0 0 0 553 156119 8576
22.546625 0.194824 -0.304478 5.99398 23500 0.5000007 142436 52658 3 2 256737.5 9.3867431 22.1003 22.546625 50 527063 115356 20939 22 0 0 0 0 0 0 553 156159 8612
22.553375 0.194824 -0.303772 5.99402 23501 0.5000007 142349 52605 5 2 257721.28 9.3867431 22.1003 22.553375 50 526613 115695 20889 23 0 0 0 0 0 0 553 156066 8645
22.56 0.194824 -0.303079 5.99405 23502 0.5000007 142284 52589 5 2 254114.08 9.3867431 22.1003 22.56 51 526657 115366 20613 24 0 0 0 0 0 0 553 156013 8524
22.566625 0.194824 -0.302385 5.99409 23503 0.5000007 142372 52607 4 2 253338.98 9.3867431 22.1003 22.566625 49 527347 115661 20749 25 0 0 0 0 0 0 553 156100 8498
22.573375 0.194824 -0.301679 5.99413 23504 0.5000007 142249 52515 4 2 255813.34 9.3867431 22.1003 22.573375 53 526614 114603 20773 26 0 0 0 0 0 0 553 155978 8581
22.58 0.194824 -0.300986 5.99416 23505 0.5000007 142356 52641 3 2 258466.57 9.3867431 22.1003 22.58 50 527045 115082 20721 27 0 0 0 0 0 0 553 156092 8670
22.586625 0.194824 -0.300293 5.99419 23506 0.5000007 142311 52581 4 2 255634.47 9.3867431 22.1003 22.586625 54 525674 114330 20762 28 0 0 0 0 0 0 553 156024 8575
22.593375 0.194824 -0.299587 5.99423 23507 0.5000007 142268 52552 4 2 253607.28 9.3867431 22.1003 22.593375 51 527984 115109 20608 29 0 0 0 0 0 0 553 155998 8507
22.6 0.194824 -0.298894 5.99426 23508 0.5000007 142336 52595 3 2 254173.7 9.3867431 22.1003 22.6 53 528085 115267 20831 30 0 0 0 0 0 0 553 156072 8526
22.606625 0.194824 -0.298201 5.9943 23509 0.5000007 142238 52554 5 2 254769.93 9.3867431 22.1003 22.606625 57 527279 115538 20747 31 0 0 0 0 0 0 553 155945 8546
22.613375 0.194824 -0.297495 5.99433 23510 0.5000007 142230 52532 4 2 256677.88 9.3867431 22.1003 22.613375 51 527361 115505 20969 32 0 0 0 0 0 0 553 155965 8610
22.62 0.194824 -0.296801 5.99437 23511 0.5000007 142236 52493 4 2 254263.14 9.3867431 22.1003 22.62 49 528123 115722 20677 33 0 0 0 0 0 0 553 155959 8529
22.626625 0.194824 -0.296108 5.9944 23512 0.5000007 142273 52502 5 2 250864.61 9.3867431 22.1003 22.626625 50 528262 115687 20599 34 0 0 0 0 0 0 553 156004 8415
22.633375 0.194824 -0.295402 5.99444 23513 0.5000007 142251 52549 4 2 257959.77 9.3867431 22.1003 22.633375 49 529887 115725 20859 35 0 0 0 0 0 0 553 155985 8653
22.64 0.194824 -0.294709 5.99447 23514 0.5000007 142175 52530 5 2 255664.28 9.3867431 22.1003 22.64 53 528534 115605 20824 36 0 0 0 0 0 0 553 155912 8576
22.646625 0.194824 -0.294016 5.99451 23515 0.5000007 142257 52563 4 2 258913.75 9.3867431 22.1003 22.646625 49 529424 115685 20958 37 0 0 0 0 0 0 553 155983 8685
22.653375 0.194824 -0.29331 5.99454 23516 0.5000007 142141 52500 5 2 256856.75 9.3867431 22.1003 22.653375 53 529978 115747 20793 38 0 0 0 0 0 0 553 155853 8616
22.66 0.194824 -0.292616 5.99457 23517 0.5000007 142272 52548 5 2 258347.33 9.3867431 22.1003 22.66 52 529558 115883 21022 39 0 0 0 0 0 0 553 156022 8666
22.666625 0.194824 -0.291923 5.99461 23518 0.5000007 142181 52484 4 2 258406.95 9.3867431 22.1003 22.666625 49 530413 116394 21008 40 0 0 0 0 0 0 553 155921 8668
22.673375 0.194824 -0.291217 5.99464 23519 0.5000007 142106 52428 4 2 260195.64 9.3867431 22.1003 22.673375 52 528591 115628 20974 41 0 0 0 0 0 0 553 155858 8728
22.68 0.194824 -0.290524 5.99468 23520 0.5000007 142035 52423 4 2 263057.56 9.3867431 22.1003 22.68 52 530338 116077 21077 42 0 0 0 0 0 0 553 155777 8824
22.686625 0.194824 -0.289831 5.99471 23521 0.5000007 142191 52517 5 2 254918.99 9.3867431 22.1003 22.686625 53 531488 116608 20907 43 0 0 0 0 0 0 553 155920 8551
22.693375 0.194824 -0.289125 5.99474 23522 0.5000007 142098 52395 3 2 257333.73 9.3867431 22.1003 22.693375 53 530700 116643 20764 44 0 0 0 0 0 0 553 155845 8632
22.7 0.194824 -0.288431 5.99478 23523 0.5000007 142026 52354 4 2 257333.73 9.3867431 22.1003 22.7 49 530393 116033 21171 45 0 0 0 0 0 0 553 155753 8632
22.706625 0.194824 -0.287738 5.99481 23524 0.5000007 142116 52434 4 2 264756.82 9.3867431 22.1003 22.706625 54 531901 116566 21035 46 0 0 0 0 0 0 553 155842 8881
22.713375 0.194824 -0.287032 5.99484 23525 0.5000007 142091 52400 3 2 260911.12 9.3867431 22.1003 22.713375 48 529922 115979 21127 47 0 0 0 0 0 0 553 155830 8752
22.72 0.194824 -0.286339 5.99488 23526 0.5000007 142013 52367 5 2 260911.12 9.3867431 22.1003 22.72 51 532265 116387 20937 48 0 0 0 0 0 0 553 155738 8752
22.726625 0.194824 -0.285646 5.99491 23527 0.5000007 142033 52382 5 2 259152.24 9.3867431 22.1003 22.726625 50 532265 116777 20943 49 0 0 0 0 0 0 553 155772 8693
22.733375 0.194824 -0.284939 5.99494 23528 0.5000007 142099 52426 4 2 258436.76 9.3867431 22.1003 22.733375 55 531861 116823 21199 50 0 0 0 0 0 0 553 155825 8669
22.74 0.194824 -0.284246 5.99498 23529 0.5000007 142018 52360 4 2 257602.04 9.3867431 22.1003 22.74 51 533050 117170 21029 51 0 0 0 0 0 0 553 155746 8641
22.746625 0.194824 -0.283553 5.99501 23530 0.5000007 141923 52346 4 2 259062.8 9.3867431 22.1003 22.746625 51 532575 117472 21137 52 0 0 0 0 0 0 553 155676 8690
22.753375 0.194824 -0.282847 5.99504 23531 0.5000007 141942 52276 4 2 262282.46 9.3867431 22.1003 22.753375 51 533071 117778 21204 53 0 0 0 0 0 0 553 155671 8798
22.76 0.194824 -0.282154 5.99508 23532 0.5000007 141907 52260 3 2 261805.47 9.3867431 22.1003 22.76 50 533274 117648 21231 54 0 0 0 0 0 0 553 155633 8782
22.766625 0.194824 -0.28146 5.99511 23533 0.5000007 141940 52312 5 2 264279.83 9.3867431 22.1003 22.766625 53 532421 116984 21216 55 0 0 0 0 0 0 553 155671 8865
22.773375 0.194824 -0.280754 5.99514 23534 0.5000007 141840 52229 4 2 262640.2 9.3867431 22.1003 22.773375 52 532518 117202 21244 56 0 0 0 0 0 0 553 155576 8810
22.78 0.194824 -0.280061 5.99517 23535 0.5000007 141892 52283 4 2 262520.95 9.3867431 22.1003 22.78 51 534154 117275 21142 57 0 0 0 0 0 0 553 155642 8806
22.786625 0.194824 -0.279368 5.99521 23536 0.5000007 141901 52272 4 2 262222.83 9.3867431 22.1003 22.786625 49 533172 117387 21248 58 0 0 0 0 0 0 553 155647 8796
22.793375 0.194824 -0.278661 5.99524 23537 0.5000007 141819 52229 4 2 261954.53 9.3867431 22.1003 22.793375 51 535649 118149 21455 59 0 0 0 0 0 0 553 155553 8787
22.8 0.194824 -0.277968 5.99527 23538 0.5000007 141886 52258 4 2 266634.95 9.3867431 22.1003 22.8 53 534008 117699 21576 60 0 0 0 0 0 0 553 155618 8944
22.806625 0.194824 -0.277275 5.9953 23539 0.5000007 141844 52248 5 2 262848.88 9.3867431 22.1003 22.806625 49 535368 118584 21532 61 0 0 0 0 0 0 553 155592 8817
22.813375 0.194824 -0.276569 5.99534 23540 0.5000007 141825 52202 4 2 259957.15 9.3867431 22.1003 22.813375 53 536613 118194 21281 62 0 0 0 0 0 0 553 155570 8720
22.82 0.194824 -0.275875 5.99537 23541 0.5000007 141839 52227 5 2 262342.08 9.3867431 22.1003 22.82 57 535880 118323 21244 63 0 0 0 0 0 0 553 155581 8800
22.826625 0.194824 -0.275182 5.9954 23542 0.5000007 141753 52152 5 2 268125.53 9.3867431 22.1003 22.826625 52 536042 117868 21604 64 0 0 0 0 0 0 553 155475 8994
22.833375 0.194824 -0.274476 5.99543 23542 0.5000007 141844 52242 5 2 267290.81 9.3867431 22.1003 22.833375 49 537022 118144 21420 65 0 0 0 0 0 0 553 155581 8966
22.84 0.194824 -0.273783 5.99546 23543 0.5000007 141844 52225 3 2 267350.43 9.3867431 22.1003 22.84 52 537545 119261 21573 66 0 0 0 0 0 0 553 155599 8968
22.846625 0.194824 -0.273089 5.9955 23544 0.5000007 141785 52203 4 2 262371.89 9.3867431 22.1003 22.846625 49 537142 118370 21371 67 0 0 0 0 0 0 553 155533 8801
22.853375 0.194824 -0.272383 5.99553 23545 0.5000007 141754 52158 5 2 264816.44 9.3867431 22.1003 22.853375 52 537873 118878 21609 68 0 0 0 0 0 0 553 155493 8883
22.86 0.194824 -0.27169 5.99556 23546 0.5000007 141906 52260 4 2 269645.92 9.3867431 22.1003 22.86 51 538852 119384 21742 69 0 0 0 0 0 0 553 155640 9045
22.866625 0.194824 -0.270996 5.99559 23547 0.5000007 141735 52171 4 2 272776.14 9.3867431 22.1003 22.866625 51 538429 119660 21738 70 0 0 0 0 0 0 553 155458 9150
22.873375 0.194824 -0.27029 5.99562 23549 0.5000007 141830 52214 4 2 262789.25 9.3867431 22.1003 22.873375 55 539210 118920 21664 71 0 0 0 0 0 0 553 155578 8815
22.88 0.194824 -0.269597 5.99565 23549 0.5000007 141776 52171 5 2 269496.86 9.3867431 22.1003 22.88 50 539008 120082 21837 72 0 0 0 0 0 0 553 155519 9040
22.886625 0.194824 -0.268904 5.99569 23550 0.5000007 141689 52108 5 2 264876.07 9.3867431 22.1003 22.886625 52 540727 120581 21571 73 0 0 0 0 0 0 553 155426 8885
22.893375 0.194824 -0.268197 5.99572 23551 0.5000007 141675 52160 4 2 267380.24 9.3867431 22.1003 22.893375 52 539987 119871 21975 74 0 0 0 0 0 0 553 155404 8969
22.9 0.194824 -0.267504 5.99575 23552 0.5000007 141722 52096 4 2 270570.08 9.3867431 22.1003 22.9 50 541337 120154 21833 75 0 0 0 0 0 0 553 155463 9076
22.906625 0.194824 -0.266811 5.99578 23553 0.5000007 141632 52078 4 2 271553.86 9.3867431 22.1003 22.906625 49 541760 120629 22127 76 0 0 0 0 0 0 553 155377 9109
22.913375 0.194824 -0.266104 5.99581 23554 0.5000007 141770 52185 5 2 269288.18 9.3867431 22.1003 22.913375 51 542182 120774 22007 77 0 0 0 0 0 0 553 155515 9033
22.92 0.194824 -0.265411 5.99584 23555 0.5000007 142297 52366 5 2 275906.36 9.3867431 22.1003 22.92 52 546476 122073 22267 78 0 0 0 0 0 0 553 156038 9255
22.926625 0.194824 -0.264718 5.99587 23556 0.5000007 142315 52365 4 2 272537.65 9.3867431 22.1003 22.926625 53 546869 122307 22283 79 0 0 0 0 0 0 553 156044 9142
22.933375 0.194824 -0.264011 5.9959 23557 0.5000007 142322 52351 5 2 276651.65 9.3867431 22.1003 22.933375 51 546901 121955 22142 80 0 0 0 0 0 0 553 156055 9280
22.94 0.194824 -0.263318 5.99593 23558 0.5000007 142324 52423 5 2 278499.97 9.3867431 22.1003 22.94 55 547340 123262 22380 81 0 0 0 0 0 0 553 156047 9342
22.946625 0.194824 -0.262625 5.99596 23559 0.5000007 142235 52331 4 2 278112.42 9.3867431 22.1003 22.946625 53 549436 123020 22447 82 0 0 0 0 0 0 553 155977 9329
22.953375 0.194824 -0.261918 5.99599 23560 0.5000007 142232 52317 4 2 275399.56 9.3867431 22.1003 22.953375 52 549785 123562 22413 83 0 0 0 0 0 0 553 155972 9238
22.96 0.194824 -0.261225 5.99602 23561 0.5000007 142281 52355 5 2 280407.91 9.3867431 22.1003 22.96 56 550284 123679 22591 84 0 0 0 0 0 0 553 156007 9406
22.966625 0.194824 -0.260532 5.99605 23562 0.5000007 142208 52302 4 2 278499.97 9.3867431 22.1003 22.966625 58 551099 124171 22867 85 0 0 0 0 0 0 553 155936 9342
22.973375 0.194824 -0.259825 5.99609 23563 0.5000007 142123 52233 4 2 277784.49 9.3867431 22.1003 22.973375 53 550694 124299 22625 86 0 0 0 0 0 0 553 155862 9318
22.98 0.194824 -0.259132 5.99612 23564 0.5000007 142249 52313 4 2 280646.4 9.3867431 22.1003 22.98 51 552966 124881 22924 87 0 0 0 0 0 0 553 155995 9414
22.986625 0.194824 -0.258439 5.99615 23565 0.5000007 142156 52271 4 2 284611.35 9.3867431 22.1003 22.986625 56 553972 125497 23182 88 0 0 0 0 0 0 553 155910 9547
22.993375 0.194824 -0.257732 5.99618 23566 0.5000007 142148 52257 4 2 285147.95 9.3867431 22.1003 22.993375 55 555513 125901 23252 89 0 0 0 0 0 0 553 155891 9565
23 0.194824 -0.257039 5.99621 23567 0.5000007 142197 52302 5 2 290156.3 9.3867431 22.1003 23 53 556609 126941 23285 90 0 0 0 0 0 0 553 155957 9733
23.006625 0.194824 -0.256346 5.99624 23568 0.5000007 142190 52293 3 2 288546.48 9.3867431 22.1003 23.006625 64 557156 127075 23388 91 0 0 0 0 0 0 553 155929 9679
23.013375 0.194824 -0.255639 5.99627 23569 0.5000007 142135 52226 4 2 287175.14 9.3867431 22.1003 23.013375 56 558698 127295 23419 92 0 0 0 0 0 0 553 155868 9633
23.02 0.194824 -0.254946 5.99629 23570 0.5000007 142114 52217 5 2 291557.45 9.3867431 22.1003 23.02 55 558340 128358 23631 93 0 0 0 0 0 0 553 155827 9780
23.026625 0.194824 -0.254253 5.99632 23571 0.5000007 142083 52200 4 2 297460.14 9.3867431 22.1003 23.026625 57 560295 128839 23970 94 0 0 0 0 0 0 553 155812 9978
23.033375 0.194824 -0.253546 5.99635 23572 0.5000007 142073 52204 5 2 294926.16 9.3867431 22.1003 23.033375 61 561831 129311 23988 95 0 0 0 0 0 0 553 155806 9893
23.04 0.194824 -0.252853 5.99638 23573 0.5000007 141995 52160 4 2 301782.83 9.3867431 22.1003 23.04 66 561373 130837 24182 96 0 0 0 0 0 0 553 155734 10123
23.046625 0.194824 -0.252159 5.99641 23574 0.5000007 142043 52180 4 2 303452.28 9.3867431 22.1003 23.046625 64 565171 132141 24574 97 0 0 0 0 0 0 553 155784 10179
23.053375 0.194824 -0.251453 5.99644 23575 0.5000007 142003 52153 4 2 300500.93 9.3867431 22.1003 23.053375 70 565230 132287 24576 98 0 0 0 0 0 0 553 155750 10080
23.06 0.194824 -0.25076 5.99647 23576 0.5000007 142000 52117 5 2 300500.93 9.3867431 22.1003 23.06 76 568519 134629 24987 99 0 0 0 0 0 0 553 155729 10080
23.066625 0.194824 -0.250066 5.9965 23577 0.5000007 141870 52056 3 2 305598.71 9.3867431 22.1003 23.066625 80 570409 135981 25234 100 0 0 0 0 0 0 553 155609 10251
23.073375 0.194824 -0.24936 5.99653 23578 0.5000007 141970 52127 5 2 310428.19 9.3867431 22.1003 23.073375 81 571779 136822 25513 101 0 0 0 0 0 0 553 155700 10413
23.08 0.194824 -0.248666 5.99656 23579 0.5000007 141895 52095 4 2 316539.57 9.3867431 22.1003 23.08 86 574036 139377 25784 102 0 0 0 0 0 0 553 155658 10618
23.086625 0.194824 -0.247973 5.99659 23580 0.5000007 141940 52066 4 2 321875.85 9.3867431 22.1003 23.086625 94 576324 141183 26054 103 0 0 0 0 0 0 553 155694 10797
23.093375 0.194824 -0.247267 5.99662 23581 0.5000007 141895 52105 4 2 321875.85 9.3867431 22.1003 23.093375 100 580309 143177 26044 104 0 0 0 0 0 0 553 155639 10797
23.1 0.194824 -0.246573 5.99664 23582 0.5000007 141911 52093 4 2 327540.05 9.3867431 22.1003 23.1 113 584478 146130 26566 105 0 0 0 0 0 0 553 155631 10987
23.106625 0.194824 -0.24588 5.99667 23583 0.5000007 141907 52131 5 2 337258.63 9.3867431 22.1003 23.106625 148 586932 149142 27371 106 0 0 0 0 0 0 553 155638 11313
23.113375 0.194824 -0.245173 5.9967 23584 0.5000007 141730 51991 4 2 345248.14 9.3867431 22.1003 23.113375 190 590596 153087 27670 107 0 0 0 0 0 0 553 155466 11581
23.12 0.194824 -0.24448 5.99673 23585 0.5000007 141817 52013 3 2 353297.27 9.3867431 22.1003 23.12 224 590596 159328 28222 108 0 0 0 0 0 0 553 155577 11851
23.126625 0.194824 -0.243787 5.99676 23586 0.5000007 141759 51948 4 2 352909.72 9.3867431 22.1003 23.126625 314 604940 165182 28593 109 0 0 0 0 0 0 553 155503 11838
23.133375 0.194824 -0.24308 5.99679 23587 0.5000007 141667 51892 4 2 365818.14 9.3867431 22.1003 23.133375 407 612519 173605 29509 110 0 0 0 0 0 0 553 155434 12271
23.14 0.194824 -0.242387 5.99682 23588 0.5000007 141768 51970 5 2 380157.52 9.3867431 22.1003 23.14 625 624709 185589 30206 111 0 0 0 0 0 0 553 155517 12752
23.146625 0.194824 -0.241693 5.99684 23589 0.5000007 141716 51947 5 2 388325.9 9.3867431 22.1003 23.146625 930 639899 199830 31458 112 0 0 0 0 0 0 553 155450 13026
23.153375 0.194824 -0.240987 5.99687 23590 0.5000007 141767 52009 4 2 394109.35 9.3867431 22.1003 23.153375 1405 659898 219991 32232 113 0 0 0 0 0 0 553 155511 13220
23.16 0.194824 -0.240293 5.9969 23591 0.5000007 141748 51972 4 2 398879.21 9.3867431 22.1003 23.16 2141 688497 248014 32994 114 0 0 0 0 0 0 553 155488 13380
23.166625 0.194824 -0.2396 5.99693 23592 0.5000007 141662 51899 4 2 414261.99 9.3867431 22.1003 23.166625 3313 724849 285853 34292 115 0 0 0 0 0 0 553 155404 13896
23.173375 0.194824 -0.238894 5.99696 23593 0.5000007 141630 51862 4 2 425322.1 9.3867431 22.1003 23.173375 5580 781718 342838 35725 116 0 0 0 0 0 0 553 155373 14267
23.18 0.194824 -0.2382 5.99698 23594 0.5000007 141564 51818 5 2 434593.5 9.3867431 22.1003 23.18 5580 858656 421746 36952 117 0 0 0 0 0 0 553 155315 14578
23.186625 0.194824 -0.237507 5.99701 23595 0.5000007 141609 51852 5 2 449052.13 9.3867431 22.1003 23.186625 15546 974828 539320 38540 118 0 0 0 0 0 0 553 155360 15063
23.193375 0.194824 -0.2368 5.99704 23596 0.5000007 141549 51806 4 2 450035.91 9.3867431 22.1003 23.193375 26270 1143909 708609 40309 119 0 0 0 0 0 0 553 155288 15096
23.2 0.194824 -0.236107 5.99707 23597 0.5000007 141555 51818 4 2 467863.25 9.3867431 22.1003 23.2 43159 1375309 940324 42893 120 0 0 0 0 0 0 553 155298 15694
23.206625 0.194824 -0.235413 5.99709 23598 0.5000007 141576 51811 4 2 475912.38 9.3867431 22.1003 23.206625 68577 1689738 1255165 45714 121 0 0 0 0 0 0 553 155327 15964
23.213375 0.194824 -0.234707 5.99712 23599 0.5000007 141563 51770 4 2 479400.34 9.3867431 22.1003 23.213375 120212 2140203 1704729 48628 122 0 0 0 0 0 0 553 155321 16081
23.22 0.194824 -0.234013 5.99715 23600 0.5000007 141450 51742 3 2 490669.12 9.3867431 22.1003 23.22 185694 2622334 2187914 52591 123 0 0 0 0 0 0 553 155208 16459
23.226625 0.194824 -0.23332 5.99718 23601 0.5000007 141412 51727 4 2 515740.68 9.3867431 22.1003 23.226625 222660 3078899 2644972 57810 124 0 0 0 0 0 0 553 155160 17300
23.233375 0.194824 -0.232613 5.9972 23602 0.5000007 141425 51695 4 2 532435.18 9.3867431 22.1003 23.233375 286364 3558559 3125377 62539 125 0 0 0 0 0 0 553 155196 17860
23.24 0.194824 -0.23192 5.99723 23603 0.5000007 141447 51720 5 2 562038.09 9.3867431 22.1003 23.24 351690 4030398 3595014 69010 126 0 0 0 0 0 0 553 155198 18853
23.246625 0.194824 -0.231227 5.99726 23604 0.5000007 141461 51709 5 2 588004 9.3867431 22.1003 23.246625 398002 4475342 4041728 76091 127 0 0 0 0 0 0 553 155220 19724
23.253375 0.194824 -0.23052 5.99728 23605 0.5000007 141419 51706 4 2 608693.25 9.3867431 22.1003 23.253375 475937 4722491 4287520 83069 128 0 0 0 0 0 0 553 155181 20418
23.26 0.194824 -0.229827 5.99731 23606 0.5000007 141425 51649 4 2 624940.57 9.3867431 22.1003 23.26 491170 4509702 4074986 87876 129 0 0 0 0 0 0 553 155189 20963
23.266625 0.194824 -0.229133 5.99734 23607 0.5000007 141324 51662 5 2 603058.86 9.3867431 22.1003 23.266625 399081 3838230 3404738 88485 130 0 0 0 0 0 0 553 155050 20229
23.273375 0.194824 -0.228427 5.99736 23608 0.5000007 141365 51635 5 2 582131.11 9.3867431 22.1003 23.273375 266112 2940884 2509037 88453 131 0 0 0 0 0 0 553 155120 19527
23.28 0.194824 -0.227733 5.99739 23608 0.5000007 141352 51650 4 2 563975.85 9.3867431 22.1003 23.28 180241 2145230 1714146 85905 132 0 0 0 0 0 0 553 155127 18918
23.286625 0.194824 -0.22704 5.99742 23609 0.5000007 141284 51591 5 2 553750.47 9.3867431 22.1003 23.286625 113128 1565095 1134206 83313 133 0 0 0 0 0 0 553 155035 18575
23.293375 0.194824 -0.226333 5.99744 23610 0.5000007 141320 51601 5 2 555032.37 9.3867431 22.1003 23.293375 60499 1203137 772232 79910 134 0 0 0 0 0 0 553 155067 18618
23.3 0.194824 -0.22564 5.99747 23611 0.5000007 141162 51508 4 2 550620.25 9.3867431 22.1003 23.3 30117 969743 539525 75359 135 0 0 0 0 0 0 553 154911 18470
23.306625 0.194824 -0.224946 5.9975 23612 0.5000007 141235 51608 4 2 543167.35 9.3867431 22.1003 23.306625 16210 826314 395790 71686 136 0 0 0 0 0 0 553 154986 18220
23.313375 0.194824 -0.22424 5.99752 23613 0.5000007 141248 51570 5 2 538695.61 9.3867431 22.1003 23.313375 7292 743158 313481 67065 137 0 0 0 0 0 0 553 154990 18070
23.32 0.194824 -0.223546 5.99755 23614 0.5000007 140931 51392 4 2 535774.08 9.3867431 22.1003 23.32 3578 696235 266978 62475 138 0 0 0 0 0 0 553 154703 17972
23.326625 0.194824 -0.222853 5.99757 23615 0.5000007 141203 51545 3 2 526115.12 9.3867431 22.1003 23.326625 1806 668252 237721 58347 139 0 0 0 0 0 0 553 154949 17648
23.333375 0.194824 -0.222146 5.9976 23616 0.5000007 141075 51428 5 2 515502.19 9.3867431 22.1003 23.333375 1187 648058 217865 54359 140 0 0 0 0 0 0 553 154821 17292
23.34 0.194824 -0.221452 5.99763 23617 0.5000007 141137 51489 5 2 511596.87 9.3867431 22.1003 23.34 773 636446 206765 51893 141 0 0 0 0 0 0 553 154893 17161
23.346625 0.194824 -0.220759 5.99765 23618 0.5000007 141262 51574 3 2 503816.04 9.3867431 22.1003 23.346625 527 628426 197405 48891 142 0 0 0 0 0 0 553 155022 16900
23.353375 0.194824 -0.220052 5.99768 23619 0.5000007 141111 51462 4 2 501580.17 9.3867431 22.1003 23.353375 395 620302 190505 46905 143 0 0 0 0 0 0 553 154881 16825
23.36 0.194824 -0.219359 5.9977 23620 0.5000007 141176 51507 4 2 500566.58 9.3867431 22.1003 23.36 307 614311 184611 44893 144 0 0 0 0 0 0 553 154949 16791
23.366625 0.194824 -0.218665 5.99773 23621 0.5000007 141096 51439 4 2 496750.69 9.3867431 22.1003 23.366625 266 610803 180844 43395 145 0 0 0 0 0 0 553 154849 16663
23.373375 0.194824 -0.217959 5.99775 23622 0.5000007 141027 51386 4 2 511656.49 9.3867431 22.1003 23.373375 222 607583 178070 43008 146 0 0 0 0 0 0 553 154768 17163
23.38 0.194824 -0.217265 5.99778 23623 0.5000007 141067 51455 5 2 503219.81 9.3867431 22.1003 23.38 175 604219 175649 41377 147 0 0 0 0 0 0 553 154833 16880
23.386625 0.194824 -0.216572 5.9978 23624 0.5000007 141061 51400 4 2 503488.11 9.3867431 22.1003 23.386625 143 603080 173062 40915 148 0 0 0 0 0 0 553 154801 16889
23.393375 0.194824 -0.215865 5.99783 23625 0.5000007 141050 51423 4 2 515949.36 9.3867431 22.1003 23.393375 131 601027 170991 40356 149 0 0 0 0 0 0 553 154810 17307
23.4 0.194824 -0.215172 5.99785 23626 0.5000007 141033 51453 5 2 523104.15 9.3867431 22.1003 23.4 119 598806 169477 39845 150 0 0 0 0 0 0 553 154781 17547
23.406625 0.194824 -0.214478 5.99788 23627 0.5000007 141053 51404 5 2 527933.62 9.3867431 22.1003 23.406625 114 598801 168956 39714 151 0 0 0 0 0 0 553 154830 17709
23.413375 0.194824 -0.213772 5.9979 23628 0.5000007 141035 51380 4 2 540394.87 9.3867431 22.1003 23.413375 108 598021 167396 39749 152 0 0 0 0 0 0 553 154779 18127
23.42 0.194824 -0.213078 5.99793 23629 0.5000007 140996 51375 4 2 561412.05 9.3867431 22.1003 23.42 104 596328 167098 40286 153 0 0 0 0 0 0 553 154764 18832
23.426625 0.194824 -0.212384 5.99795 23630 0.5000007 141092 51406 5 2 580461.66 9.3867431 22.1003 23.426625 98 597012 167710 40807 154 0 0 0 0 0 0 553 154853 19471
23.433375 0.194824 -0.211678 5.99798 23631 0.5000007 141083 51471 4 2 595874.26 9.3867431 22.1003 23.433375 110 597956 168150 41185 155 0 0 0 0 0 0 553 154827 19988
23.44 0.194824 -0.210984 5.998 23632 0.5000007 141110 51425 4 2 624105.85 9.3867431 22.1003 23.44 116 600079 168677 41666 156 0 0 0 0 0 0 553 154877 20935
23.446625 0.194824 -0.210291 5.99803 23633 0.5000007 140979 51365 5 2 642052.43 9.3867431 22.1003 23.446625 127 598990 168903 42426 157 0 0 0 0 0 0 553 154724 21537
23.453375 0.194824 -0.209584 5.99805 23634 0.5000007 141105 51387 4 2 666199.83 9.3867431 22.1003 23.453375 144 599949 169839 43609 158 0 0 0 0 0 0 553 154868 22347
23.46 0.194824 -0.208891 5.99808 23635 0.5000007 140939 51311 4 2 699827.31 9.3867431 22.1003 23.46 165 600694 171103 44709 159 0 0 0 0 0 0 553 154693 23475
23.466625 0.194824 -0.208197 5.9981 23636 0.5000007 141122 51392 4 2 739655.61 9.3867431 22.1003 23.466625 214 602943 173673 46236 160 0 0 0 0 0 0 553 154881 24811
23.473375 0.194824 -0.20749 5.99812 23637 0.5000007 141053 51399 4 2 781332.22 9.3867431 22.1003 23.473375 257 606569 175857 48386 161 0 0 0 0 0 0 553 154803 26209
23.48 0.194824 -0.206797 5.99815 23638 0.5000007 141105 51424 5 2 812097.8 9.3867431 22.1003 23.48 317 606329 176330 49477 162 0 0 0 0 0 0 553 154857 27241
23.486625 0.194824 -0.206103 5.99817 23639 0.5000007 141068 51357 4 2 840955.42 9.3867431 22.1003 23.486625 357 609616 179142 50967 163 0 0 0 0 0 0 553 154816 28209
23.493375 0.194824 -0.205397 5.9982 23640 0.5000007 141067 51374 4 2 879412.39 9.3867431 22.1003 23.493375 463 611502 180802 52799 164 0 0 0 0 0 0 553 154824 29499
23.5 0.194824 -0.204703 5.99822 23641 0.5000007 141119 51440 4 2 907643.97 9.3867431 22.1003 23.5 484 614027 183250 54256 165 0 0 0 0 0 0 553 154868 30446
23.506625 0.194824 -0.20401 5.99824 23642 0.5000007 141088 51394 5 2 933431.01 9.3867431 22.1003 23.506625 466 614343 184783 55769 166 0 0 0 0 0 0 553 154848 31311
23.513375 0.194824 -0.203303 5.99827 23643 0.5000007 141263 51539 5 2 956892.74 9.3867431 22.1003 23.513375 483 617509 186729 57302 167 0 0 0 0 0 0 553 155020 32098
23.52 0.194824 -0.202609 5.99829 23644 0.5000007 141171 51449 4 2 958800.68 9.3867431 22.1003 23.52 488 617854 187974 58084 168 0 0 0 0 0 0 553 154918 32162
23.526625 0.194824 -0.201916 5.99831 23645 0.5000007 141239 51511 4 2 981189.19 9.3867431 22.1003 23.526625 479 621030 190260 59473 169 0 0 0 0 0 0 553 154989 32913
23.533375 0.194824 -0.201209 5.99834 23646 0.5000007 141145 51457 5 2 975793.29 9.3867431 22.1003 23.533375 444 622090 191409 60389 170 0 0 0 0 0 0 553 154909 32732
23.54 0.194824 -0.200516 5.99836 23647 0.5000007 141216 51498 5 2 992666.66 9.3867431 22.1003 23.54 428 623633 193680 61983 171 0 0 0 0 0 0 553 154958 33298
23.546625 0.194824 -0.199822 5.99838 23648 0.5000007 141242 51538 4 2 971530.23 9.3867431 22.1003 23.546625 366 624662 194464 62017 172 0 0 0 0 0 0 553 155011 32589
23.553375 0.194824 -0.199115 5.99841 23649 0.5000007 141190 51494 5 2 943596.76 9.3867431 22.1003 23.553375 338 625082 196045 62218 173 0 0 0 0 0 0 553 154939 31652
23.56 0.194824 -0.198422 5.99843 23650 0.5000007 141332 51567 5 2 951288.16 9.3867431 22.1003 23.56 298 629511 199685 63843 174 0 0 0 0 0 0 553 155086 31910
23.566625 0.194824 -0.197728 5.99845 23651 0.5000007 141244 51532 4 2 942106.18 9.3867431 22.1003 23.566625 306 632615 202148 65007 175 0 0 0 0 0 0 553 154984 31602
23.573375 0.194824 -0.197021 5.99848 23652 0.5000007 141339 51597 5 2 945743.2 9.3867431 22.1003 23.573375 279 634717 204664 66255 176 0 0 0 0 0 0 553 155083 31724
23.58 0.194824 -0.196328 5.9985 23653 0.5000007 141317 51569 5 2 934295.54 9.3867431 22.1003 23.58 272 638056 207992 67050 177 0 0 0 0 0 0 553 155065 31340
23.586625 0.194824 -0.195634 5.99852 23654 0.5000007 141300 51527 4 2 934355.17 9.3867431 22.1003 23.586625 264 640097 211356 68336 178 0 0 0 0 0 0 553 155036 31342
23.593375 0.194824 -0.194928 5.99855 23654 0.5000007 141459 51703 5 2 931254.76 9.3867431 22.1003 23.593375 275 648851 217106 70019 179 0 0 0 0 0 0 553 155212 31238
23.6 0.194824 -0.194234 5.99857 23655 0.5000007 141421 51636 4 2 933699.31 9.3867431 22.1003 23.6 319 652590 222187 71906 180 0 0 0 0 0 0 553 155150 31320
23.606625 0.194824 -0.19354 5.99859 23656 0.5000007 141421 51661 4 2 927915.86 9.3867431 22.1003 23.606625 363 655778 226443 73705 181 0 0 0 0 0 0 553 155178 31126
23.613375 0.194824 -0.192834 5.99861 23657 0.5000007 141347 51650 4 2 933609.88 9.3867431 22.1003 23.613375 405 662341 232542 75771 182 0 0 0 0 0 0 553 155082 31317
23.62 0.194824 -0.19214 5.99864 23658 0.5000007 141454 51725 3 2 938230.68 9.3867431 22.1003 23.62 498 671536 240667 78134 183 0 0 0 0 0 0 553 155214 31472
23.626625 0.194824 -0.191446 5.99866 23659 0.5000007 141412 51677 4 2 947859.82 9.3867431 22.1003 23.626625 570 677384 247003 80263 184 0 0 0 0 0 0 553 155161 31795
23.633375 0.194824 -0.19074 5.99868 23660 0.5000007 141413 51669 4 2 961811.65 9.3867431 22.1003 23.633375 703 685738 256530 83264 185 0 0 0 0 0 0 553 155160 32263
23.64 0.194824 -0.190046 5.9987 23661 0.5000007 141423 51693 4 2 963719.59 9.3867431 22.1003 23.64 871 694437 265389 85283 186 0 0 0 0 0 0 553 155175 32327
23.646625 0.194824 -0.189352 5.99872 23662 0.5000007 141366 51659 5 2 978476.34 9.3867431 22.1003 23.646625 1072 705618 275468 87937 187 0 0 0 0 0 0 553 155118 32822
23.653375 0.194824 -0.188646 5.99875 23663 0.5000007 141547 51793 5 2 995737.25 9.3867431 22.1003 23.653375 1350 718845 288841 90624 188 0 0 0 0 0 0 553 155302 33401
23.66 0.194824 -0.187952 5.99877 23664 0.5000007 141520 51781 5 2 1009540 9.3867431 22.1003 23.66 1652 732625 302461 93020 189 0 0 0 0 0 0 553 155264 33864
23.666625 0.194824 -0.187259 5.99879 23665 0.5000007 141483 51756 4 2 1013683.8 9.3867431 22.1003 23.666625 1982 747268 318701 94516 190 0 0 0 0 0 0 553 155244 34003
23.673375 0.194824 -0.186552 5.99881 23666 0.5000007 141518 51771 4 2 1028142.5 9.3867431 22.1003 23.673375 2416 765343 337224 96233 191 0 0 0 0 0 0 553 155246 34488
23.68 0.194824 -0.185858 5.99883 23667 0.5000007 141458 51771 4 2 1022657.1 9.3867431 22.1003 23.68 2923 787870 358847 96504 192 0 0 0 0 0 0 553 155191 34304
23.686625 0.194824 -0.185165 5.99886 23668 0.5000007 141646 51886 5 2 1024952.6 9.3867431 22.1003 23.686625 3677 817249 387261 96849 193 0 0 0 0 0 0 553 155394 34381
23.693375 0.194824 -0.184458 5.99888 23669 0.5000007 141530 51805 4 2 1018781.6 9.3867431 22.1003 23.693375 4789 853207 423414 97799 194 0 0 0 0 0 0 553 155275 34174
23.7 0.194824 -0.183764 5.9989 23670 0.5000007 141458 51754 4 2 990609.66 9.3867431 22.1003 23.7 6647 903761 474570 97056 195 0 0 0 0 0 0 553 155197 33229
23.706625 0.194824 -0.183071 5.99892 23671 0.5000007 141614 51848 4 2 958949.74 9.3867431 22.1003 23.706625 9306 979631 549943 95591 196 0 0 0 0 0 0 553 155376 32167
23.713375 0.194824 -0.182364 5.99894 23672 0.5000007 141491 51779 4 2 936591.04 9.3867431 22.1003 23.713375 14051 1110639 681498 94731 197 0 0 0 0 0 0 553 155223 31417
23.72 0.194824 -0.18167 5.99896 23673 0.5000007 141579 51866 4 2 922877.7 9.3867431 22.1003 23.72 32721 1351354 921782 94489 198 0 0 0 0 0 0 553 155308 30957
23.726625 0.194824 -0.180976 5.99898 23674 0.5000007 141565 51829 4 2 914470.83 9.3867431 22.1003 23.726625 59746 1784381 1353895 93858 199 0 0 0 0 0 0 553 155312 30675
23.733375 0.194824 -0.18027 5.999 23675 0.5000007 142175 52069 5 2 912562.89 9.3867431 22.1003 23.733375 145395 2414406 1982464 94434 200 0 0 0 0 0 0 553 155934 30611
23.74 0.194824 -0.179576 5.99902 23676 0.5000007 142227 52184 4 2 904245.45 9.3867431 22.1003 23.74 209141 3116184 2682620 95188 201 0 0 0 0 0 0 553 155962 30332
23.746625 0.194824 -0.178882 5.99905 23677 0.5000007 142246 52165 5 2 923622.99 9.3867431 22.1003 23.746625 201397 3474810 3041743 96441 202 0 0 0 0 0 0 553 155982 30982
23.753375 0.194824 -0.178176 5.99907 23678 0.5000007 142200 52145 5 2 915901.79 9.3867431 22.1003 23.753375 153777 3488508 3054949 95980 203 0 0 0 0 0 0 553 155928 30723
23.76 0.194824 -0.177482 5.99909 23679 0.5000007 142209 52145 5 2 925083.76 9.3867431 22.1003 23.76 154926 3392722 2958550 97222 204 0 0 0 0 0 0 553 155945 31031
23.766625 0.194824 -0.176788 5.99911 23680 0.5000007 142186 52105 4 2 962974.3 9.3867431 22.1003 23.766625 291098 3617014 3183592 99272 205 0 0 0 0 0 0 553 155917 32302
23.773375 0.194824 -0.176082 5.99913 23681 0.5000007 142180 52064 4 2 1024594.9 9.3867431 22.1003 23.773375 219194 3282797 2850686 99889 206 0 0 0 0 0 0 553 155914 34369
23.78 0.194824 -0.175388 5.99915 23682 0.5000007 142289 52185 4 2 1118233.1 9.3867431 22.1003 23.78 147958 2665028 2232316 103531 207 0 0 0 0 0 0 553 156029 37510
23.786625 0.194824 -0.174694 5.99917 23683 0.5000007 142262 52166 4 2 1222633.3 9.3867431 22.1003 23.786625 139966 2268318 1836226 111393 208 0 0 0 0 0 0 553 155985 41012
23.793375 0.194824 -0.173988 5.99919 23684 0.5000007 142196 52135 5 2 1363910.5 9.3867431 22.1003 23.793375 128956 1965999 1534337 130270 209 0 0 0 0 0 0 553 155914 45751
23.8 0.194824 -0.173294 5.99921 23685 0.5000007 142300 52226 5 2 1524058.4 9.3867431 22.1003 23.8 128028 1699498 1269786 161228 210 0 0 0 0 0 0 553 156025 51123
23.806625 0.194824 -0.1726 5.99923 23686 0.5000007 142305 52231 5 2 1643811.6 9.3867431 22.1003 23.806625 121366 1465230 1035144 198954 211 0 0 0 0 0 0 553 156050 55140
23.813375 0.194824 -0.171893 5.99925 23687 0.5000007 142182 52150 5 2 1740639.7 9.3867431 22.1003 23.813375 42240 1174751 745198 225678 212 0 0 0 0 0 0 553 155924 58388
23.82 0.194824 -0.1712 5.99927 23688 0.5000007 142293 52211 5 2 1768185.6 9.3867431 22.1003 23.82 10841 1011313 580768 222003 213 0 0 0 0 0 0 553 156020 59312
23.826625 0.194824 -0.170506 5.99929 23689 0.5000007 142252 52136 5 2 1644467.5 9.3867431 22.1003 23.826625 5823 919368 490105 196936 214 0 0 0 0 0 0 553 156002 55162
23.833375 0.194824 -0.169799 5.99931 23690 0.5000007 142185 52096 5 2 1457727.6 9.3867431 22.1003 23.833375 6214 867459 437462 181962 215 0 0 0 0 0 0 553 155910 48898
23.84 0.194824 -0.169106 5.99933 23691 0.5000007 142248 52151 5 2 1255157.8 9.3867431 22.1003 23.84 7082 837133 407674 175048 216 0 0 0 0 0 0 553 155984 42103
23.846625 0.194824 -0.168412 5.99935 23692 0.5000007 142227 52153 4 2 1090210.2 9.3867431 22.1003 23.846625 6714 805316 376968 160901 217 0 0 0 0 0 0 553 155948 36570
23.853375 0.194824 -0.167705 5.99937 23693 0.5000007 142311 52228 4 2 922967.14 9.3867431 22.1003 23.853375 4661 759213 330049 128861 218 0 0 0 0 0 0 553 156032 30960
23.86 0.194824 -0.167011 5.99939 23694 0.5000007 142211 52168 4 2 795462.92 9.3867431 22.1003 23.86 2614 710891 283416 95228 219 0 0 0 0 0 0 553 155932 26683
23.866625 0.194824 -0.166318 5.99941 23695 0.5000007 142292 52248 5 2 696756.72 9.3867431 22.1003 23.866625 1301 677638 248819 71662 220 0 0 0 0 0 0 553 156023 23372
23.873375 0.194824 -0.165611 5.99943 23696 0.5000007 142304 52201 4 2 624433.77 9.3867431 22.1003 23.873375 626 653071 224881 57116 221 0 0 0 0 0 0 553 156038 20946
23.88 0.194824 -0.164917 5.99945 23697 0.5000007 142305 52228 4 2 557119.18 9.3867431 22.1003 23.88 390 636855 208363 48241 222 0 0 0 0 0 0 553 156043 18688
23.886625 0.194824 -0.164223 5.99946 23698 0.5000007 142337 52223 4 2 510434.22 9.3867431 22.1003 23.886625 376 626761 198376 42649 223 0 0 0 0 0 0 553 156057 17122
23.893375 0.194824 -0.163517 5.99948 23699 0.5000007 142302 52219 4 2 482947.92 9.3867431 22.1003 23.893375 302 616633 189461 39304 224 0 0 0 0 0 0 553 156020 16200
23.9 0.194824 -0.162823 5.9995 23700 0.5000007 142382 52250 5 2 448664.58 9.3867431 22.1003 23.9 276 612015 182337 36676 225 0 0 0 0 0 0 553 156132 15050
23.906625 0.194824 -0.162129 5.99952 23701 0.5000007 142283 52168 4 2 432268.2 9.3867431 22.1003 23.906625 238 605113 176999 34838 226 0 0 0 0 0 0 553 156011 14500
23.913375 0.194824 -0.161422 5.99954 23702 0.5000007 142302 52222 5 2 400220.73 9.3867431 22.1003 23.913375 205 598097 171479 32796 227 0 0 0 0 0 0 553 156045 13425
23.92 0.194824 -0.160729 5.99956 23703 0.5000007 142178 52149 4 2 389160.63 9.3867431 22.1003 23.92 189 592924 166383 31698 228 0 0 0 0 0 0 553 155890 13054
23.926625 0.194824 -0.160035 5.99958 23704 0.5000007 142246 52166 4 2 382274.15 9.3867431 22.1003 23.926625 171 592416 164457 30924 229 0 0 0 0 0 0 553 155961 12823
23.933375 0.194824 -0.159328 5.9996 23705 0.5000007 142195 52171 5 2 364089.07 9.3867431 22.1003 23.933375 153 587172 160244 29849 230 0 0 0 0 0 0 553 155941 12213
23.94 0.194824 -0.158635 5.99962 23706 0.5000007 142190 52096 4 2 354191.62 9.3867431 22.1003 23.94 132 584725 157929 29259 231 0 0 0 0 0 0 553 155933 11881
23.946625 0.194824 -0.157941 5.99963 23707 0.5000007 142233 52152 5 2 347484.01 9.3867431 22.1003 23.946625 139 583191 155383 28706 232 0 0 0 0 0 0 553 155964 11656
23.953375 0.194824 -0.157234 5.99965 23708 0.5000007 142293 52205 4 2 339434.88 9.3867431 22.1003 23.953375 113 578865 152844 27805 233 0 0 0 0 0 0 553 156028 11386
23.96 0.194824 -0.15654 5.99967 23709 0.5000007 142267 52239 4 2 334873.7 9.3867431 22.1003 23.96 118 578077 151604 27775 234 0 0 0 0 0 0 553 155990 11233
23.966625 0.194824 -0.155846 5.99969 23710 0.5000007 142246 52189 5 2 326138.9 9.3867431 22.1003 23.966625 110 576185 149806 27103 235 0 0 0 0 0 0 553 155970 10940
23.973375 0.194824 -0.15514 5.99971 23711 0.5000007 142137 52147 5 2 324022.28 9.3867431 22.1003 23.973375 96 572143 146733 26575 236 0 0 0 0 0 0 553 155855 10869
23.98 0.194824 -0.154446 5.99972 23712 0.5000007 142204 52136 5 2 321398.86 9.3867431 22.1003 23.98 93 570815 145396 26222 237 0 0 0 0 0 0 553 155933 10781
23.986625 0.194824 -0.153752 5.99974 23713 0.5000007 142240 52204 4 2 324439.64 9.3867431 22.1003 23.986625 85 568056 143808 26157 238 0 0 0 0 0 0 553 155955 10883
23.993375 0.194824 -0.153045 5.99976 23714 0.5000007 142197 52140 5 2 308758.74 9.3867431 22.1003 23.993375 76 567247 142681 25578 239 0 0 0 0 0 0 553 155934 10357
24 0.194824 -0.152352 5.99978 23715 0.5000007 142307 52207 5 2 312306.32 9.3867431 22.1003 24 79 566794 141671 25650 240 0 0 0 0 0 0 553 156028 10476
24.006625 0.194824 -0.151658 5.9998 23716 0.5000007 142184 52121 5 2 305837.2 9.3867431 22.1003 24.006625 75 564264 140064 25204 241 0 0 0 0 0 0 553 155908 10259
24.013375 0.194824 -0.150951 5.99981 23717 0.5000007 142242 52202 4 2 306522.87 9.3867431 22.1003 24.013375 71 562527 138812 25100 242 0 0 0 0 0 0 553 155973 10282
24.02 0.194824 -0.150257 5.99983 23718 0.5000007 142219 52187 5 2 304465.87 9.3867431 22.1003 24.02 70 562297 137468 25056 243 0 0 0 0 0 0 553 155958 10213
24.026625 0.194824 -0.149564 5.99985 23719 0.5000007 142154 52148 5 2 305896.83 9.3867431 22.1003 24.026625 66 561522 137261 24979 244 0 0 0 0 0 0 553 155877 10261
24.033375 0.194824 -0.148857 5.99987 23720 0.5000007 142083 52137 5 2 295850.32 9.3867431 22.1003 24.033375 61 559423 136033 24639 245 0 0 0 0 0 0 553 155810 9924
24.04 0.194824 -0.148163 5.99988 23721 0.5000007 142089 52107 5 2 297519.77 9.3867431 22.1003 24.04 66 559035 134756 24381 246 0 0 0 0 0 0 553 155828 9980
24.046625 0.194824 -0.147469 5.9999 23721 0.5000007 142231 52166 6 2 301007.73 9.3867431 22.1003 24.046625 60 558471 134251 24520 247 0 0 0 0 0 0 553 155966 10097
24.053375 0.194824 -0.146762 5.99992 23722 0.5000007 142174 52189 5 2 296685.04 9.3867431 22.1003 24.053375 59 556536 133175 24213 248 0 0 0 0 0 0 553 155890 9952
24.06 0.194824 -0.146069 5.99993 23723 0.5000007 142106 52124 5 2 295313.71 9.3867431 22.1003 24.06 62 554974 132150 24023 249 0 0 0 0 0 0 553 155833 9906
24.066625 0.194824 -0.145375 5.99995 23724 0.5000007 142119 52094 4 2 286400.04 9.3867431 22.1003 24.066625 58 554087 131741 23829 250 0 0 0 0 0 0 553 155856 9607
24.073375 0.194824 -0.144668 5.99997 23725 0.5000007 142085 52124 4 2 296327.3 9.3867431 22.1003 24.073375 56 553197 130840 24252 251 0 0 0 0 0 0 553 155820 9940
24.08 0.194824 -0.143974 5.99998 23726 0.5000007 142095 52096 4 2 285714.37 9.3867431 22.1003 24.08 56 553081 130465 23707 252 0 0 0 0 0 0 553 155829 9584
24.086625 0.194824 -0.14328 6 23727 0.5000007 142070 52125 4 2 288188.74 9.3867431 22.1003 24.086625 56 552140 130332 23590 253 0 0 0 0 0 0 553 155807 9667
24.093375 0.194824 -0.142574 6.00002 23728 0.5000007 142079 52120 4 2 284521.91 9.3867431 22.1003 24.093375 62 551554 128934 23361 254 0 0 0 0 0 0 553 155812 9544
24.1 0.194824 -0.14188 6.00003 23729 0.5000007 142191 52165 4 2 284223.79 9.3867431 22.1003 24.1 50 550359 128337 23082 255 0 0 0 0 0 0 553 155930 9534
24.106625 0.194824 -0.141186 6.00005 23730 0.5000007 142123 52140 5 2 286012.49 9.3867431 22.1003 24.106625 52 550072 128062 23179 256 0 0 0 0 0 0 553 155851 9594
24.113375 0.194824 -0.140479 6.00007 23731 0.5000007 142216 52198 5 2 285475.88 9.3867431 22.1003 24.113375 54 549926 128202 23335 257 0 0 0 0 0 0 553 155954 9576
24.12 0.194824 -0.139785 6.00008 23732 0.5000007 142037 52103 5 2 282136.98 9.3867431 22.1003 24.12 50 547933 127391 23063 258 0 0 0 0 0 0 553 155769 9464
24.126625 0.194824 -0.139092 6.0001 23733 0.5000007 142112 52132 4 2 282464.91 9.3867431 22.1003 24.126625 52 548203 126777 23173 259 0 0 0 0 0 0 553 155854 9475
24.133375 0.194824 -0.138385 6.00012 23734 0.5000007 142026 52107 5 2 283985.3 9.3867431 22.1003 24.133375 55 545711 126030 23040 260 0 0 0 0 0 0 553 155775 9526
24.14 0.194824 -0.137691 6.00013 23735 0.5000007 142155 52159 4 2 278678.84 9.3867431 22.1003 24.14 52 546717 125845 22706 261 0 0 0 0 0 0 553 155880 9348
24.146625 0.194824 -0.136997 6.00015 23736 0.5000007 142130 52167 5 2 282345.66 9.3867431 22.1003 24.146625 51 545179 125289 22668 262 0 0 0 0 0 0 553 155862 9471
24.153375 0.194824 -0.13629 6.00016 23737 0.5000007 142100 52126 4 2 278172.04 9.3867431 22.1003 24.153375 50 544486 125485 22710 263 0 0 0 0 0 0 553 155830 9331
24.16 0.194824 -0.135597 6.00018 23738 0.5000007 142030 52065 4 2 281004.14 9.3867431 22.1003 24.16 53 544981 124647 22750 264 0 0 0 0 0 0 553 155756 9426
24.166625 0.194824 -0.134903 6.0002 23739 0.5000007 142095 52122 5 2 275131.26 9.3867431 22.1003 24.166625 53 543458 124199 22456 265 0 0 0 0 0 0 553 155830 9229
24.173375 0.194824 -0.134196 6.00021 23740 0.5000007 142045 52088 4 2 276204.47 9.3867431 22.1003 24.173375 54 543299 123718 22287 266 0 0 0 0 0 0 553 155773 9265
24.18 0.194824 -0.133502 6.00023 23741 0.5000007 142118 52189 5 2 283329.45 9.3867431 22.1003 24.18 50 542278 123709 22585 267 0 0 0 0 0 0 553 155837 9504
24.186625 0.194824 -0.132808 6.00024 23742 0.5000007 142185 52165 3 2 277307.5 9.3867431 22.1003 24.186625 53 542990 123752 22394 268 0 0 0 0 0 0 553 155924 9302
24.193375 0.194824 -0.132101 6.00026 23743 0.5000007 142037 52071 4 2 267439.86 9.3867431 22.1003 24.193375 53 540683 122806 21962 269 0 0 0 0 0 0 553 155759 8971
24.2 0.194824 -0.131408 6.00027 23744 0.5000007 142108 52158 4 2 276293.91 9.3867431 22.1003 24.2 53 540920 122283 22317 270 0 0 0 0 0 0 553 155826 9268
24.206625 0.194824 -0.130714 6.00029 23745 0.5000007 142118 52152 5 2 268572.7 9.3867431 22.1003 24.206625 48 540181 122004 21799 271 0 0 0 0 0 0 553 155854 9009
24.213375 0.194824 -0.130007 6.0003 23746 0.5000007 142111 52171 5 2 270927.82 9.3867431 22.1003 24.213375 53 539980 121974 22092 272 0 0 0 0 0 0 553 155820 9088
24.22 0.194824 -0.129313 6.00032 23747 0.5000007 142107 52178 4 2 271822.17 9.3867431 22.1003 24.22 50 540308 121354 22080 273 0 0 0 0 0 0 553 155820 9118
24.226625 0.194824 -0.128619 6.00033 23748 0.5000007 142228 52218 4 2 273074.26 9.3867431 22.1003 24.226625 51 539692 121527 22006 274 0 0 0 0 0 0 553 155958 9160
24.233375 0.194824 -0.127912 6.00035 23749 0.5000007 142081 52124 4 2 273759.92 9.3867431 22.1003 24.233375 55 538552 121079 22025 275 0 0 0 0 0 0 553 155806 9183
24.24 0.194824 -0.127219 6.00036 23750 0.5000007 142164 52175 4 2 265710.79 9.3867431 22.1003 24.24 51 538338 120509 21590 276 0 0 0 0 0 0 553 155898 8913
24.246625 0.194824 -0.126525 6.00038 23751 0.5000007 142072 52117 5 2 266515.7 9.3867431 22.1003 24.246625 49 537035 119544 21645 277 0 0 0 0 0 0 553 155787 8940
24.253375 0.194824 -0.125818 6.00039 23752 0.5000007 142165 52167 4 2 267887.04 9.3867431 22.1003 24.253375 51 536961 120236 21843 278 0 0 0 0 0 0 553 155881 8986
24.26 0.194824 -0.125124 6.00041 23753 0.5000007 142071 52133 5 2 267678.36 9.3867431 22.1003 24.26 52 536942 119685 21730 279 0 0 0 0 0 0 553 155789 8979
24.266625 0.194824 -0.12443 6.00042 23754 0.5000007 142055 52125 4 2 266664.76 9.3867431 22.1003 24.266625 50 535950 119662 21635 280 0 0 0 0 0 0 553 155765 8945
24.273375 0.194824 -0.123723 6.00044 23755 0.5000007 142039 52092 5 2 264727.01 9.3867431 22.1003 24.273375 54 535421 119371 21645 281 0 0 0 0 0 0 553 155765 8880
24.28 0.194824 -0.123029 6.00045 23756 0.5000007 142031 52121 5 2 266575.33 9.3867431 22.1003 24.28 51 535139 119362 21519 282 0 0 0 0 0 0 553 155756 8942
24.286625 0.194824 -0.122336 6.00047 23757 0.5000007 142088 52150 4 2 270719.14 9.3867431 22.1003 24.286625 51 534511 118293 21604 283 0 0 0 0 0 0 553 155818 9081
24.293375 0.194824 -0.121629 6.00048 23758 0.5000007 142055 52115 4 2 264220.21 9.3867431 22.1003 24.293375 49 535558 119189 21326 284 0 0 0 0 0 0 553 155795 8863
24.3 0.194824 -0.120935 6.00049 23759 0.5000007 142104 52158 5 2 265472.3 9.3867431 22.1003 24.3 54 534015 118496 21583 285 0 0 0 0 0 0 553 155833 8905
24.306625 0.194824 -0.120241 6.00051 23760 0.5000007 141959 52047 5 2 266366.65 9.3867431 22.1003 24.306625 51 532949 118678 21574 286 0 0 0 0 0 0 553 155673 8935
24.313375 0.194824 -0.119534 6.00052 23761 0.5000007 141999 52085 4 2 267588.92 9.3867431 22.1003 24.313375 50 534033 118956 21565 287 0 0 0 0 0 0 553 155711 8976
24.32 0.194824 -0.11884 6.00054 23762 0.5000007 142019 52061 4 2 262043.96 9.3867431 22.1003 24.32 47 532463 118593 21448 288 0 0 0 0 0 0 553 155744 8790
24.326625 0.194824 -0.118147 6.00055 23763 0.5000007 141872 52000 5 2 265531.92 9.3867431 22.1003 24.326625 49 531246 117540 21507 289 0 0 0 0 0 0 553 155611 8907
24.333375 0.194824 -0.11744 6.00056 23764 0.5000007 141939 52060 4 2 258347.33 9.3867431 22.1003 24.333375 51 530733 117009 20977 290 0 0 0 0 0 0 553 155680 8666
24.34 0.194824 -0.116746 6.00058 23765 0.5000007 142046 52138 5 2 261745.85 9.3867431 22.1003 24.34 49 532483 117345 21334 291 0 0 0 0 0 0 553 155782 8780
24.346625 0.194824 -0.116052 6.00059 23766 0.5000007 141909 52018 5 2 258645.44 9.3867431 22.1003 24.346625 50 531028 117100 20945 292 0 0 0 0 0 0 553 155641 8676
24.353375 0.194824 -0.115345 6.0006 23767 0.5000007 141957 52077 4 2 259211.86 9.3867431 22.1003 24.353375 52 530116 116718 20905 293 0 0 0 0 0 0 553 155688 8695
24.36 0.194824 -0.114651 6.00062 23768 0.5000007 141974 52040 4 2 260046.59 9.3867431 22.1003 24.36 53 529751 117287 21052 294 0 0 0 0 0 0 553 155707 8723
24.366625 0.194824 -0.113957 6.00063 23769 0.5000007 141873 51999 4 2 254084.27 9.3867431 22.1003 24.366625 50 528282 116459 20826 295 0 0 0 0 0 0 553 155592 8523
24.373375 0.194824 -0.11325 6.00064 23770 0.5000007 141815 51951 3 2 260762.07 9.3867431 22.1003 24.373375 55 528719 116528 20981 296 0 0 0 0 0 0 553 155536 8747
24.38 0.194824 -0.112557 6.00066 23771 0.5000007 141917 52030 4 2 256528.82 9.3867431 22.1003 24.38 49 529032 116693 20792 297 0 0 0 0 0 0 553 155646 8605
24.386625 0.194824 -0.111863 6.00067 23772 0.5000007 141970 52014 4 2 252504.25 9.3867431 22.1003 24.386625 50 528207 116446 20895 298 0 0 0 0 0 0 553 155726 8470
24.393375 0.194824 -0.111156 6.00068 23773 0.5000007 141838 51978 4 2 255604.66 9.3867431 22.1003 24.393375 49 528641 116776 21131 299 0 0 0 0 0 0 553 155563 8574
24.4 0.194824 -0.110462 6.0007 23774 0.5000007 141826 51944 4 2 257572.22 9.3867431 22.1003 24.4 49 527632 116288 20875 300 0 0 0 0 0 0 553 155546 8640
